0 0.26466666666666666 0.047 0.26266666666666666 0.051 0.26266666666666666 0.0565 0.2653333333333333 0.0605 0.278 0.071 0.29333333333333333 0.069 0.30666666666666664 0.069 0.31333333333333335 0.0645 0.314 0.056 0.31133333333333335 0.0515 0.302 0.0415 0.2946666666666667 0.038 0.2906666666666667 0.037 0.284 0.0375 0.27 0.043
0 0.4226666666666667 0.0225 0.4186666666666667 0.024 0.41133333333333333 0.0365 0.4106666666666667 0.049 0.4126666666666667 0.0595 0.4226666666666667 0.066 0.444 0.065 0.44733333333333336 0.062 0.4493333333333333 0.057 0.446 0.036 0.43533333333333335 0.0245 0.43066666666666664 0.0225
0 0.4 0.0095 0.3873333333333333 0.0055 0.38 0.005 0.372 0.006 0.3606666666666667 0.0125 0.356 0.0255 0.3586666666666667 0.038 0.3626666666666667 0.0425 0.36666666666666664 0.044 0.37466666666666665 0.0435 0.404 0.0375 0.4073333333333333 0.035 0.41 0.031 0.4093333333333333 0.0195 0.4046666666666667 0.0125
0 0.4 0.046 0.3893333333333333 0.044 0.374 0.0445 0.36466666666666664 0.0465 0.36 0.05 0.358 0.056 0.358 0.065 0.36133333333333334 0.0745 0.36666666666666664 0.0795 0.37066666666666664 0.081 0.37733333333333335 0.08 0.392 0.081 0.4046666666666667 0.075 0.4086666666666667 0.067 0.408 0.0545 0.4053333333333333 0.049
0 0.216 0.144 0.21266666666666667 0.149 0.212 0.1545 0.21666666666666667 0.164 0.23133333333333334 0.1685 0.256 0.172 0.26266666666666666 0.172 0.26866666666666666 0.169 0.27266666666666667 0.158 0.2713333333333333 0.147 0.26666666666666666 0.141 0.25866666666666666 0.1365 0.25 0.135 0.24133333333333334 0.1355 0.22133333333333333 0.141
0 0.31133333333333335 0.121 0.29533333333333334 0.1145 0.284 0.114 0.2813333333333333 0.115 0.276 0.121 0.2693333333333333 0.136 0.27 0.143 0.27466666666666667 0.1505 0.282 0.151 0.29733333333333334 0.149 0.304 0.1465 0.31333333333333335 0.1405 0.31666666666666665 0.133 0.31533333333333335 0.1265
0 0.21066666666666667 0.1035 0.20933333333333334 0.108 0.21466666666666667 0.1155 0.22133333333333333 0.1195 0.24133333333333334 0.1275 0.25066666666666665 0.1295 0.26066666666666666 0.1295 0.266 0.1275 0.272 0.1215 0.27266666666666667 0.1065 0.2713333333333333 0.1015 0.26266666666666666 0.0965 0.25866666666666666 0.0955 0.23866666666666667 0.095 0.21866666666666668 0.099
0 0.30533333333333335 0.0705 0.29 0.071 0.2786666666666667 0.075 0.27666666666666667 0.0805 0.2713333333333333 0.087 0.27066666666666667 0.0925 0.27266666666666667 0.0975 0.286 0.1075 0.294 0.109 0.304 0.1085 0.31133333333333335 0.106 0.31533333333333335 0.1005 0.31666666666666665 0.0965 0.31533333333333335 0.08 0.312 0.0735
0 0.24733333333333332 0.0545 0.23933333333333334 0.0605 0.23666666666666666 0.066 0.226 0.0765 0.226 0.0845 0.23066666666666666 0.089 0.24 0.0935 0.24666666666666667 0.0945 0.26 0.094 0.2633333333333333 0.093 0.2713333333333333 0.086 0.276 0.0765 0.276 0.072 0.272 0.066 0.26466666666666666 0.061 0.25866666666666666 0.0585 0.25333333333333335 0.0545
0 0.24133333333333334 0.012 0.232 0.0155 0.226 0.02 0.21933333333333332 0.0285 0.21933333333333332 0.0355 0.22533333333333333 0.0425 0.23466666666666666 0.0495 0.24266666666666667 0.052 0.25266666666666665 0.052 0.26066666666666666 0.0485 0.26866666666666666 0.0415 0.27066666666666667 0.033 0.26 0.0195 0.25466666666666665 0.0155 0.24666666666666667 0.0125
0 0.19333333333333333 0.036 0.18866666666666668 0.0395 0.18466666666666667 0.045 0.182 0.054 0.18333333333333332 0.0615 0.19333333333333333 0.0675 0.2 0.075 0.204 0.0765 0.21533333333333332 0.0765 0.226 0.074 0.23266666666666666 0.069 0.238 0.061 0.23733333333333334 0.056 0.234 0.0535 0.22933333333333333 0.0455 0.22066666666666668 0.039 0.212 0.0355 0.198 0.035
0 0.16066666666666668 0.062 0.15466666666666667 0.068 0.152 0.0745 0.15133333333333332 0.088 0.15466666666666667 0.092 0.16466666666666666 0.0965 0.19066666666666668 0.097 0.20533333333333334 0.0885 0.20533333333333334 0.0835 0.20266666666666666 0.0775 0.198 0.0755 0.19533333333333333 0.071 0.188 0.0645 0.17466666666666666 0.0605 0.16666666666666666 0.0605
0 0.16866666666666666 0.098 0.16333333333333333 0.103 0.158 0.115 0.15866666666666668 0.124 0.16733333333333333 0.1315 0.17933333333333334 0.137 0.186 0.1385 0.19266666666666668 0.1385 0.20066666666666666 0.1365 0.20866666666666667 0.1305 0.21066666666666667 0.1275 0.21 0.1185 0.20666666666666667 0.111 0.198 0.103 0.192 0.1015 0.186 0.098
0 0.10533333333333333 0.145 0.10533333333333333 0.1475 0.10733333333333334 0.15 0.118 0.158 0.13133333333333333 0.1625 0.16066666666666668 0.163 0.164 0.162 0.17 0.156 0.17066666666666666 0.1435 0.16866666666666666 0.137 0.16466666666666666 0.1325 0.154 0.1285 0.14266666666666666 0.128 0.12866666666666668 0.13 0.11866666666666667 0.1345
0 0.066 0.118 0.06266666666666666 0.124 0.062 0.133 0.06866666666666667 0.139 0.07666666666666666 0.1425 0.08733333333333333 0.144 0.10466666666666667 0.143 0.11 0.1405 0.116 0.133 0.11733333333333333 0.123 0.11266666666666666 0.1165 0.10333333333333333 0.1105 0.09733333333333333 0.109 0.08133333333333333 0.1105 0.07 0.115
0 0.01 0.2035 0.0 0.2035 0.0 0.236 0.0026666666666666666 0.236 0.008 0.2315 0.016666666666666666 0.22 0.018 0.2135 0.017333333333333333 0.2085
0 0.018666666666666668 0.1615 0.008666666666666666 0.1615 0.0026666666666666666 0.165 0.0 0.165 0.0 0.203 0.008666666666666666 0.204 0.017333333333333333 0.2015 0.025333333333333333 0.198 0.034666666666666665 0.19 0.035333333333333335 0.1775 0.03266666666666666 0.1695 0.028 0.1655
0 0.0 0.139 0.0 0.165 0.0026666666666666666 0.165 0.007333333333333333 0.1625 0.014666666666666666 0.161 0.016 0.1575 0.008 0.1435 0.0026666666666666666 0.139
0 0.14466666666666667 0.087 0.13266666666666665 0.085 0.122 0.0875 0.11666666666666667 0.09 0.10933333333333334 0.098 0.108 0.1105 0.11666666666666667 0.1195 0.118 0.1225 0.12133333333333333 0.1245 0.12933333333333333 0.1245 0.144 0.122 0.154 0.1175 0.15933333333333333 0.1115 0.16066666666666668 0.1015 0.158 0.0955
0 0.15333333333333332 0.0645 0.14533333333333334 0.06 0.12333333333333334 0.053 0.10066666666666667 0.056 0.096 0.0585 0.094 0.0625 0.094 0.073 0.096 0.081 0.10533333333333333 0.088 0.11466666666666667 0.0885 0.12466666666666666 0.0855 0.13533333333333333 0.08 0.14533333333333334 0.0775 0.15266666666666667 0.0685
0 0.178 0.031 0.16933333333333334 0.025 0.16533333333333333 0.024 0.15666666666666668 0.025 0.146 0.029 0.13266666666666665 0.036 0.13066666666666665 0.042 0.128 0.0445 0.12933333333333333 0.053 0.13866666666666666 0.057 0.15333333333333332 0.061 0.16133333333333333 0.061 0.17466666666666666 0.0585 0.18 0.054 0.18333333333333332 0.046 0.182 0.0375
0 0.17666666666666667 0.0 0.174 0.0045 0.17533333333333334 0.018 0.17733333333333334 0.0235 0.18266666666666667 0.0295 0.19066666666666668 0.032 0.202 0.032 0.21133333333333335 0.03 0.21933333333333332 0.026 0.22333333333333333 0.0215 0.22333333333333333 0.013 0.21866666666666668 0.0055 0.21133333333333335 0.002 0.21066666666666667 0.0
0 0.11933333333333333 0.0 0.11933333333333333 0.0125 0.12333333333333334 0.0215 0.13666666666666666 0.0305 0.14333333333333334 0.0295 0.15 0.026 0.16066666666666668 0.023 0.16866666666666666 0.0145 0.17133333333333334 0.006 0.17066666666666666 0.0
0 0.12466666666666666 0.0245 0.11466666666666667 0.0225 0.104 0.0225 0.09733333333333333 0.0245 0.08333333333333333 0.025 0.08066666666666666 0.026 0.07933333333333334 0.0315 0.082 0.049 0.08866666666666667 0.053 0.096 0.055 0.11333333333333333 0.053 0.11866666666666667 0.0505 0.128 0.043 0.13133333333333333 0.0355 0.13066666666666665 0.0305 0.12733333333333333 0.0285
0 0.050666666666666665 0.017 0.04466666666666667 0.019 0.03666666666666667 0.024 0.03333333333333333 0.0325 0.03333333333333333 0.046 0.04066666666666666 0.056 0.04666666666666667 0.06 0.06 0.0635 0.06933333333333333 0.0625 0.076 0.0585 0.08 0.0515 0.08066666666666666 0.047 0.07866666666666666 0.0315 0.072 0.024 0.066 0.02 0.06 0.0175
0 0.06066666666666667 0.066 0.05266666666666667 0.0685 0.046 0.075 0.043333333333333335 0.0815 0.046 0.096 0.052 0.1035 0.059333333333333335 0.108 0.06333333333333334 0.109 0.07666666666666666 0.1085 0.08533333333333333 0.1045 0.092 0.095 0.094 0.089 0.094 0.078 0.092 0.0745 0.084 0.0685 0.07733333333333334 0.066
0 0.037333333333333336 0.055 0.028666666666666667 0.0525 0.02266666666666667 0.0525 0.0 0.0575 0.0 0.091 0.008 0.0915 0.018666666666666668 0.089 0.032 0.0845 0.04133333333333333 0.078 0.043333333333333335 0.0715 0.042666666666666665 0.061
0 0.018 0.0185 0.007333333333333333 0.019 0.0 0.0215 0.0 0.055 0.01 0.0545 0.024666666666666667 0.051 0.030666666666666665 0.046 0.032 0.0415 0.032 0.0285 0.028666666666666667 0.024
0 0.0 0.0 0.0 0.006 0.002 0.006 0.016666666666666666 0.017 0.03133333333333333 0.0215 0.035333333333333335 0.0215 0.04666666666666667 0.0165 0.052 0.012 0.056 0.006 0.05533333333333333 0.0
0 0.06 0.0 0.06 0.0075 0.06266666666666666 0.013 0.08066666666666666 0.022 0.09666666666666666 0.0225 0.10333333333333333 0.019 0.10733333333333334 0.0135 0.10866666666666666 0.0
0 0.268 0.1745 0.266 0.177 0.26666666666666666 0.194 0.268 0.199 0.2733333333333333 0.205 0.2833333333333333 0.208 0.298 0.2085 0.304 0.207 0.31 0.203 0.31533333333333335 0.1975 0.318 0.192 0.318 0.1855 0.312 0.1785 0.30133333333333334 0.175 0.2853333333333333 0.1725 0.2733333333333333 0.173
0 0.302 0.1495 0.29733333333333334 0.1575 0.298 0.164 0.30266666666666664 0.1705 0.31333333333333335 0.1765 0.32666666666666666 0.1805 0.342 0.181 0.35133333333333333 0.178 0.3546666666666667 0.1755 0.358 0.1705 0.35933333333333334 0.1595 0.358 0.1555 0.352 0.15 0.34 0.146 0.32866666666666666 0.145 0.312 0.1455
0 0.35933333333333334 0.1035 0.352 0.102 0.3446666666666667 0.105 0.32866666666666666 0.1035 0.32466666666666666 0.1045 0.31466666666666665 0.1105 0.31733333333333336 0.1165 0.31866666666666665 0.127 0.32133333333333336 0.131 0.328 0.136 0.3353333333333333 0.1385 0.3506666666666667 0.1385 0.358 0.1365 0.3626666666666667 0.133 0.366 0.1275 0.36866666666666664 0.114 0.366 0.1085
0 0.3273333333333333 0.06 0.318 0.0655 0.31666666666666665 0.069 0.31933333333333336 0.092 0.322 0.097 0.3273333333333333 0.1015 0.33866666666666667 0.1045 0.3453333333333333 0.1045 0.35133333333333333 0.1015 0.362 0.0845 0.362 0.077 0.3566666666666667 0.0655 0.352 0.061 0.342 0.0585
0 0.338 0.0195 0.328 0.0205 0.31933333333333336 0.031 0.31266666666666665 0.0355 0.30866666666666664 0.041 0.30866666666666664 0.045 0.314 0.054 0.31733333333333336 0.0565 0.324 0.0585 0.33066666666666666 0.059 0.3413333333333333 0.0575 0.3506666666666667 0.051 0.35533333333333333 0.0455 0.356 0.034 0.3546666666666667 0.029 0.352 0.0255 0.3473333333333333 0.0225
0 0.23733333333333334 0.0 0.23933333333333334 0.0055 0.24666666666666667 0.0115 0.25933333333333336 0.0155 0.2693333333333333 0.014 0.2806666666666667 0.0025 0.2806666666666667 0.0
0 0.286 0.0 0.324 0.0 0.328 0.008 0.3273333333333333 0.018 0.326 0.022 0.31866666666666665 0.0305 0.31066666666666665 0.034 0.29733333333333334 0.035 0.2833333333333333 0.0325 0.2786666666666667 0.03 0.276 0.026 0.27466666666666667 0.0125 0.276 0.0095 0.2828 0.0015
0 0.4046666666666667 0.01 0.4086666666666667 0.0155 0.4186666666666667 0.022 0.4226666666666667 0.021 0.42933333333333334 0.021 0.434 0.0225 0.44266666666666665 0.022 0.45266666666666666 0.0165 0.45866666666666667 0.0105 0.46066666666666667 0.006 0.46066666666666667 0.0 0.406 0.0
0 0.482 0.0055 0.4706666666666667 0.003 0.464 0.004 0.4613333333333333 0.006 0.44666666666666666 0.026 0.446 0.033 0.45 0.039 0.4553333333333333 0.039 0.4666666666666667 0.035 0.478 0.034 0.48533333333333334 0.0305 0.48933333333333334 0.0255 0.49066666666666664 0.0175 0.4866666666666667 0.0095
0 0.5286666666666666 0.0145 0.5086666666666667 0.01105 0.4978666666666666 0.01375 0.49373333333333336 0.0166 0.486 0.03 0.4846666666666667 0.0375 0.492 0.0455 0.49733333333333335 0.049 0.49933333333333335 0.0545 0.504 0.057 0.5093333333333333 0.0575 0.5153333333333333 0.0555 0.5206666666666667 0.051 0.5306666666666666 0.037 0.5346666666666666 0.0245 0.534 0.021
0 0.49866666666666665 0.0 0.49866666666666665 0.0025 0.506 0.0085 0.5253333333333333 0.013 0.5313333333333333 0.013 0.536 0.0115 0.542 0.0065 0.544 0.0
0 0.546 0.0 0.546 0.0115 0.552 0.0235 0.5693333333333334 0.032 0.5786666666666667 0.0305 0.5873333333333334 0.02 0.5946666666666667 0.0135 0.5946666666666667 0.0
0 0.6173333333333333 0.0065 0.62 0.0135 0.624 0.018 0.632 0.0235 0.6426666666666667 0.025 0.6506666666666666 0.0245 0.6606666666666666 0.0215 0.6646666666666666 0.018 0.6666666666666666 0.0135 0.6733333333333333 0.006 0.674 0.0 0.6206666666666667 0.0
0 0.6626666666666666 0.0225 0.6513333333333333 0.0255 0.6466666666666666 0.0295 0.6453333333333333 0.0345 0.6493333333333333 0.0435 0.648 0.0535 0.6493333333333333 0.057 0.654 0.062 0.6633333333333333 0.0645 0.6746666666666666 0.064 0.6853333333333333 0.059 0.6906666666666667 0.053 0.692 0.0495 0.692 0.0375 0.688 0.0305 0.6806666666666666 0.0255 0.674 0.0235
0 0.59 0.0185 0.5833333333333334 0.0255 0.5813333333333334 0.031 0.582 0.04 0.584 0.0435 0.588 0.0465 0.612 0.0535 0.62 0.0545 0.636 0.054 0.644 0.0515 0.6453333333333333 0.0495 0.6446666666666667 0.0425 0.64 0.0335 0.6333333333333333 0.026 0.6193333333333333 0.015 0.6113333333333333 0.012 0.6013333333333334 0.012 0.5953333333333334 0.0145
0 0.5433333333333333 0.026 0.5346666666666666 0.03 0.5313333333333333 0.038 0.5226666666666666 0.048 0.5226666666666666 0.053 0.528 0.0585 0.5366666666666666 0.06 0.544 0.064 0.5506666666666666 0.064 0.5613333333333334 0.061 0.5726666666666667 0.053 0.5746666666666667 0.049 0.5746666666666667 0.041 0.5726666666666667 0.036 0.5673333333333334 0.032 0.5506666666666666 0.026
0 0.45666666666666667 0.0405 0.45066666666666666 0.0445 0.45 0.065 0.4693333333333333 0.0805 0.4826666666666667 0.084 0.49133333333333334 0.084 0.49733333333333335 0.078 0.5026666666666667 0.069 0.502 0.059 0.49733333333333335 0.051 0.49 0.043 0.4846666666666667 0.0395 0.4706666666666667 0.0375
0 0.5173333333333333 0.0615 0.504 0.0685 0.5006666666666667 0.0725 0.49866666666666665 0.0805 0.5073333333333333 0.091 0.5173333333333333 0.098 0.5266666666666666 0.101 0.5413333333333333 0.1015 0.5433333333333333 0.1 0.5453333333333333 0.094 0.5486666666666666 0.0915 0.552 0.086 0.55 0.077 0.5446666666666666 0.066 0.54 0.0625 0.534 0.0605
0 0.4046666666666667 0.085 0.39 0.082 0.37733333333333335 0.0815 0.372 0.082 0.36666666666666664 0.084 0.3606666666666667 0.088 0.3586666666666667 0.091 0.3586666666666667 0.097 0.3606666666666667 0.1025 0.374 0.116 0.37733333333333335 0.1175 0.386 0.116 0.39 0.11 0.406 0.0975 0.4093333333333333 0.092 0.4093333333333333 0.088
0 0.44733333333333336 0.0665 0.42733333333333334 0.0675 0.41933333333333334 0.0715 0.41533333333333333 0.0745 0.41333333333333333 0.078 0.412 0.0855 0.414 0.0915 0.418 0.0945 0.43733333333333335 0.1025 0.4493333333333333 0.1005 0.45466666666666666 0.095 0.464 0.09 0.4666666666666667 0.087 0.4673333333333333 0.083 0.466 0.0795 0.452 0.068
0 0.4246666666666667 0.099 0.418 0.0985 0.404 0.101 0.3993333333333333 0.103 0.3893333333333333 0.111 0.38666666666666666 0.115 0.3873333333333333 0.119 0.39066666666666666 0.1255 0.3973333333333333 0.132 0.4026666666666667 0.134 0.4146666666666667 0.136 0.42733333333333334 0.132 0.43666666666666665 0.1255 0.43933333333333335 0.116 0.43933333333333335 0.1105 0.43733333333333335 0.105 0.434 0.1025
0 0.4633333333333333 0.0915 0.456 0.0955 0.4513333333333333 0.1025 0.45 0.112 0.4553333333333333 0.124 0.4646666666666667 0.1305 0.4746666666666667 0.1325 0.4846666666666667 0.1315 0.49333333333333335 0.126 0.5 0.1185 0.5033333333333333 0.108 0.502 0.103 0.496 0.0965 0.48733333333333334 0.0925 0.4726666666666667 0.091
0 0.45266666666666666 0.126 0.43666666666666665 0.1265 0.42533333333333334 0.1335 0.418 0.136 0.41533333333333333 0.1385 0.4186666666666667 0.1555 0.42933333333333334 0.164 0.438 0.1655 0.4533333333333333 0.164 0.46066666666666667 0.16 0.4666666666666667 0.1545 0.4686666666666667 0.1445 0.468 0.137 0.46 0.129
0 0.36866666666666664 0.122 0.3606666666666667 0.1375 0.36333333333333334 0.154 0.368 0.163 0.376 0.169 0.3913333333333333 0.1685 0.404 0.1645 0.4086666666666667 0.1595 0.4086666666666667 0.1505 0.4066666666666667 0.1455 0.4 0.1385 0.39666666666666667 0.1325 0.384 0.124 0.376 0.1215
0 0.36666666666666664 0.1705 0.35933333333333334 0.1775 0.35533333333333333 0.184 0.35533333333333333 0.191 0.36 0.1975 0.36666666666666664 0.2015 0.37666666666666665 0.204 0.38866666666666666 0.204 0.4013333333333333 0.199 0.4066666666666667 0.1935 0.4073333333333333 0.1875 0.4046666666666667 0.179 0.40066666666666667 0.1745 0.39066666666666666 0.1695 0.37066666666666664 0.1695
0 0.42933333333333334 0.1645 0.424 0.1655 0.41333333333333333 0.171 0.4073333333333333 0.177 0.4073333333333333 0.1915 0.4126666666666667 0.198 0.422 0.2035 0.438 0.205 0.44466666666666665 0.203 0.45 0.198 0.4553333333333333 0.1865 0.456 0.1795 0.454 0.1755 0.44666666666666666 0.169 0.43866666666666665 0.166
0 0.4653333333333333 0.1685 0.458 0.1775 0.458 0.186 0.46266666666666667 0.195 0.4673333333333333 0.199 0.476 0.201 0.49 0.202 0.504 0.1995 0.5073333333333333 0.197 0.5146666666666667 0.1855 0.514 0.1815 0.502 0.172 0.486 0.169 0.4786666666666667 0.166
0 0.49466666666666664 0.128 0.47533333333333333 0.135 0.4686666666666667 0.1445 0.468 0.1545 0.47733333333333333 0.1645 0.486 0.1685 0.49933333333333335 0.171 0.508 0.169 0.5153333333333333 0.1625 0.52 0.155 0.52 0.148 0.518 0.1405 0.5146666666666667 0.137 0.5046666666666667 0.13
0 0.5433333333333333 0.1035 0.5346666666666666 0.102 0.524 0.1025 0.5133333333333333 0.1075 0.506 0.1145 0.5053333333333333 0.127 0.5066666666666667 0.13 0.5186666666666667 0.14 0.5226666666666666 0.147 0.5286666666666666 0.1465 0.5326666666666666 0.144 0.5413333333333333 0.1415 0.5506666666666666 0.1315 0.5566666666666666 0.127 0.558 0.119 0.556 0.115 0.5506666666666666 0.1085
0 0.646 0.0555 0.6406666666666667 0.0545 0.62 0.0555 0.6146666666666667 0.0575 0.6126666666666667 0.063 0.612 0.0765 0.6153333333333333 0.0865 0.6193333333333333 0.0905 0.634 0.092 0.6466666666666666 0.09 0.658 0.0805 0.658 0.0755 0.652 0.061
0 0.5913333333333334 0.0485 0.5773333333333334 0.0515 0.564 0.0615 0.5613333333333334 0.0715 0.5633333333333334 0.0845 0.5846666666666667 0.0915 0.592 0.0915 0.5966666666666667 0.09 0.6033333333333334 0.0845 0.612 0.0735 0.6126666666666667 0.0605 0.61 0.056 0.6053333333333333 0.0525
0 0.5526666666666666 0.088 0.546 0.095 0.546 0.102 0.5506666666666666 0.109 0.5573333333333333 0.116 0.562 0.119 0.5693333333333334 0.1215 0.5786666666666667 0.1215 0.5933333333333334 0.119 0.6046666666666667 0.11 0.608 0.0955 0.602 0.0915 0.5973333333333334 0.0905 0.5886666666666667 0.092 0.5786666666666667 0.0915 0.57 0.0895 0.5633333333333334 0.086 0.5586666666666666 0.086
0 0.6206666666666667 0.092 0.6166666666666667 0.0925 0.61 0.0955 0.606 0.108 0.594 0.12 0.596 0.124 0.6026666666666667 0.129 0.6066666666666667 0.1355 0.6166666666666667 0.138 0.628 0.1385 0.6353333333333333 0.1345 0.6393333333333333 0.1255 0.6473333333333333 0.1155 0.6493333333333333 0.1115 0.648 0.101 0.646 0.097 0.6386666666666667 0.0935
0 0.6833333333333333 0.076 0.6693333333333333 0.076 0.6626666666666666 0.0775 0.65 0.0885 0.6486666666666666 0.0965 0.652 0.108 0.6586666666666666 0.1135 0.6596666666666666 0.11435 0.6602666666666667 0.11455 0.6602666666666667 0.11515 0.6608666666666666 0.11535 0.662 0.1155 0.6686666666666666 0.117 0.6833333333333333 0.1155 0.6913333333333334 0.112 0.6973333333333334 0.1065 0.7006666666666667 0.097 0.7006666666666667 0.087 0.6953333333333334 0.0815
0 0.6446666666666667 0.1205 0.638 0.1305 0.6373333333333333 0.141 0.6453333333333333 0.151 0.6593333333333333 0.157 0.6766666666666666 0.158 0.6846666666666666 0.1555 0.69 0.151 0.6953333333333334 0.1505 0.6986666666666667 0.1485 0.6993333333333334 0.14 0.696 0.1335 0.6806666666666666 0.1225 0.6726666666666666 0.119 0.6593333333333333 0.1165 0.6506666666666666 0.1175
0 0.532 0.1495 0.5213333333333333 0.156 0.5113333333333333 0.1665 0.51 0.1695 0.512 0.178 0.5213333333333333 0.185 0.5346666666666666 0.19 0.5426666666666666 0.19 0.5553333333333333 0.1825 0.5626666666666666 0.1745 0.564 0.1705 0.5633333333333334 0.163 0.5613333333333334 0.16 0.55 0.1525 0.5406666666666666 0.1495
0 0.5593333333333333 0.127 0.5546666666666666 0.1285 0.546 0.1365 0.544 0.1405 0.5446666666666666 0.148 0.548 0.1515 0.56 0.1585 0.5633333333333334 0.163 0.5653333333333334 0.171 0.5673333333333334 0.172 0.5746666666666667 0.172 0.5806666666666667 0.1695 0.5886666666666667 0.163 0.5993333333333334 0.138 0.598 0.1355 0.5866666666666667 0.1285 0.5793333333333334 0.127
0 0.6013333333333334 0.1385 0.598 0.142 0.5906666666666667 0.158 0.59 0.163 0.5926666666666667 0.1675 0.6013333333333334 0.175 0.6093333333333333 0.1775 0.6226666666666667 0.1775 0.6313333333333333 0.1745 0.6426666666666667 0.1665 0.646 0.1625 0.6466666666666666 0.1575 0.6426666666666667 0.15 0.634 0.1445 0.6226666666666667 0.1395 0.6093333333333333 0.1375
0 0.6486666666666666 0.1615 0.644 0.165 0.6426666666666667 0.168 0.634 0.1735 0.6346666666666667 0.1865 0.644 0.1945 0.6513333333333333 0.1975 0.6653333333333333 0.198 0.6746666666666666 0.1955 0.68 0.1905 0.6853333333333333 0.181 0.6853333333333333 0.174 0.6826666666666666 0.1695 0.6773333333333333 0.1645 0.668 0.161 0.652 0.1605
0 0.588 0.1775 0.588 0.18 0.592 0.187 0.5956666666666667 0.18975 0.5958 0.19115000000000001 0.5972666666666666 0.1931 0.6006666666666667 0.206 0.6046666666666667 0.21 0.612 0.2125 0.6226666666666667 0.212 0.628 0.2105 0.6393333333333333 0.2025 0.6406666666666667 0.1995 0.64 0.193 0.6333333333333333 0.1845 0.6286666666666667 0.1815 0.6026666666666667 0.1765 0.59 0.176
0 0.57 0.1735 0.562 0.1765 0.5566666666666666 0.1825 0.5486666666666666 0.188 0.546 0.1915 0.546 0.198 0.5486666666666666 0.204 0.5626666666666666 0.2135 0.578 0.2155 0.5873333333333334 0.2135 0.5973333333333334 0.209 0.6 0.2045 0.5960666666666666 0.19275 0.5926666666666667 0.189 0.5913333333333334 0.1855 0.5882666666666666 0.18345 0.5873333333333334 0.1815 0.5833333333333334 0.178 0.576 0.1745
0 0.6693333333333333 0.205 0.66 0.1995 0.6473333333333333 0.199 0.6433333333333333 0.2005 0.6286666666666667 0.211 0.6246666666666667 0.2125 0.6193333333333333 0.2205 0.6184666666666667 0.22594999999999998 0.6233333333333333 0.2325 0.632 0.235 0.652 0.235 0.6693333333333333 0.2305 0.6746666666666666 0.227 0.6766666666666666 0.2235 0.676 0.2145
0 0.596 0.211 0.5786666666666667 0.217 0.572 0.2245 0.5711333333333334 0.22815000000000002 0.5706666666666667 0.2325 0.5706666666666667 0.237 0.5753333333333334 0.2445 0.5806666666666667 0.249 0.596 0.256 0.6046666666666667 0.256 0.6153333333333333 0.2525 0.618 0.25 0.6233333333333333 0.241 0.624 0.236 0.6126666666666667 0.218 0.6073333333333333 0.213 0.6026666666666667 0.211
0 0.5386666666666666 0.206 0.5346666666666666 0.2075 0.528 0.2125 0.5286666666666666 0.2195 0.5246666666666666 0.2255 0.5226666666666666 0.234 0.5313333333333333 0.2405 0.542 0.245 0.55 0.2465 0.5566666666666666 0.2445 0.5706666666666667 0.233 0.5706666666666667 0.2245 0.5613333333333334 0.2145 0.5493333333333333 0.2065
0 0.48933333333333334 0.203 0.484 0.2055 0.4766666666666667 0.2125 0.476 0.217 0.47933333333333333 0.226 0.4886666666666667 0.233 0.49866666666666665 0.238 0.5106666666666667 0.239 0.5186666666666667 0.2365 0.5226666666666666 0.2325 0.5286666666666666 0.2195 0.5286666666666666 0.213 0.5233333333333333 0.206 0.5126666666666667 0.2005 0.5053333333333333 0.2
0 0.414 0.2005 0.4026666666666667 0.2005 0.39266666666666666 0.2045 0.38066666666666665 0.2155 0.38 0.225 0.382 0.2295 0.3933333333333333 0.2375 0.398 0.2385 0.41 0.2375 0.41933333333333334 0.2355 0.4246666666666667 0.2335 0.4266666666666667 0.2315 0.42866666666666664 0.2255 0.42866666666666664 0.212 0.4246666666666667 0.2065
0 0.45 0.2045 0.43933333333333335 0.2075 0.43333333333333335 0.2115 0.42933333333333334 0.217 0.42933333333333334 0.2245 0.432 0.2325 0.43733333333333335 0.24 0.44466666666666665 0.2455 0.456 0.2505 0.4633333333333333 0.2515 0.4666666666666667 0.2505 0.4706666666666667 0.2455 0.476 0.2415 0.478 0.2375 0.47733333333333333 0.224 0.4746666666666667 0.2125 0.4726666666666667 0.2085 0.4666666666666667 0.205
0 0.4826666666666667 0.236 0.4786666666666667 0.2375 0.466 0.2525 0.456 0.255 0.4553333333333333 0.26 0.45866666666666667 0.267 0.46266666666666667 0.2715 0.4666666666666667 0.2735 0.4826666666666667 0.274 0.49133333333333334 0.273 0.5026666666666667 0.27 0.5053333333333333 0.2675 0.508 0.259 0.5033333333333333 0.247 0.49266666666666664 0.2395
0 0.5086666666666667 0.24 0.5053333333333333 0.2445 0.5093333333333333 0.2605 0.5113333333333333 0.2635 0.5293333333333333 0.2755 0.536 0.2755 0.5413333333333333 0.274 0.5433333333333333 0.2725 0.544 0.268 0.5493333333333333 0.2605 0.5493333333333333 0.2515 0.548 0.248 0.532 0.2425 0.524 0.238 0.518 0.2375
0 0.5646666666666667 0.2405 0.56 0.2435 0.5566666666666666 0.251 0.552 0.2555 0.546 0.2675 0.5453333333333333 0.2725 0.546 0.2755 0.5493333333333333 0.2795 0.5586666666666666 0.282 0.5706666666666667 0.2825 0.5846666666666667 0.2765 0.592 0.268 0.5933333333333334 0.2605 0.5913333333333334 0.2565 0.586 0.2525 0.5793333333333334 0.25 0.5706666666666667 0.2415
0 0.6313333333333333 0.238 0.6246666666666667 0.2425 0.622 0.249 0.62 0.2529 0.6246666666666667 0.2565 0.6366666666666667 0.2715 0.648 0.2735 0.66 0.272 0.666 0.2675 0.67 0.2625 0.6706666666666666 0.253 0.668 0.2475 0.6586666666666666 0.24 0.6533333333333333 0.238 0.6453333333333333 0.2365 0.6366666666666667 0.2365
0 0.6206666666666667 0.255 0.6113333333333333 0.2545 0.6 0.2575 0.5953333333333334 0.2615 0.5933333333333334 0.267 0.5893333333333334 0.273 0.586 0.2755 0.5846666666666667 0.2795 0.5906666666666667 0.2885 0.5973333333333334 0.2925 0.6086666666666667 0.2935 0.6253333333333333 0.2915 0.6326666666666667 0.288 0.6386666666666667 0.2815 0.6386666666666667 0.277 0.636 0.2715 0.626 0.2585
0 0.638 0.2875 0.63 0.291 0.6253333333333333 0.2985 0.624 0.3075 0.626 0.314 0.6293333333333333 0.3185 0.638 0.3255 0.6526666666666666 0.328 0.6593333333333333 0.3275 0.676 0.3155 0.678 0.311 0.676 0.304 0.67 0.2965 0.6586666666666666 0.291 0.6453333333333333 0.287
0 0.6066666666666667 0.2945 0.596 0.295 0.584 0.3025 0.5813333333333334 0.311 0.5766666666666667 0.318 0.5766666666666667 0.321 0.58 0.3265 0.588 0.332 0.5946666666666667 0.339 0.6013333333333334 0.341 0.6126666666666667 0.338 0.626 0.3305 0.6273333333333333 0.327 0.6273333333333333 0.317 0.624 0.308 0.618 0.3005 0.6126666666666667 0.2965
0 0.542 0.281 0.538 0.2825 0.5346666666666666 0.286 0.5346666666666666 0.2935 0.5326666666666666 0.297 0.5333333333333333 0.3065 0.5393333333333333 0.3145 0.5413333333333333 0.3215 0.552 0.327 0.5606666666666666 0.327 0.5666666666666667 0.325 0.5753333333333334 0.32 0.5846666666666667 0.3035 0.5846666666666667 0.294 0.5806666666666667 0.288 0.5753333333333334 0.284 0.5706666666666667 0.2825 0.5613333333333334 0.2825 0.55 0.28
0 0.5333333333333333 0.2865 0.528 0.276 0.5206666666666667 0.2705 0.512 0.2695 0.496 0.2735 0.48533333333333334 0.2745 0.47333333333333333 0.2785 0.4593333333333333 0.2885 0.458 0.2925 0.45866666666666667 0.295 0.4613333333333333 0.2965 0.486 0.302 0.49866666666666665 0.3035 0.5153333333333333 0.303 0.5246666666666666 0.3015 0.5306666666666666 0.299 0.5333333333333333 0.2925
0 0.45266666666666666 0.2595 0.43533333333333335 0.253 0.42933333333333334 0.2525 0.424 0.2535 0.41933333333333334 0.2595 0.41933333333333334 0.265 0.4166666666666667 0.27 0.41533333333333333 0.28 0.41 0.2865 0.41333333333333333 0.2905 0.42866666666666664 0.29 0.43533333333333335 0.2875 0.44466666666666665 0.2815 0.458 0.2685 0.4573333333333333 0.2645
0 0.3933333333333333 0.2525 0.384 0.2525 0.36866666666666664 0.2585 0.362 0.2645 0.36 0.2685 0.35933333333333334 0.2755 0.3626666666666667 0.283 0.37266666666666665 0.291 0.382 0.294 0.394 0.293 0.4073333333333333 0.288 0.4126666666666667 0.284 0.416 0.2765 0.41533333333333333 0.2715 0.4093333333333333 0.2615 0.4013333333333333 0.255
0 0.35133333333333333 0.2185 0.3466666666666667 0.22 0.3393333333333333 0.2265 0.336 0.2355 0.33666666666666667 0.243 0.3433333333333333 0.2515 0.35133333333333333 0.2575 0.36733333333333335 0.259 0.384 0.251 0.38666666666666666 0.245 0.38666666666666666 0.2365 0.37533333333333335 0.223 0.364 0.2185
0 0.16466666666666666 0.177 0.15933333333333333 0.178 0.14666666666666667 0.177 0.13733333333333334 0.179 0.12666666666666668 0.1855 0.12 0.193 0.11866666666666667 0.196 0.12 0.205 0.13733333333333334 0.218 0.14733333333333334 0.22 0.152 0.2195 0.166 0.213 0.16866666666666666 0.209 0.172 0.1955 0.17133333333333334 0.185 0.16666666666666666 0.178
0 0.172 0.1975 0.16466666666666666 0.212 0.16466666666666666 0.2175 0.17333333333333334 0.2255 0.18933333333333333 0.229 0.20466666666666666 0.229 0.21666666666666667 0.225 0.22 0.218 0.22 0.21 0.21666666666666667 0.202 0.21 0.196 0.20133333333333334 0.193 0.18866666666666668 0.193
0 0.15333333333333332 0.233 0.14533333333333334 0.24 0.14533333333333334 0.2485 0.15266666666666667 0.2615 0.15866666666666668 0.2675 0.16866666666666666 0.267 0.17333333333333334 0.2685 0.18066666666666667 0.2685 0.18866666666666668 0.2625 0.196 0.2545 0.198 0.2485 0.196 0.239 0.188 0.2335 0.17666666666666667 0.2305 0.16333333333333333 0.2305
0 0.2793333333333333 0.28 0.26866666666666666 0.283 0.2653333333333333 0.2855 0.26066666666666666 0.2945 0.26 0.3025 0.26266666666666666 0.31 0.26866666666666666 0.3165 0.2773333333333333 0.3195 0.2853333333333333 0.3195 0.2946666666666667 0.3175 0.30133333333333334 0.3145 0.31 0.3075 0.31666666666666665 0.307 0.31733333333333336 0.306 0.31533333333333335 0.3025 0.31 0.3 0.30133333333333334 0.2885 0.294 0.283 0.28733333333333333 0.2805
0 0.41933333333333334 0.3145 0.3933333333333333 0.3205 0.38666666666666666 0.3235 0.38266666666666665 0.327 0.384 0.342 0.3933333333333333 0.35 0.4033333333333333 0.3535 0.4106666666666667 0.3535 0.422 0.35 0.43066666666666664 0.3435 0.43533333333333335 0.337 0.43533333333333335 0.329 0.432 0.322 0.42733333333333334 0.318
0 0.5053333333333333 0.3045 0.5006666666666667 0.306 0.49333333333333335 0.311 0.492 0.313 0.492 0.322 0.494 0.3245 0.49733333333333335 0.3355 0.502 0.342 0.5073333333333333 0.3465 0.5153333333333333 0.3485 0.5253333333333333 0.3455 0.5333333333333333 0.338 0.5346666666666666 0.3325 0.5386666666666666 0.328 0.54 0.318 0.536 0.3105 0.5306666666666666 0.3065 0.5153333333333333 0.3045
0 0.5493333333333333 0.3275 0.5386666666666666 0.33 0.526 0.345 0.526 0.3515 0.53 0.36 0.5366666666666666 0.366 0.5466666666666666 0.37 0.556 0.3705 0.5626666666666666 0.3695 0.5686666666666667 0.3655 0.5706666666666667 0.351 0.5746666666666667 0.341 0.5726666666666667 0.3375 0.566 0.3315 0.5586666666666666 0.3285
0 0.638 0.327 0.6273333333333333 0.3305 0.6086666666666667 0.3415 0.606 0.3505 0.6093333333333333 0.356 0.6233333333333333 0.3665 0.636 0.369 0.6433333333333333 0.369 0.6513333333333333 0.3645 0.658 0.355 0.6613333333333333 0.345 0.6613333333333333 0.3335 0.6593333333333333 0.329
0 0.5766666666666667 0.3395 0.5746666666666667 0.3415 0.57 0.3545 0.57 0.3615 0.5673333333333334 0.3675 0.5686666666666667 0.3745 0.5746666666666667 0.3795 0.58 0.381 0.5886666666666667 0.382 0.602 0.3815 0.606 0.378 0.6089333333333333 0.37115 0.6086666666666667 0.3655 0.604 0.3455 0.6 0.3415 0.5926666666666667 0.3395
0 0.6213333333333333 0.368 0.6126666666666667 0.3715 0.608 0.3775 0.6026666666666667 0.3815 0.602 0.3975 0.6033333333333334 0.4015 0.6093333333333333 0.4055 0.6173333333333333 0.408 0.6373333333333333 0.4065 0.642 0.405 0.654 0.398 0.6566666666666666 0.39 0.6546666666666666 0.382 0.6486666666666666 0.3735 0.6446666666666667 0.371 0.6366666666666667 0.369
0 0.5633333333333334 0.3845 0.5573333333333333 0.3885 0.5486666666666666 0.402 0.5493333333333333 0.4055 0.5566666666666666 0.4125 0.5693333333333334 0.416 0.592 0.416 0.5993333333333334 0.4125 0.6026666666666667 0.4085 0.604 0.4025 0.5973333333333334 0.3885 0.59 0.3835 0.576 0.3805
0 0.49133333333333334 0.373 0.486 0.3785 0.4846666666666667 0.3835 0.48533333333333334 0.3925 0.49066666666666664 0.399 0.49666666666666665 0.403 0.5126666666666667 0.409 0.528 0.408 0.534 0.406 0.5393333333333333 0.401 0.5426666666666666 0.394 0.5426666666666666 0.3845 0.538 0.3765 0.5286666666666666 0.3715 0.52 0.37 0.49733333333333335 0.3715
0 0.5133333333333333 0.41 0.506 0.416 0.5033333333333333 0.422 0.5026666666666667 0.428 0.508 0.4395 0.5126666666666667 0.4435 0.5266666666666666 0.447 0.54 0.447 0.5486666666666666 0.444 0.5546666666666666 0.4395 0.5586666666666666 0.429 0.5586666666666666 0.4235 0.5513333333333333 0.4145 0.5353333333333333 0.4075 0.528 0.408 0.5246666666666666 0.4095
0 0.6213333333333333 0.4125 0.6173333333333333 0.4135 0.6086666666666667 0.4195 0.6046666666666667 0.427 0.6053333333333333 0.4315 0.608 0.436 0.6193333333333333 0.4475 0.6266666666666667 0.4515 0.6333333333333333 0.453 0.6426666666666667 0.4465 0.6546666666666666 0.4405 0.6566666666666666 0.4355 0.656 0.4275 0.6506666666666666 0.4205 0.644 0.416 0.632 0.4125
0 0.572 0.417 0.5633333333333334 0.4205 0.56 0.424 0.5593333333333333 0.433 0.5566666666666666 0.4385 0.5573333333333333 0.4425 0.5606666666666666 0.4495 0.564 0.4525 0.5733333333333334 0.4555 0.5866666666666667 0.456 0.596 0.4525 0.6046666666666667 0.444 0.6066666666666667 0.4395 0.6046666666666667 0.4275 0.5986666666666667 0.421 0.592 0.4175 0.5833333333333334 0.416
0 0.6186666666666667 0.4485 0.6093333333333333 0.4495 0.598 0.4525 0.594 0.4555 0.5906666666666667 0.4625 0.5906666666666667 0.467 0.594 0.471 0.5953333333333334 0.48 0.6006666666666667 0.485 0.6113333333333333 0.488 0.6233333333333333 0.4865 0.6333333333333333 0.482 0.6406666666666667 0.476 0.6433333333333333 0.471 0.6433333333333333 0.466 0.6373333333333333 0.4545 0.634 0.453 0.6273333333333333 0.4525
0 0.5413333333333333 0.4545 0.5366666666666666 0.4615 0.5373333333333333 0.4715 0.5393333333333333 0.4755 0.5526666666666666 0.487 0.5593333333333333 0.4905 0.568 0.4925 0.5833333333333334 0.4925 0.5933333333333334 0.4865 0.5946666666666667 0.4835 0.5933333333333334 0.472 0.5893333333333334 0.4625 0.586 0.459 0.5813333333333334 0.457 0.5686666666666667 0.455 0.5593333333333333 0.4515 0.548 0.452
0 0.614 0.4895 0.602 0.4865 0.5913333333333334 0.4885 0.5733333333333334 0.5 0.5713333333333334 0.504 0.566 0.5085 0.5613333333333334 0.5095 0.5633333333333334 0.5145 0.5766666666666667 0.5225 0.5826666666666667 0.524 0.5966666666666667 0.5245 0.62 0.522 0.6233333333333333 0.52 0.628 0.513 0.6226666666666667 0.4995
0 0.6226666666666667 0.5225 0.596 0.526 0.59 0.528 0.586 0.533 0.586 0.536 0.5893333333333334 0.54 0.59 0.5455 0.5926666666666667 0.549 0.5933333333333334 0.557 0.6013333333333334 0.562 0.612 0.5625 0.622 0.56 0.6326666666666667 0.5545 0.638 0.5485 0.6413333333333333 0.5375 0.6406666666666667 0.5335 0.6366666666666667 0.532 0.628 0.525
0 0.554 0.5175 0.55 0.5195 0.544 0.5255 0.5386666666666666 0.5355 0.5386666666666666 0.5455 0.544 0.557 0.55 0.5645 0.5586666666666666 0.569 0.568 0.57 0.5833333333333334 0.567 0.5933333333333334 0.558 0.592 0.5455 0.5873333333333334 0.537 0.5833333333333334 0.5325 0.5706666666666667 0.5245 0.5646666666666667 0.5225 0.5606666666666666 0.519
0 0.476 0.532 0.4713333333333333 0.537 0.47 0.5455 0.4713333333333333 0.5495 0.4746666666666667 0.553 0.4826666666666667 0.558 0.5173333333333333 0.5585 0.5226666666666666 0.5545 0.526 0.5455 0.5246666666666666 0.537 0.5206666666666667 0.53 0.5106666666666667 0.523 0.504 0.521 0.49466666666666664 0.5215 0.48733333333333334 0.5245
0 0.432 0.3985 0.42533333333333334 0.4 0.41333333333333333 0.407 0.408 0.416 0.408 0.4245 0.414 0.434 0.42133333333333334 0.4385 0.43066666666666664 0.441 0.44 0.441 0.45066666666666666 0.4375 0.4613333333333333 0.43 0.464 0.424 0.464 0.4155 0.4613333333333333 0.4085 0.45666666666666667 0.404 0.44666666666666666 0.3995
0 0.3393333333333333 0.4155 0.332 0.42 0.32866666666666666 0.4255 0.32866666666666666 0.4355 0.33266666666666667 0.4425 0.346 0.45 0.3566666666666667 0.4525 0.366 0.453 0.376 0.45 0.38266666666666665 0.4435 0.38533333333333336 0.437 0.38266666666666665 0.4245 0.376 0.4165 0.364 0.412 0.35133333333333333 0.412
0 0.148 0.33 0.13866666666666666 0.333 0.13133333333333333 0.3385 0.12733333333333333 0.346 0.12733333333333333 0.351 0.13 0.3585 0.13733333333333334 0.3655 0.146 0.368 0.15533333333333332 0.368 0.16533333333333333 0.3655 0.17733333333333334 0.3605 0.18133333333333335 0.356 0.18333333333333332 0.347 0.17733333333333334 0.3365 0.17 0.332 0.15866666666666668 0.33
0 0.048666666666666664 0.331 0.04133333333333333 0.338 0.037333333333333336 0.348 0.038 0.359 0.04066666666666666 0.3645 0.04666666666666667 0.37 0.056666666666666664 0.3735 0.06866666666666667 0.374 0.074 0.3725 0.084 0.3665 0.09133333333333334 0.354 0.086 0.342 0.07533333333333334 0.332 0.07066666666666667 0.3305 0.056 0.3295
0 0.056 0.287 0.04933333333333333 0.2875 0.042 0.2915 0.037333333333333336 0.2965 0.034666666666666665 0.304 0.03333333333333333 0.317 0.034666666666666665 0.323 0.03933333333333333 0.3285 0.04666666666666667 0.3305 0.068 0.328 0.076 0.3225 0.07866666666666666 0.318 0.07933333333333334 0.31 0.076 0.3015 0.06933333333333333 0.2945
0 0.0 0.308 0.0 0.3455 0.007333333333333333 0.3455 0.013333333333333334 0.343 0.02 0.3375 0.02266666666666667 0.3335 0.025333333333333333 0.3265 0.025333333333333333 0.318 0.02 0.311 0.014 0.309
0 0.012666666666666666 0.344 0.0 0.347 0.0 0.376 0.002 0.376 0.007333333333333333 0.38 0.02 0.381 0.032 0.375 0.03666666666666667 0.3655 0.03666666666666667 0.3565 0.035333333333333335 0.352 0.03133333333333333 0.348 0.028 0.3465
0 0.0 0.3855 0.0 0.432 0.014 0.432 0.017333333333333333 0.43 0.020666666666666667 0.422 0.019333333333333334 0.4015 0.016666666666666666 0.394 0.013333333333333334 0.39 0.007333333333333333 0.386
0 0.08266666666666667 0.3705 0.07466666666666667 0.374 0.06666666666666667 0.381 0.06333333333333334 0.391 0.06533333333333333 0.3995 0.07333333333333333 0.4095 0.082 0.4125 0.09933333333333333 0.414 0.10666666666666667 0.418 0.112 0.4175 0.114 0.415 0.114 0.3865 0.11266666666666666 0.381 0.10666666666666667 0.373 0.09733333333333333 0.369 0.08933333333333333 0.369
0 0.048 0.389 0.03666666666666667 0.3915 0.028 0.397 0.021333333333333333 0.4065 0.020666666666666667 0.414 0.022 0.418 0.02666666666666667 0.424 0.03933333333333333 0.433 0.04733333333333333 0.4355 0.05533333333333333 0.4355 0.064 0.4335 0.07066666666666667 0.428 0.072 0.4165 0.06933333333333333 0.4065 0.06266666666666666 0.3945 0.056 0.3905
0 0.017333333333333333 0.433 0.013333333333333334 0.432 0.0 0.4325 0.0 0.4605 0.008 0.4605 0.024666666666666667 0.4515 0.028666666666666667 0.447 0.028666666666666667 0.4425
0 0.024 0.4605 0.014 0.4605 0.002 0.467 0.0 0.467 0.0 0.506 0.006 0.5075 0.014 0.5075 0.024666666666666667 0.505 0.03266666666666666 0.5005 0.03933333333333333 0.491 0.03933333333333333 0.4805 0.03333333333333333 0.4705 0.03333333333333333 0.4665 0.03 0.4625
0 0.07733333333333334 0.5555 0.06533333333333333 0.5565 0.051333333333333335 0.567 0.04066666666666666 0.581 0.04 0.588 0.042666666666666665 0.5925 0.05466666666666667 0.598 0.06133333333333333 0.5985 0.08733333333333333 0.594 0.09733333333333333 0.5885 0.10066666666666667 0.582 0.09933333333333333 0.574 0.092 0.5635 0.08666666666666667 0.559
0 0.013333333333333334 0.605 0.0 0.6065 0.0 0.6425 0.006666666666666667 0.6435 0.021333333333333333 0.6395 0.032 0.6385 0.034666666666666665 0.6365 0.03666666666666667 0.6285 0.03666666666666667 0.6195 0.034 0.614 0.028 0.609
0 0.23666666666666666 0.5365 0.22866666666666666 0.541 0.22466666666666665 0.547 0.22333333333333333 0.557 0.22666666666666666 0.565 0.23466666666666666 0.5715 0.24733333333333332 0.576 0.256 0.578 0.2653333333333333 0.578 0.27 0.5765 0.27666666666666667 0.57 0.2786666666666667 0.566 0.2786666666666667 0.5555 0.2733333333333333 0.5445 0.268 0.5395 0.25733333333333336 0.5355 0.24466666666666667 0.535
0 0.394 0.5555 0.38266666666666665 0.5605 0.37666666666666665 0.5695 0.37733333333333335 0.578 0.38333333333333336 0.5875 0.3953333333333333 0.5965 0.4033333333333333 0.6 0.412 0.6 0.4206666666666667 0.596 0.42733333333333334 0.5875 0.43 0.5805 0.42733333333333334 0.562 0.42533333333333334 0.56 0.4186666666666667 0.56 0.4093333333333333 0.555 0.3993333333333333 0.5545
0 0.5953333333333334 0.56 0.5906666666666667 0.561 0.5853333333333334 0.567 0.572 0.569 0.5693333333333334 0.5715 0.5693333333333334 0.574 0.5733333333333334 0.58 0.5753333333333334 0.592 0.5773333333333334 0.5945 0.5906666666666667 0.6025 0.604 0.6035 0.6146666666666667 0.601 0.6246666666666667 0.5945 0.628 0.5895 0.628 0.582 0.6253333333333333 0.5775 0.6133333333333333 0.5685
0 0.5393333333333333 0.568 0.5333333333333333 0.571 0.5266666666666666 0.5765 0.5213333333333333 0.587 0.522 0.595 0.5346666666666666 0.6055 0.5413333333333333 0.6085 0.5526666666666666 0.612 0.5626666666666666 0.6115 0.5686666666666667 0.608 0.5706666666666667 0.605 0.574 0.5925 0.574 0.5855 0.5713333333333334 0.576 0.5666666666666667 0.572 0.5506666666666666 0.5665
0 0.58 0.6145 0.574 0.6185 0.572 0.622 0.5726666666666667 0.6275 0.5753333333333334 0.6325 0.594 0.648 0.6086666666666667 0.6515 0.614 0.6515 0.62 0.6465 0.6213333333333333 0.6405 0.618 0.623 0.614 0.617 0.602 0.6105 0.5946666666666667 0.6105
0 0.512 0.604 0.49666666666666665 0.615 0.49266666666666664 0.6255 0.494 0.6325 0.49733333333333335 0.637 0.5126666666666667 0.647 0.5266666666666666 0.65 0.5373333333333333 0.6495 0.542 0.647 0.544 0.643 0.5466666666666666 0.641 0.5486666666666666 0.6345 0.5353333333333333 0.609 0.53 0.6065 0.5233333333333333 0.6065 0.516 0.604
0 0.5586666666666666 0.6305 0.5493333333333333 0.6345 0.548 0.6415 0.54 0.6495 0.54 0.655 0.5426666666666666 0.6625 0.548 0.669 0.5593333333333333 0.6745 0.5653333333333334 0.675 0.5773333333333334 0.672 0.586 0.6665 0.5886666666666667 0.662 0.5893333333333334 0.6555 0.5873333333333334 0.646 0.5833333333333334 0.6395 0.572 0.632 0.566 0.6305
0 0.488 0.6425 0.476 0.65 0.4713333333333333 0.6555 0.4713333333333333 0.666 0.47333333333333333 0.6675 0.476 0.6735 0.4866666666666667 0.68 0.51 0.678 0.5206666666666667 0.671 0.5206666666666667 0.6615 0.5186666666666667 0.6545 0.508 0.6445 0.49933333333333335 0.642
0 0.5213333333333333 0.671 0.5106666666666667 0.6775 0.49066666666666664 0.681 0.4866666666666667 0.684 0.4866666666666667 0.694 0.49133333333333334 0.701 0.49733333333333335 0.706 0.5173333333333333 0.7165 0.524 0.717 0.5286666666666666 0.716 0.5373333333333333 0.709 0.5393333333333333 0.703 0.5393333333333333 0.695 0.5326666666666666 0.677 0.5273333333333333 0.6725
0 0.236 0.618 0.22666666666666666 0.621 0.22266666666666668 0.6235 0.21933333333333332 0.63 0.22066666666666668 0.6405 0.22666666666666666 0.6495 0.236 0.657 0.24 0.6585 0.24733333333333332 0.6585 0.258 0.6545 0.2653333333333333 0.6475 0.272 0.639 0.2733333333333333 0.6335 0.2773333333333333 0.6265 0.27466666666666667 0.6245 0.268 0.625 0.246 0.619
0 0.004 0.66 0.0 0.6605 0.0 0.705 0.008666666666666666 0.705 0.019333333333333334 0.7005 0.028666666666666667 0.693 0.034666666666666665 0.6785 0.034666666666666665 0.674 0.03 0.6675 0.023333333333333334 0.6635 0.014666666666666666 0.6605
0 0.3933333333333333 0.681 0.382 0.681 0.374 0.679 0.3626666666666667 0.6795 0.352 0.682 0.3406666666666667 0.69 0.3373333333333333 0.6965 0.3373333333333333 0.704 0.3393333333333333 0.7085 0.3453333333333333 0.7155 0.35733333333333334 0.724 0.36666666666666664 0.725 0.37533333333333335 0.7215 0.38333333333333336 0.7155 0.388 0.71 0.3933333333333333 0.7005 0.392 0.691 0.394 0.6845
0 0.254 0.716 0.248 0.7205 0.24533333333333332 0.728 0.246 0.7375 0.252 0.7455 0.2613333333333333 0.752 0.27666666666666667 0.756 0.284 0.756 0.292 0.7535 0.2966666666666667 0.749 0.29733333333333334 0.744 0.292 0.719 0.28933333333333333 0.7145 0.2846666666666667 0.7125 0.26266666666666666 0.7135
0 0.18666666666666668 0.697 0.178 0.7025 0.176 0.7055 0.17533333333333334 0.7195 0.192 0.7365 0.20066666666666666 0.7405 0.208 0.7405 0.21666666666666667 0.734 0.228 0.7185 0.22866666666666666 0.7125 0.226 0.705 0.222 0.701 0.21133333333333335 0.697 0.19933333333333333 0.6955
0 0.12733333333333333 0.7 0.12666666666666668 0.706 0.12933333333333333 0.712 0.12933333333333333 0.7195 0.13333333333333333 0.729 0.138 0.7355 0.14533333333333334 0.7415 0.15333333333333332 0.7445 0.16933333333333334 0.74 0.17533333333333334 0.734 0.178 0.725 0.176 0.7185 0.17133333333333334 0.713 0.162 0.7075 0.148 0.702
0 0.12666666666666668 0.7465 0.11733333333333333 0.749 0.112 0.7535 0.10933333333333334 0.759 0.10933333333333334 0.7685 0.116 0.7835 0.11933333333333333 0.787 0.128 0.7915 0.13533333333333333 0.792 0.14733333333333334 0.7885 0.154 0.7835 0.15666666666666668 0.7755 0.156 0.7655 0.15733333333333333 0.759 0.15066666666666667 0.7515 0.14533333333333334 0.748 0.13866666666666666 0.7465
0 0.04533333333333334 0.7495 0.028666666666666667 0.7505 0.024 0.752 0.014666666666666666 0.76 0.005333333333333333 0.776 0.004666666666666667 0.784 0.009333333333333334 0.791 0.017333333333333333 0.796 0.02666666666666667 0.798 0.035333333333333335 0.797 0.042 0.793 0.04933333333333333 0.7835 0.05533333333333333 0.7695 0.056 0.7605 0.050666666666666665 0.7515
0 0.0 0.8785 0.0 0.916 0.0026666666666666666 0.916 0.010666666666666666 0.9085 0.012 0.8935 0.007333333333333333 0.8835 0.0026666666666666666 0.8785
0 0.552 0.775 0.5486666666666666 0.7805 0.5493333333333333 0.788 0.554 0.794 0.562 0.799 0.5826666666666667 0.802 0.5946666666666667 0.802 0.6013333333333334 0.799 0.6053333333333333 0.792 0.606 0.7865 0.602 0.778 0.5966666666666667 0.7735 0.586 0.771 0.564 0.77 0.5586666666666666 0.771
0 0.46066666666666667 0.8165 0.454 0.8215 0.4493333333333333 0.8295 0.4493333333333333 0.839 0.454 0.848 0.466 0.857 0.48 0.8575 0.4886666666666667 0.857 0.494 0.8555 0.502 0.8495 0.5033333333333333 0.846 0.502 0.8335 0.49466666666666664 0.822 0.488 0.817 0.478 0.814 0.468 0.814
0 0.49733333333333335 0.8545 0.4846666666666667 0.857 0.4686666666666667 0.858 0.466 0.859 0.4613333333333333 0.8655 0.46066666666666667 0.874 0.4633333333333333 0.881 0.476 0.8925 0.48533333333333334 0.897 0.49266666666666664 0.8965 0.5026666666666667 0.8915 0.5133333333333333 0.8835 0.5173333333333333 0.8775 0.518 0.871 0.5153333333333333 0.865 0.506 0.858
0 0.326 0.0 0.32866666666666666 0.0075 0.332 0.01 0.3393333333333333 0.012 0.35133333333333333 0.012 0.35533333333333333 0.011 0.3626666666666667 0.0075 0.366 0.0025 0.366 0.0
0 0.37933333333333336 0.0 0.37933333333333336 0.0025 0.38133333333333336 0.004 0.39666666666666667 0.0085 0.4013333333333333 0.008 0.404 0.005 0.404 0.0
