0 0.6133333333333333 0.1825 0.5988888888888889 0.183 0.5722222222222222 0.186 0.5644444444444444 0.19 0.5611111111111111 0.1945 0.5611111111111111 0.2015 0.5733333333333334 0.211 0.5822222222222222 0.2145 0.6033333333333334 0.2185 0.6122222222222222 0.2175 0.6277777777777778 0.2115 0.6344444444444445 0.207 0.64 0.199 0.6388888888888888 0.1925 0.6344444444444445 0.1865 0.6277777777777778 0.184
0 0.23222222222222222 0.021 0.2288888888888889 0.0245 0.22666666666666666 0.0335 0.23444444444444446 0.039 0.25 0.0425 0.27444444444444444 0.0425 0.3 0.0375 0.3111111111111111 0.0295 0.3088888888888889 0.025 0.29555555555555557 0.02 0.2677777777777778 0.0155 0.2544444444444444 0.015 0.2388888888888889 0.017
0 0.021111111111111112 0.662 0.011111111111111112 0.665 0.0033333333333333335 0.6695 0.0 0.6695 0.0 0.6825 0.005555555555555556 0.6835 0.008888888888888889 0.6865 0.01888888888888889 0.69 0.027777777777777776 0.6955 0.04555555555555556 0.6985 0.05444444444444444 0.6985 0.057777777777777775 0.6975 0.06444444444444444 0.6905 0.06444444444444444 0.685 0.05444444444444444 0.6685 0.05 0.665 0.04111111111111111 0.662
0 0.18 0.674 0.16333333333333333 0.6725 0.14555555555555555 0.674 0.13777777777777778 0.676 0.11888888888888889 0.686 0.11333333333333333 0.6925 0.11333333333333333 0.6975 0.12222222222222222 0.708 0.13333333333333333 0.7125 0.14 0.7135 0.15444444444444444 0.7135 0.16 0.7125 0.18222222222222223 0.7035 0.19 0.6985 0.19333333333333333 0.6945 0.19555555555555557 0.685 0.19 0.6785
0 0.15222222222222223 0.638 0.1388888888888889 0.637 0.12555555555555556 0.638 0.11444444444444445 0.641 0.1 0.649 0.09777777777777778 0.6515 0.09777777777777778 0.6635 0.1 0.667 0.10777777777777778 0.6705 0.12 0.6725 0.14666666666666667 0.6715 0.17 0.666 0.17666666666666667 0.6625 0.18 0.6585 0.17888888888888888 0.6505 0.17 0.644
0 0.34444444444444444 0.6485 0.30777777777777776 0.653 0.29888888888888887 0.658 0.3 0.6645 0.3111111111111111 0.674 0.32555555555555554 0.681 0.33444444444444443 0.6825 0.35 0.682 0.36 0.68 0.36666666666666664 0.6765 0.37333333333333335 0.67 0.37333333333333335 0.6655 0.3622222222222222 0.654 0.35333333333333333 0.65
0 0.3611111111111111 0.6825 0.3511111111111111 0.6815 0.33555555555555555 0.6835 0.3277777777777778 0.6815 0.31666666666666665 0.682 0.29888888888888887 0.687 0.2911111111111111 0.6905 0.28444444444444444 0.697 0.28555555555555556 0.7045 0.29 0.7095 0.30444444444444446 0.7165 0.31666666666666665 0.719 0.32666666666666666 0.719 0.33444444444444443 0.718 0.3466666666666667 0.713 0.3528888888888889 0.70825 0.35444444444444445 0.701 0.35888888888888887 0.69 0.36444444444444446 0.686
0 0.39222222222222225 0.679 0.38555555555555554 0.6785 0.37555555555555553 0.681 0.3655555555555556 0.685 0.35888888888888887 0.6905 0.35444444444444445 0.701 0.3542222222222222 0.7082 0.35333333333333333 0.711 0.35333333333333333 0.7135 0.36 0.717 0.38222222222222224 0.717 0.40555555555555556 0.7125 0.4166666666666667 0.707 0.4222222222222222 0.702 0.42444444444444446 0.6955 0.41888888888888887 0.6885
0 0.4922222222222222 0.6905 0.4533333333333333 0.693 0.43777777777777777 0.697 0.43333333333333335 0.7015 0.43333333333333335 0.708 0.4388888888888889 0.714 0.4477777777777778 0.72 0.46111111111111114 0.725 0.48333333333333334 0.725 0.4955555555555556 0.72 0.5022222222222222 0.7065 0.5033333333333333 0.6935
0 0.5488888888888889 0.6795 0.5344444444444445 0.6825 0.52 0.689 0.5166666666666667 0.693 0.5166666666666667 0.7055 0.52 0.7125 0.5255555555555556 0.715 0.5411111111111111 0.7175 0.5577777777777778 0.7175 0.5744444444444444 0.7135 0.5888888888888889 0.7065 0.5911111111111111 0.703 0.5911111111111111 0.693 0.5822222222222222 0.6865 0.5733333333333334 0.685 0.5588888888888889 0.68
0 0.64 0.6785 0.6233333333333333 0.6765 0.6111111111111112 0.677 0.6 0.6795 0.5877777777777777 0.6845 0.5877777777777777 0.689 0.5911111111111111 0.6935 0.5911111111111111 0.7065 0.5966666666666667 0.711 0.5977777777777777 0.717 0.6011111111111112 0.7185 0.6144444444444445 0.718 0.62 0.7155 0.6355555555555555 0.7125 0.6544444444444445 0.701 0.6555555555555556 0.692 0.6533333333333333 0.686 0.65 0.6825
0 0.6933333333333334 0.699 0.6733333333333333 0.696 0.65 0.7035 0.6366666666666667 0.7125 0.6344444444444445 0.721 0.6411111111111111 0.726 0.6566666666666666 0.729 0.6755555555555556 0.729 0.7 0.726 0.7122222222222222 0.7215 0.7144444444444444 0.718 0.7122222222222222 0.71 0.7066666666666667 0.7055
0 0.7522222222222222 0.687 0.74 0.6875 0.72 0.6915 0.7122222222222222 0.6965 0.7088888888888889 0.7055 0.7177777777777777 0.713 0.7322222222222222 0.7155 0.7511111111111111 0.7155 0.7677777777777778 0.708 0.7711111111111111 0.704 0.7711111111111111 0.6955 0.7666666666666667 0.6915 0.76 0.6885
0 0.6644444444444444 0.663 0.6566666666666666 0.666 0.65 0.6755 0.6511111111111111 0.681 0.6622222222222223 0.6915 0.6711111111111111 0.6955 0.6788888888888889 0.697 0.6922222222222222 0.698 0.7066666666666667 0.6955 0.7222222222222222 0.6875 0.7233333333333334 0.681 0.7188888888888889 0.6755 0.6944444444444444 0.665
0 0.7166666666666667 0.643 0.7051111111111111 0.65395 0.6977777777777778 0.658 0.6966666666666667 0.6625 0.7022222222222222 0.6675 0.72 0.675 0.7255555555555555 0.676 0.7455555555555555 0.6765 0.7788888888888889 0.672 0.7855555555555556 0.6665 0.7844444444444445 0.6615 0.7644444444444445 0.648 0.7555555555555555 0.6445 0.7433333333333333 0.642 0.7266666666666667 0.6415
0 0.78 0.6335 0.7744444444444445 0.6345 0.7666666666666667 0.6385 0.7633333333333333 0.6425 0.7644444444444445 0.648 0.7877777777777778 0.6655 0.7944444444444444 0.668 0.8044444444444444 0.669 0.8255555555555556 0.6625 0.8311111111111111 0.659 0.8322222222222222 0.6495 0.83 0.6425 0.8222222222222222 0.637 0.8133333333333334 0.634 0.7966666666666666 0.633
0 0.6544444444444445 0.6255 0.6355555555555555 0.6365 0.6344444444444445 0.6435 0.6388888888888888 0.65 0.6477777777777778 0.655 0.6644444444444444 0.66 0.6748888888888889 0.6624 0.6873333333333334 0.66295 0.6944444444444444 0.6585 0.7088888888888889 0.651 0.7111111111111111 0.647 0.7088888888888889 0.64 0.7021111111111111 0.63675 0.6977777777777778 0.6345 0.6888888888888889 0.6305 0.6766666666666666 0.627
0 0.6277777777777778 0.662 0.6122222222222222 0.658 0.5888888888888889 0.6635 0.5755555555555556 0.664 0.5688888888888889 0.6655 0.5633333333333334 0.677 0.5666666666666667 0.682 0.5766666666666667 0.6845 0.5822222222222222 0.6845 0.6111111111111112 0.6765 0.6222222222222222 0.676 0.6288888888888889 0.678 0.6333333333333333 0.678 0.6366666666666667 0.673
0 0.6811111111111111 0.601 0.6766666666666666 0.604 0.6766666666666666 0.611 0.6733333333333333 0.615 0.6744444444444444 0.6205 0.6788888888888889 0.626 0.7 0.6335 0.7244444444444444 0.631 0.7366666666666667 0.6275 0.7388888888888889 0.6175 0.7433333333333333 0.6125 0.7422222222222222 0.6095 0.7144444444444444 0.604 0.7033333333333334 0.599 0.6888888888888889 0.599
0 0.5977777777777777 0.612 0.5888888888888889 0.622 0.5888888888888889 0.628 0.5933333333333334 0.633 0.6088888888888889 0.6365 0.6233333333333333 0.6365 0.6377777777777778 0.6345 0.6455555555555555 0.629 0.6466666666666666 0.6265 0.6444444444444445 0.6235 0.6233333333333333 0.617 0.6133333333333333 0.6125 0.6055555555555555 0.611
0 0.5444444444444444 0.632 0.5433333333333333 0.639 0.55 0.6445 0.5633333333333334 0.651 0.5777777777777777 0.662 0.5888888888888889 0.6625 0.5955555555555555 0.6615 0.61 0.657 0.6188888888888889 0.6505 0.6211111111111111 0.6465 0.6188888888888889 0.64 0.6133333333333333 0.6375 0.5966666666666667 0.6355 0.5788888888888889 0.635 0.5577777777777778 0.6315
0 0.49 0.6535 0.4855555555555556 0.6575 0.4866666666666667 0.6625 0.51 0.672 0.5344444444444445 0.6755 0.5511111111111111 0.675 0.5633333333333334 0.672 0.5677777777777778 0.6645 0.5677777777777778 0.655 0.5633333333333334 0.651 0.5522222222222222 0.6455 0.5388888888888889 0.645 0.5255555555555556 0.647 0.5144444444444445 0.647
0 0.51 0.6725 0.48444444444444446 0.664 0.47333333333333333 0.6645 0.46444444444444444 0.6665 0.44222222222222224 0.6845 0.4477777777777778 0.692 0.47888888888888886 0.691 0.49777777777777776 0.688 0.51 0.682 0.5122222222222222 0.6785
0 0.3711111111111111 0.658 0.3844444444444444 0.6745 0.3933333333333333 0.6795 0.41444444444444445 0.6855 0.44 0.685 0.4577777777777778 0.673 0.4633333333333333 0.667 0.4633333333333333 0.6615 0.4588888888888889 0.6585 0.4388888888888889 0.653 0.43 0.6525 0.41444444444444445 0.6495 0.4077777777777778 0.6505 0.39555555555555555 0.655 0.37666666666666665 0.6565
0 0.7888888888888889 0.595 0.7844444444444445 0.5975 0.7822222222222223 0.6035 0.7777777777777778 0.607 0.7788888888888889 0.6155 0.7822222222222223 0.618 0.7944444444444444 0.622 0.8277777777777777 0.6215 0.8388888888888889 0.6195 0.8477777777777777 0.6115 0.8444444444444444 0.607 0.8211111111111111 0.5975 0.8155555555555556 0.593 0.8022222222222222 0.593
0 0.83 0.5835 0.8188888888888889 0.591 0.8177777777777778 0.596 0.8511111111111112 0.612 0.8711111111111111 0.615 0.8833333333333333 0.6135 0.8911111111111111 0.6095 0.8933333333333333 0.6065 0.8944444444444445 0.5935 0.8922222222222222 0.59 0.8733333333333333 0.5835 0.8577777777777778 0.581 0.84 0.5815
0 0.7788888888888889 0.5555 0.7711111111111111 0.5605 0.7733333333333333 0.5695 0.7822222222222223 0.5755 0.7911111111111111 0.585 0.8033333333333333 0.592 0.8133333333333334 0.592 0.8355555555555556 0.5805 0.8344444444444444 0.568 0.8155555555555556 0.5575 0.8 0.555
0 0.75 0.5805 0.7422222222222222 0.581 0.7355555555555555 0.584 0.7211111111111111 0.5866 0.7192222222222222 0.59075 0.7192222222222222 0.59975 0.7233333333333334 0.6077 0.7422222222222222 0.609 0.7555555555555555 0.6105 0.7733333333333333 0.6085 0.7788888888888889 0.6065 0.7822222222222223 0.603 0.7833333333333333 0.591 0.78 0.587 0.7733333333333333 0.5835 0.7644444444444445 0.5815
0 0.7 0.56 0.6888888888888889 0.564 0.6855555555555556 0.568 0.6855555555555556 0.573 0.69 0.5785 0.7088888888888889 0.585 0.7155555555555555 0.586 0.7322222222222222 0.585 0.7455555555555555 0.578 0.7477777777777778 0.564 0.7422222222222222 0.56 0.7277777777777777 0.5585 0.7133333333333334 0.5585
0 0.61 0.5935 0.6022222222222222 0.5975 0.6022222222222222 0.6035 0.6088888888888889 0.611 0.6211111111111111 0.6165 0.6433333333333333 0.6225 0.66 0.6225 0.6688888888888889 0.6185 0.6755555555555556 0.612 0.6766666666666666 0.6 0.6688888888888889 0.5925 0.6588888888888889 0.5885 0.6477777777777778 0.587 0.6277777777777778 0.5925
0 0.5711111111111111 0.5985 0.56 0.6 0.5488888888888889 0.6055 0.5355555555555556 0.608 0.5344444444444445 0.6115 0.5377777777777778 0.6215 0.5444444444444444 0.626 0.5577777777777778 0.6285 0.57 0.628 0.5811111111111111 0.625 0.5944444444444444 0.615 0.5955555555555555 0.6105 0.5911111111111111 0.605 0.58 0.6005
0 0.5177777777777778 0.604 0.5088888888888888 0.6045 0.5011111111111111 0.608 0.49 0.6085 0.48333333333333334 0.61 0.4722222222222222 0.61 0.46444444444444444 0.614 0.4622222222222222 0.6195 0.4688888888888889 0.628 0.4911111111111111 0.6375 0.5022222222222222 0.6375 0.5233333333333333 0.635 0.5311111111111111 0.6325 0.5355555555555556 0.629 0.5377777777777778 0.618 0.5344444444444445 0.61 0.5311111111111111 0.6075
0 0.42444444444444446 0.632 0.4211111111111111 0.6345 0.42333333333333334 0.642 0.43444444444444447 0.65 0.44333333333333336 0.654 0.4622222222222222 0.659 0.4822222222222222 0.657 0.48777777777777775 0.655 0.49333333333333335 0.648 0.49444444444444446 0.642 0.4922222222222222 0.639 0.4766666666666667 0.631 0.46555555555555556 0.629 0.4388888888888889 0.628
0 0.3466666666666667 0.6205 0.3377777777777778 0.627 0.3377777777777778 0.6395 0.3433333333333333 0.6465 0.37 0.6555 0.39666666666666667 0.6545 0.4177777777777778 0.644 0.42 0.64 0.41888888888888887 0.635 0.41333333333333333 0.6335 0.3977777777777778 0.6325 0.37333333333333335 0.622 0.3622222222222222 0.62
0 0.31 0.618 0.28 0.619 0.27555555555555555 0.62 0.27111111111111114 0.6225 0.27 0.628 0.2611111111111111 0.636 0.26 0.639 0.2644444444444444 0.6435 0.27111111111111114 0.647 0.28888888888888886 0.6515 0.31 0.6515 0.32555555555555554 0.649 0.33 0.646 0.33111111111111113 0.63 0.31777777777777777 0.621
0 0.2511111111111111 0.6095 0.24333333333333335 0.609 0.23222222222222222 0.6155 0.21333333333333335 0.6175 0.20666666666666667 0.622 0.2 0.63 0.2 0.632 0.20444444444444446 0.635 0.22666666666666666 0.638 0.25 0.638 0.2577777777777778 0.637 0.26666666666666666 0.6315 0.2677777777777778 0.6205 0.26222222222222225 0.615
0 0.3011111111111111 0.5715 0.29444444444444445 0.5725 0.29 0.5775 0.28444444444444444 0.58 0.27111111111111114 0.582 0.25555555555555554 0.592 0.2511111111111111 0.602 0.25222222222222224 0.608 0.2611111111111111 0.614 0.2733333333333333 0.6165 0.3022222222222222 0.6165 0.31333333333333335 0.6115 0.31777777777777777 0.607 0.32222222222222224 0.596 0.3211111111111111 0.5895 0.3111111111111111 0.5795 0.3111111111111111 0.576
0 0.33444444444444443 0.587 0.3244444444444444 0.592 0.32 0.6125 0.3233333333333333 0.6145 0.34444444444444444 0.619 0.3622222222222222 0.619 0.3711111111111111 0.616 0.38555555555555554 0.6045 0.38666666666666666 0.5995 0.35777777777777775 0.5875 0.34555555555555556 0.586
0 0.4122222222222222 0.5655 0.4022222222222222 0.5655 0.38333333333333336 0.568 0.36666666666666664 0.5755 0.3611111111111111 0.58 0.36333333333333334 0.5895 0.38222222222222224 0.598 0.3933333333333333 0.601 0.4033333333333333 0.6 0.4177777777777778 0.5925 0.4255555555555556 0.5835 0.42444444444444446 0.576
0 0.4033333333333333 0.601 0.3811111111111111 0.6075 0.37555555555555553 0.614 0.37666666666666665 0.6205 0.3788888888888889 0.623 0.3977777777777778 0.631 0.4177777777777778 0.6325 0.4311111111111111 0.629 0.4388888888888889 0.621 0.4388888888888889 0.6145 0.43444444444444447 0.6085 0.4222222222222222 0.6025
0 0.4266666666666667 0.589 0.42444444444444446 0.591 0.42444444444444446 0.5995 0.4266666666666667 0.6025 0.4444444444444444 0.6105 0.46555555555555556 0.611 0.47333333333333333 0.6095 0.5011111111111111 0.608 0.5055555555555555 0.606 0.5066666666666667 0.603 0.4988888888888889 0.595 0.47 0.584 0.4588888888888889 0.5825 0.44666666666666666 0.5825 0.43666666666666665 0.5845
0 0.5444444444444444 0.566 0.5344444444444445 0.5665 0.51 0.5745 0.5044444444444445 0.5785 0.5011111111111111 0.584 0.5033333333333333 0.5955 0.5155555555555555 0.603 0.5322222222222223 0.607 0.5488888888888889 0.6055 0.5633333333333334 0.599 0.5677777777777778 0.583 0.5655555555555556 0.5785 0.5522222222222222 0.5685
0 0.6411111111111111 0.5635 0.6222222222222222 0.5605 0.6122222222222222 0.5605 0.6088888888888889 0.562 0.5866666666666667 0.564 0.5777777777777777 0.568 0.5722222222222222 0.576 0.5722222222222222 0.5835 0.5766666666666667 0.5895 0.5866666666666667 0.5945 0.5933333333333334 0.596 0.6044444444444445 0.596 0.6122222222222222 0.5935 0.6266666666666667 0.593 0.6411111111111111 0.5895 0.6511111111111111 0.5855 0.66 0.576 0.66 0.572
0 0.8533333333333334 0.515 0.8433333333333334 0.5185 0.8344444444444444 0.5255 0.8277777777777777 0.5365 0.8288888888888889 0.541 0.8411111111111111 0.545 0.8544444444444445 0.5475 0.8677777777777778 0.5485 0.8844444444444445 0.548 0.8955555555555555 0.545 0.9033333333333333 0.5405 0.9055555555555556 0.537 0.9044444444444445 0.5285 0.8833333333333333 0.516 0.8688888888888889 0.5135
0 0.3977777777777778 0.4445 0.38666666666666666 0.4475 0.38 0.451 0.38 0.465 0.39 0.471 0.4022222222222222 0.4755 0.41333333333333333 0.476 0.4266666666666667 0.475 0.44 0.471 0.4477777777777778 0.4665 0.45222222222222225 0.46 0.45111111111111113 0.451 0.4411111111111111 0.446 0.43222222222222223 0.444 0.41 0.4435
0 0.7777777777777778 0.5095 0.7688888888888888 0.513 0.7666666666666667 0.516 0.7533333333333333 0.5215 0.7488888888888889 0.525 0.7488888888888889 0.539 0.7533333333333333 0.546 0.7633333333333333 0.5515 0.7766666666666666 0.5545 0.7944444444444444 0.5545 0.8044444444444444 0.553 0.8177777777777778 0.5485 0.8277777777777777 0.541 0.8288888888888889 0.537 0.8211111111111111 0.535 0.8211111111111111 0.5285 0.8166666666666667 0.524 0.8066666666666666 0.5185 0.7944444444444444 0.515 0.7866666666666666 0.5105
0 0.5644444444444444 0.518 0.5533333333333333 0.519 0.5455555555555556 0.5235 0.5222222222222223 0.532 0.5188888888888888 0.5355 0.5188888888888888 0.541 0.5288888888888889 0.549 0.5388888888888889 0.553 0.5577777777777778 0.5555 0.5677777777777778 0.5545 0.5744444444444444 0.5525 0.5811111111111111 0.5475 0.5844444444444444 0.541 0.5844444444444444 0.5325 0.5777777777777777 0.526 0.5777777777777777 0.5215
0 0.47333333333333333 0.5115 0.46444444444444444 0.513 0.4533333333333333 0.519 0.45111111111111113 0.527 0.46444444444444444 0.5425 0.48 0.5475 0.48777777777777775 0.5475 0.4955555555555556 0.546 0.5033333333333333 0.541 0.51 0.528 0.51 0.5205 0.5011111111111111 0.5155
0 0.4388888888888889 0.543 0.4288888888888889 0.5475 0.4122222222222222 0.5505 0.4088888888888889 0.556 0.4111111111111111 0.5625 0.4255555555555556 0.5715 0.45111111111111113 0.579 0.45444444444444443 0.581 0.46444444444444444 0.583 0.47444444444444445 0.583 0.4822222222222222 0.5805 0.4822222222222222 0.571 0.48444444444444446 0.569 0.47888888888888886 0.5525 0.4722222222222222 0.547 0.46555555555555556 0.5445 0.45444444444444443 0.5425
0 0.3688888888888889 0.5575 0.35888888888888887 0.557 0.33666666666666667 0.56 0.31666666666666665 0.5595 0.3088888888888889 0.5625 0.3055555555555556 0.5675 0.30666666666666664 0.5715 0.31444444444444447 0.5785 0.32666666666666666 0.585 0.3388888888888889 0.5855 0.3477777777777778 0.5845 0.3611111111111111 0.5795 0.37555555555555553 0.571 0.37777777777777777 0.564
0 0.1511111111111111 0.6 0.1411111111111111 0.603 0.12777777777777777 0.6105 0.12333333333333334 0.617 0.12444444444444444 0.6235 0.13666666666666666 0.629 0.14777777777777779 0.632 0.16777777777777778 0.6345 0.17888888888888888 0.6345 0.19666666666666666 0.63 0.2011111111111111 0.6275 0.20222222222222222 0.615 0.18888888888888888 0.609 0.17888888888888888 0.602 0.1622222222222222 0.5995
0 0.18444444444444444 0.5855 0.1811111111111111 0.5885 0.17888888888888888 0.5975 0.18222222222222223 0.6035 0.19444444444444445 0.611 0.20333333333333334 0.6145 0.21444444444444444 0.616 0.2311111111111111 0.616 0.23777777777777778 0.612 0.2477777777777778 0.601 0.25 0.5915 0.24666666666666667 0.5875 0.23777777777777778 0.5835 0.22555555555555556 0.5815 0.2111111111111111 0.5815
0 0.11777777777777777 0.6085 0.10777777777777778 0.6045 0.1 0.606 0.09333333333333334 0.6105 0.06333333333333334 0.615 0.06111111111111111 0.617 0.06333333333333334 0.624 0.09333333333333334 0.631 0.10888888888888888 0.6305 0.11777777777777777 0.6275 0.12111111111111111 0.623 0.12111111111111111 0.6155
0 0.08777777777777777 0.586 0.08333333333333333 0.584 0.06888888888888889 0.5825 0.052222222222222225 0.583 0.03777777777777778 0.585 0.03 0.588 0.025555555555555557 0.5915 0.025555555555555557 0.595 0.016666666666666666 0.601 0.0044444444444444444 0.606 0.0 0.606 0.0 0.6085 0.014444444444444444 0.6085 0.03 0.6135 0.05555555555555555 0.615 0.06888888888888889 0.6145 0.09222222222222222 0.611 0.09777777777777778 0.6065 0.09777777777777778 0.602
0 0.16444444444444445 0.5895 0.14444444444444443 0.584 0.11888888888888889 0.5855 0.11 0.589 0.10666666666666667 0.594 0.10666666666666667 0.6005 0.11777777777777777 0.605 0.13444444444444445 0.6045 0.16333333333333333 0.5955 0.16666666666666666 0.592
0 0.12333333333333334 0.5555 0.11444444444444445 0.555 0.10555555555555556 0.5565 0.09333333333333334 0.5625 0.07666666666666666 0.5755 0.08 0.5825 0.09111111111111111 0.5865 0.11 0.5875 0.14444444444444443 0.5825 0.1511111111111111 0.5775 0.1511111111111111 0.573 0.14333333333333334 0.5655
0 0.027777777777777776 0.546 0.016666666666666666 0.5515 0.011111111111111112 0.5565 0.011111111111111112 0.565 0.022222222222222223 0.573 0.03777777777777778 0.579 0.05 0.579 0.06555555555555556 0.5755 0.07666666666666666 0.5755 0.08222222222222222 0.573 0.08888888888888889 0.565 0.08333333333333333 0.557 0.08888888888888889 0.554 0.08777777777777777 0.55 0.07 0.548 0.06111111111111111 0.5445 0.03777777777777778 0.544
0 0.0 0.5495 0.0 0.576 0.0044444444444444444 0.576 0.011111111111111112 0.569 0.012222222222222223 0.556 0.011111111111111112 0.5525 0.006666666666666667 0.55
0 0.0 0.517 0.0 0.546 0.02 0.5465 0.034444444444444444 0.544 0.04555555555555556 0.537 0.04555555555555556 0.5325 0.03777777777777778 0.525 0.012222222222222223 0.517
0 0.0811111111111111 0.518 0.06777777777777778 0.522 0.056666666666666664 0.5285 0.04888888888888889 0.5415 0.05333333333333334 0.544 0.06222222222222222 0.545 0.06888888888888889 0.548 0.09111111111111111 0.549 0.10666666666666667 0.546 0.11666666666666667 0.5425 0.12333333333333334 0.533 0.11444444444444445 0.525 0.10555555555555556 0.52 0.09222222222222222 0.518
0 0.17888888888888888 0.525 0.14777777777777779 0.5275 0.12666666666666668 0.5335 0.11888888888888889 0.5395 0.11555555555555555 0.5455 0.12 0.5525 0.12444444444444444 0.556 0.14222222222222222 0.563 0.16 0.5615 0.18222222222222223 0.548 0.18555555555555556 0.529
0 0.19666666666666666 0.5485 0.18222222222222223 0.55 0.1711111111111111 0.555 0.15666666666666668 0.5655 0.15555555555555556 0.5765 0.15777777777777777 0.5795 0.16555555555555557 0.582 0.18444444444444444 0.585 0.21777777777777776 0.5795 0.23 0.574 0.23444444444444446 0.5695 0.23333333333333334 0.5655 0.22666666666666666 0.559 0.21444444444444444 0.5535
0 0.2833333333333333 0.546 0.2733333333333333 0.5455 0.24888888888888888 0.55 0.23444444444444446 0.5545 0.2311111111111111 0.56 0.23555555555555555 0.567 0.24666666666666667 0.5745 0.2577777777777778 0.579 0.2688888888888889 0.581 0.2833333333333333 0.58 0.29 0.577 0.29333333333333333 0.573 0.3022222222222222 0.57 0.3055555555555556 0.5645 0.3055555555555556 0.559 0.29888888888888887 0.5515 0.29333333333333333 0.5485
0 0.24 0.5195 0.22111111111111112 0.5225 0.2 0.522 0.18666666666666668 0.533 0.18666666666666668 0.5395 0.19444444444444445 0.5465 0.20666666666666667 0.5515 0.22111111111111112 0.5545 0.2388888888888889 0.553 0.24888888888888888 0.5495 0.26222222222222225 0.547 0.26555555555555554 0.545 0.2644444444444444 0.533 0.25333333333333335 0.527 0.2477777777777778 0.522
0 0.3211111111111111 0.525 0.3022222222222222 0.5345 0.3 0.537 0.3 0.547 0.30333333333333334 0.553 0.31777777777777777 0.559 0.32666666666666666 0.56 0.34444444444444444 0.5595 0.36444444444444446 0.556 0.3788888888888889 0.547 0.3811111111111111 0.541 0.3788888888888889 0.5355 0.37444444444444447 0.533 0.3522222222222222 0.5305 0.3333333333333333 0.525
0 0.39444444444444443 0.5125 0.38555555555555554 0.518 0.38333333333333336 0.5245 0.38555555555555554 0.5325 0.39 0.5375 0.4011111111111111 0.5425 0.4111111111111111 0.5445 0.41555555555555557 0.5475 0.42333333333333334 0.5485 0.43666666666666665 0.544 0.44222222222222224 0.539 0.45 0.5265 0.45 0.518 0.44666666666666666 0.515 0.44 0.5125
0 0.4122222222222222 0.4765 0.4066666666666667 0.4775 0.38333333333333336 0.487 0.37777777777777777 0.493 0.37555555555555553 0.4995 0.38333333333333336 0.507 0.39222222222222225 0.511 0.40444444444444444 0.513 0.43 0.513 0.4411111111111111 0.5085 0.44333333333333336 0.5035 0.44222222222222224 0.4975 0.4255555555555556 0.482 0.4222222222222222 0.4765
0 0.35333333333333333 0.496 0.33111111111111113 0.5025 0.32222222222222224 0.5095 0.3244444444444444 0.5205 0.3277777777777778 0.523 0.3488888888888889 0.53 0.3788888888888889 0.532 0.3844444444444444 0.521 0.3844444444444444 0.509 0.38 0.504 0.37222222222222223 0.4995 0.3611111111111111 0.496
0 0.3 0.498 0.2722222222222222 0.5015 0.2577777777777778 0.5085 0.24888888888888888 0.5175 0.24888888888888888 0.522 0.25555555555555554 0.5285 0.2677777777777778 0.5335 0.2822222222222222 0.536 0.3 0.5355 0.3088888888888889 0.532 0.32222222222222224 0.5225 0.3233333333333333 0.5175 0.32 0.508 0.31444444444444447 0.5025
0 0.21222222222222223 0.4745 0.19666666666666666 0.478 0.19333333333333333 0.4825 0.18666666666666668 0.4865 0.18555555555555556 0.4925 0.19 0.5025 0.19 0.5105 0.19333333333333333 0.5155 0.20222222222222222 0.52 0.2111111111111111 0.522 0.22555555555555556 0.522 0.24222222222222223 0.5185 0.24888888888888888 0.5145 0.25555555555555554 0.507 0.25555555555555554 0.4995 0.2511111111111111 0.49 0.24555555555555555 0.485 0.22555555555555556 0.4785 0.2222222222222222 0.4755
0 0.30444444444444446 0.466 0.2966666666666667 0.4685 0.2822222222222222 0.478 0.28444444444444444 0.487 0.2966666666666667 0.495 0.31 0.501 0.32222222222222224 0.5025 0.33444444444444443 0.502 0.35444444444444445 0.4955 0.3611111111111111 0.491 0.36444444444444446 0.4865 0.3622222222222222 0.478 0.35555555555555557 0.474 0.3111111111111111 0.466
0 0.14777777777777779 0.4975 0.14333333333333334 0.5 0.13333333333333333 0.5145 0.1322222222222222 0.5225 0.13666666666666666 0.524 0.15222222222222223 0.5255 0.16777777777777778 0.525 0.18222222222222223 0.523 0.19111111111111112 0.5185 0.18777777777777777 0.507 0.17 0.4975 0.16444444444444445 0.4965 0.15222222222222223 0.4965
0 0.08 0.4875 0.07333333333333333 0.4905 0.06888888888888889 0.4975 0.07 0.5025 0.08 0.512 0.08888888888888889 0.517 0.10444444444444445 0.519 0.11555555555555555 0.5225 0.12666666666666668 0.5225 0.14222222222222222 0.502 0.14222222222222222 0.4975 0.13666666666666666 0.4905 0.1288888888888889 0.4865 0.11777777777777777 0.4835 0.09888888888888889 0.484
0 0.04777777777777778 0.494 0.035555555555555556 0.496 0.017777777777777778 0.503 0.013333333333333334 0.507 0.013333333333333334 0.5155 0.01888888888888889 0.519 0.028888888888888888 0.522 0.035555555555555556 0.523 0.06333333333333334 0.523 0.07111111111111111 0.521 0.07888888888888888 0.517 0.0811111111111111 0.5125 0.06777777777777778 0.4985 0.056666666666666664 0.495
0 0.0 0.4665 0.0 0.5045 0.013333333333333334 0.5045 0.04111111111111111 0.493 0.044444444444444446 0.488 0.044444444444444446 0.483 0.03666666666666667 0.476 0.02 0.4685
0 0.03777777777777778 0.4415 0.016666666666666666 0.445 0.011111111111111112 0.451 0.011111111111111112 0.4595 0.016666666666666666 0.467 0.03888888888888889 0.477 0.04888888888888889 0.4795 0.06555555555555556 0.472 0.07333333333333333 0.4665 0.07555555555555556 0.455 0.07333333333333333 0.45 0.06666666666666667 0.445 0.04888888888888889 0.4415
0 0.09666666666666666 0.4445 0.08555555555555555 0.447 0.07666666666666666 0.451 0.07555555555555556 0.4625 0.06666666666666667 0.4715 0.06555555555555556 0.4755 0.07444444444444444 0.4805 0.09 0.484 0.11888888888888889 0.483 0.13 0.4805 0.14222222222222222 0.4745 0.14222222222222222 0.4615 0.13555555555555557 0.455 0.10888888888888888 0.4455
0 0.16777777777777778 0.448 0.1511111111111111 0.4515 0.14777777777777779 0.4535 0.14444444444444443 0.459 0.14444444444444443 0.471 0.14888888888888888 0.477 0.15666666666666668 0.481 0.17777777777777778 0.482 0.1922222222222222 0.479 0.19777777777777777 0.472 0.19777777777777777 0.4665 0.20222222222222222 0.463 0.20222222222222222 0.4585 0.1922222222222222 0.452 0.18 0.449
0 0.44555555555555554 0.4715 0.43777777777777777 0.4735 0.43222222222222223 0.4775 0.43 0.483 0.43333333333333335 0.489 0.44222222222222224 0.497 0.45666666666666667 0.503 0.4666666666666667 0.5045 0.4855555555555556 0.497 0.4911111111111111 0.493 0.49666666666666665 0.483 0.4911111111111111 0.475 0.48444444444444446 0.473 0.45666666666666667 0.471
0 0.5322222222222223 0.4695 0.5155555555555555 0.4725 0.49777777777777776 0.482 0.49444444444444446 0.4915 0.4988888888888889 0.495 0.5011111111111111 0.503 0.5055555555555555 0.505 0.5211111111111111 0.5085 0.5355555555555556 0.509 0.5611111111111111 0.506 0.5688888888888889 0.504 0.58 0.4985 0.5822222222222222 0.49 0.57 0.4785 0.56 0.4765 0.5444444444444444 0.4705
0 0.5155555555555555 0.441 0.5066666666666667 0.439 0.49 0.4445 0.46555555555555556 0.447 0.45444444444444443 0.4535 0.45 0.466 0.45111111111111113 0.4685 0.45666666666666667 0.4705 0.46555555555555556 0.4715 0.49333333333333335 0.4725 0.51 0.4705 0.5277777777777778 0.465 0.5311111111111111 0.4625 0.5322222222222223 0.453 0.5266666666666666 0.4475
0 0.35 0.435 0.3433333333333333 0.436 0.3111111111111111 0.449 0.30777777777777776 0.456 0.31444444444444447 0.465 0.33444444444444443 0.4705 0.35777777777777775 0.473 0.3688888888888889 0.4705 0.37666666666666665 0.466 0.3788888888888889 0.456 0.37777777777777777 0.448 0.37444444444444447 0.443 0.3655555555555556 0.4365 0.3611111111111111 0.435
0 0.23333333333333334 0.432 0.21333333333333335 0.437 0.19777777777777777 0.4465 0.19777777777777777 0.453 0.20555555555555555 0.4595 0.2288888888888889 0.47 0.24222222222222223 0.472 0.2577777777777778 0.472 0.28 0.4645 0.2877777777777778 0.459 0.2877777777777778 0.454 0.2822222222222222 0.4485 0.27444444444444444 0.445 0.2611111111111111 0.435 0.2477777777777778 0.432
0 0.2733333333333333 0.4125 0.26555555555555554 0.417 0.2611111111111111 0.4275 0.2677777777777778 0.438 0.28 0.445 0.2922222222222222 0.448 0.3088888888888889 0.4485 0.3188888888888889 0.4465 0.3377777777777778 0.438 0.3411111111111111 0.4345 0.34 0.4275 0.31222222222222223 0.415 0.29444444444444445 0.4125
0 0.21333333333333335 0.4065 0.20777777777777778 0.4095 0.2 0.4175 0.2 0.424 0.21222222222222223 0.428 0.21444444444444444 0.431 0.22111111111111112 0.432 0.24444444444444444 0.431 0.25666666666666665 0.4285 0.26222222222222225 0.425 0.26222222222222225 0.4195 0.25 0.409 0.2411111111111111 0.4055 0.23444444444444446 0.4045 0.22444444444444445 0.4045
0 0.09666666666666666 0.423 0.09444444444444444 0.437 0.10222222222222223 0.4435 0.12555555555555556 0.451 0.14444444444444443 0.452 0.15888888888888889 0.45 0.16666666666666666 0.4465 0.17444444444444446 0.4405 0.17666666666666667 0.4365 0.17666666666666667 0.4315 0.17222222222222222 0.426 0.16777777777777778 0.424 0.15222222222222223 0.4225 0.13555555555555557 0.4175 0.12555555555555556 0.4175 0.10888888888888888 0.422
0 0.04555555555555556 0.4155 0.03333333333333333 0.421 0.028888888888888888 0.4275 0.035555555555555556 0.438 0.04111111111111111 0.441 0.07555555555555556 0.4445 0.08777777777777777 0.437 0.09222222222222222 0.4315 0.09333333333333334 0.427 0.09111111111111111 0.423 0.07 0.415 0.052222222222222225 0.4145
0 0.01 0.394 0.0033333333333333335 0.397 0.0 0.397 0.0 0.4275 0.014444444444444444 0.428 0.03222222222222222 0.423 0.03777777777777778 0.4175 0.03888888888888889 0.412 0.035555555555555556 0.4065 0.022222222222222223 0.397 0.016666666666666666 0.3945
0 0.056666666666666664 0.38 0.042222222222222223 0.3805 0.03333333333333333 0.382 0.025555555555555557 0.385 0.021111111111111112 0.3885 0.02 0.393 0.022222222222222223 0.397 0.028888888888888888 0.4025 0.03777777777777778 0.406 0.056666666666666664 0.405 0.08777777777777777 0.4 0.08777777777777777 0.396 0.08222222222222222 0.3935 0.07222222222222222 0.385
0 0.12666666666666668 0.3845 0.11666666666666667 0.3845 0.11555555555555555 0.3865 0.09777777777777778 0.393 0.09 0.3995 0.07888888888888888 0.4035 0.07444444444444444 0.4115 0.07555555555555556 0.4165 0.0811111111111111 0.4195 0.09111111111111111 0.422 0.10888888888888888 0.422 0.11666666666666667 0.4205 0.12555555555555556 0.417 0.13333333333333333 0.4115 0.13666666666666666 0.4025 0.1322222222222222 0.396 0.13111111111111112 0.389
0 0.18666666666666668 0.3875 0.16555555555555557 0.387 0.15222222222222223 0.3885 0.15222222222222223 0.3925 0.14 0.4025 0.13666666666666666 0.4115 0.13777777777777778 0.416 0.1511111111111111 0.422 0.1711111111111111 0.423 0.19111111111111112 0.4205 0.2 0.417 0.2088888888888889 0.409 0.2088888888888889 0.401
0 0.12555555555555556 0.3505 0.11666666666666667 0.35 0.10555555555555556 0.352 0.08444444444444445 0.3525 0.07777777777777778 0.3545 0.06888888888888889 0.361 0.058888888888888886 0.3655 0.056666666666666664 0.374 0.06111111111111111 0.3805 0.07666666666666666 0.387 0.08777777777777777 0.39 0.10222222222222223 0.39 0.1111111111111111 0.3875 0.1288888888888889 0.377 0.13 0.369 0.12666666666666668 0.359 0.13 0.353
0 0.1511111111111111 0.3465 0.14 0.3495 0.1322222222222222 0.354 0.13 0.357 0.1322222222222222 0.372 0.14222222222222222 0.38 0.15222222222222223 0.385 0.17888888888888888 0.387 0.19333333333333333 0.3835 0.20555555555555555 0.3745 0.20555555555555555 0.365 0.20333333333333334 0.3615 0.19444444444444445 0.354 0.17666666666666667 0.3475 0.16444444444444445 0.346
0 0.2577777777777778 0.365 0.24888888888888888 0.367 0.22777777777777777 0.3685 0.20777777777777778 0.375 0.2 0.3815 0.1922222222222222 0.385 0.1922222222222222 0.3895 0.19555555555555557 0.392 0.21222222222222223 0.3995 0.22666666666666666 0.402 0.2411111111111111 0.402 0.2588888888888889 0.3975 0.27 0.385 0.2722222222222222 0.375 0.26666666666666666 0.369
0 0.62 0.4625 0.6077777777777778 0.4685 0.6066666666666667 0.479 0.6111111111111112 0.4855 0.6211111111111111 0.4925 0.6377777777777778 0.4985 0.6566666666666666 0.4985 0.6655555555555556 0.4975 0.6777777777777778 0.494 0.6811111111111111 0.4915 0.68 0.4805 0.6777777777777778 0.4765 0.67 0.4705 0.6488888888888888 0.463 0.6411111111111111 0.462
0 0.5511111111111111 0.446 0.5333333333333333 0.4545 0.5333333333333333 0.4645 0.5566666666666666 0.475 0.5688888888888889 0.4775 0.5788888888888889 0.477 0.5977777777777777 0.472 0.6066666666666667 0.468 0.6088888888888889 0.459 0.5966666666666667 0.4495 0.5722222222222222 0.45 0.5611111111111111 0.4465
0 0.6477777777777778 0.4425 0.63 0.4385 0.6211111111111111 0.441 0.6177777777777778 0.4445 0.6022222222222222 0.4505 0.6044444444444445 0.4555 0.6122222222222222 0.4605 0.6233333333333333 0.4615 0.6288888888888889 0.4605 0.6477777777777778 0.4605 0.6577777777777778 0.4545 0.6577777777777778 0.4505
0 0.7455555555555555 0.4605 0.7244444444444444 0.4605 0.7166666666666667 0.462 0.7022222222222222 0.4675 0.6933333333333334 0.4745 0.6922222222222222 0.4835 0.6944444444444444 0.4865 0.7111111111111111 0.495 0.7266666666666667 0.4965 0.7422222222222222 0.4945 0.7566666666666667 0.4905 0.7733333333333333 0.4825 0.7744444444444445 0.476 0.7666666666666667 0.4655 0.7611111111111111 0.463
0 0.7755555555555556 0.4515 0.77 0.461 0.7711111111111111 0.467 0.78 0.4745 0.7877777777777778 0.477 0.8022222222222222 0.4775 0.8255555555555556 0.475 0.84 0.47 0.8511111111111112 0.4605 0.8511111111111112 0.4575 0.8477777777777777 0.4555 0.8055555555555556 0.449 0.7866666666666666 0.449
0 0.8777777777777778 0.4145 0.8788888888888889 0.4345 0.8844444444444445 0.4435 0.89 0.4465 0.9055555555555556 0.4495 0.9188888888888889 0.449 0.9311111111111111 0.4465 0.9455555555555556 0.4415 0.9488888888888889 0.436 0.9477777777777778 0.4315 0.9444444444444444 0.428 0.9233333333333333 0.4195 0.8966666666666666 0.4135 0.89 0.413
0 0.74 0.404 0.7377777777777778 0.41 0.7388888888888889 0.4165 0.7444444444444445 0.4205 0.7566666666666667 0.424 0.7811111111111111 0.4255 0.7977777777777778 0.425 0.8055555555555556 0.424 0.8233333333333334 0.418 0.8233333333333334 0.412 0.8 0.3995 0.7833333333333333 0.395 0.77 0.3935 0.7577777777777778 0.394 0.7477777777777778 0.3975
0 0.7066666666666667 0.4285 0.7 0.4295 0.68 0.4365 0.6777777777777778 0.4385 0.6777777777777778 0.4455 0.6811111111111111 0.45 0.6888888888888889 0.454 0.7077777777777777 0.4585 0.72 0.4595 0.7311111111111112 0.4575 0.7455555555555555 0.4515 0.7488888888888889 0.448 0.7488888888888889 0.442 0.7433333333333333 0.435 0.7333333333333333 0.4295 0.7222222222222222 0.428
0 0.6033333333333334 0.416 0.6 0.4205 0.6222222222222222 0.434 0.6355555555555555 0.439 0.6477777777777778 0.442 0.6566666666666666 0.442 0.6744444444444444 0.4395 0.68 0.436 0.6844444444444444 0.4235 0.6811111111111111 0.42 0.67 0.414 0.6588888888888889 0.412 0.6388888888888888 0.4105 0.6211111111111111 0.4145
0 0.5944444444444444 0.4205 0.5777777777777777 0.4205 0.5655555555555556 0.4255 0.5533333333333333 0.4275 0.5511111111111111 0.429 0.55 0.4375 0.5522222222222222 0.4415 0.5566666666666666 0.445 0.5688888888888889 0.449 0.5788888888888889 0.45 0.6055555555555555 0.4485 0.6188888888888889 0.443 0.62 0.4325 0.61 0.4255 0.6022222222222222 0.422
0 0.48444444444444446 0.407 0.47333333333333333 0.4085 0.45444444444444443 0.4155 0.4533333333333333 0.4215 0.4488888888888889 0.427 0.4488888888888889 0.4365 0.45444444444444443 0.443 0.46444444444444444 0.4465 0.48444444444444446 0.4455 0.4955555555555556 0.443 0.5077777777777778 0.4375 0.5188888888888888 0.429 0.52 0.4225 0.5155555555555555 0.417 0.49666666666666665 0.409
0 0.43666666666666665 0.4055 0.4122222222222222 0.4045 0.38555555555555554 0.411 0.3788888888888889 0.414 0.37555555555555553 0.419 0.37555555555555553 0.4255 0.39222222222222225 0.4385 0.4 0.44 0.41333333333333333 0.4395 0.43666666666666665 0.4335 0.44666666666666666 0.4285 0.45222222222222225 0.4215 0.45111111111111113 0.412
0 0.32555555555555554 0.4015 0.31 0.4085 0.30444444444444446 0.4125 0.31555555555555553 0.416 0.3433333333333333 0.429 0.35444444444444445 0.4305 0.36666666666666664 0.4295 0.37333333333333335 0.426 0.37777777777777777 0.4155 0.37777777777777777 0.411 0.37444444444444447 0.4065 0.3622222222222222 0.401 0.33444444444444443 0.4005
0 0.3 0.3765 0.28 0.3775 0.2733333333333333 0.3795 0.26 0.3965 0.26 0.4005 0.2644444444444444 0.4065 0.2733333333333333 0.4095 0.28444444444444444 0.41 0.31333333333333335 0.407 0.3211111111111111 0.404 0.3244444444444444 0.401 0.3233333333333333 0.396 0.31444444444444447 0.3835 0.3088888888888889 0.3795
0 0.3888888888888889 0.3695 0.37 0.3655 0.35777777777777775 0.3645 0.34444444444444444 0.3665 0.33 0.3725 0.3188888888888889 0.3795 0.31555555555555553 0.385 0.3211111111111111 0.393 0.33111111111111113 0.3995 0.34 0.4005 0.36777777777777776 0.4 0.38 0.3985 0.3888888888888889 0.396 0.3988888888888889 0.3835 0.3988888888888889 0.378 0.39444444444444443 0.372
0 0.4022222222222222 0.378 0.39111111111111113 0.396 0.3977777777777778 0.4005 0.43 0.405 0.44333333333333336 0.405 0.4633333333333333 0.401 0.46444444444444444 0.3925 0.45444444444444443 0.3815 0.4477777777777778 0.378 0.43222222222222223 0.374 0.4122222222222222 0.3745
0 0.5166666666666667 0.372 0.5066666666666667 0.372 0.4922222222222222 0.3745 0.48333333333333334 0.377 0.4722222222222222 0.3835 0.4677777777777778 0.3885 0.4688888888888889 0.397 0.48444444444444446 0.403 0.49444444444444446 0.404 0.5155555555555555 0.4035 0.5366666666666666 0.397 0.5444444444444444 0.3915 0.5455555555555556 0.387 0.54 0.3805 0.5288888888888889 0.375
0 0.5444444444444444 0.3955 0.5144444444444445 0.4045 0.5144444444444445 0.415 0.52 0.42 0.5355555555555556 0.425 0.5577777777777778 0.427 0.5688888888888889 0.4245 0.5766666666666667 0.421 0.5811111111111111 0.414 0.5811111111111111 0.409 0.5777777777777777 0.404 0.5688888888888889 0.3975 0.56 0.3955
0 0.5777777777777777 0.3775 0.5766666666666667 0.38 0.5655555555555556 0.384 0.5644444444444444 0.3925 0.5655555555555556 0.396 0.5755555555555556 0.4015 0.5811111111111111 0.408 0.5911111111111111 0.4115 0.61 0.415 0.6166666666666667 0.415 0.6322222222222222 0.4125 0.6422222222222222 0.4075 0.6477777777777778 0.401 0.6477777777777778 0.3965 0.6411111111111111 0.39 0.63 0.385 0.6177777777777778 0.382 0.5955555555555555 0.38 0.5877777777777777 0.3765
0 0.6733333333333333 0.402 0.6711111111111111 0.404 0.6722222222222223 0.413 0.6822222222222222 0.42 0.6922222222222222 0.4245 0.7055555555555556 0.428 0.7211111111111111 0.4265 0.7277777777777777 0.4245 0.7355555555555555 0.409 0.7355555555555555 0.404 0.72 0.3995 0.6877777777777778 0.3985
0 0.6622222222222223 0.3685 0.6611111111111111 0.373 0.6677777777777778 0.3775 0.6677777777777778 0.381 0.6722222222222223 0.3845 0.6977777777777778 0.3965 0.7055555555555556 0.398 0.7211111111111111 0.398 0.7355555555555555 0.393 0.7444444444444445 0.386 0.7455555555555555 0.382 0.7444444444444445 0.3775 0.74 0.3745 0.7177777777777777 0.3685 0.7 0.367 0.6722222222222223 0.3665
0 0.8366666666666667 0.364 0.8266666666666667 0.3685 0.83 0.38 0.8388888888888889 0.389 0.8444444444444444 0.3915 0.8566666666666667 0.393 0.8688888888888889 0.389 0.88 0.381 0.8822222222222222 0.3765 0.8755555555555555 0.3715 0.8588888888888889 0.365 0.85 0.3635
0 0.7244444444444444 0.3425 0.7222222222222222 0.3445 0.7244444444444444 0.3575 0.7322222222222222 0.3675 0.7433333333333333 0.3745 0.7622222222222222 0.3775 0.77 0.377 0.7866666666666666 0.3735 0.7966666666666666 0.366 0.7966666666666666 0.3605 0.79 0.3545 0.7611111111111111 0.344 0.7388888888888889 0.342
0 0.8511111111111112 0.3265 0.8177777777777778 0.322 0.8111111111111111 0.322 0.7766666666666666 0.3285 0.7644444444444445 0.3335 0.7666666666666667 0.341 0.7822222222222223 0.3515 0.8 0.3555 0.82 0.3555 0.8277777777777777 0.3545 0.8488888888888889 0.347 0.8577777777777778 0.342 0.8566666666666667 0.33
0 0.7522222222222222 0.311 0.7344444444444445 0.3055 0.72 0.305 0.7044444444444444 0.3065 0.6911111111111111 0.3115 0.6822222222222222 0.3175 0.6788888888888889 0.323 0.68 0.328 0.6888888888888889 0.3315 0.6988888888888889 0.333 0.7144444444444444 0.333 0.7355555555555555 0.3305 0.7433333333333333 0.327 0.7544444444444445 0.3185
0 0.6277777777777778 0.344 0.6266666666666667 0.3465 0.6388888888888888 0.356 0.6666666666666666 0.364 0.6766666666666666 0.3655 0.6877777777777778 0.3655 0.7 0.3635 0.7088888888888889 0.359 0.71 0.3485 0.7055555555555556 0.3435 0.6988888888888889 0.341 0.6844444444444444 0.339 0.6644444444444444 0.338 0.6366666666666667 0.3415
0 0.5866666666666667 0.359 0.5777777777777777 0.3645 0.5777777777777777 0.3705 0.59 0.378 0.5955555555555555 0.3795 0.63 0.3825 0.6444444444444445 0.3775 0.65 0.373 0.6511111111111111 0.3685 0.6444444444444445 0.36 0.6411111111111111 0.3585 0.63 0.358 0.6233333333333333 0.3565 0.6044444444444445 0.3565
0 0.5555555555555556 0.3265 0.5411111111111111 0.3335 0.5466666666666666 0.347 0.5522222222222222 0.351 0.5611111111111111 0.355 0.5766666666666667 0.3585 0.5866666666666667 0.359 0.6088888888888889 0.355 0.6155555555555555 0.3515 0.6211111111111111 0.3415 0.6077777777777778 0.332 0.5944444444444444 0.3275 0.5711111111111111 0.3245
0 0.42777777777777776 0.352 0.42444444444444446 0.359 0.42444444444444446 0.366 0.42777777777777776 0.371 0.43666666666666665 0.3755 0.4477777777777778 0.378 0.4711111111111111 0.378 0.47888888888888886 0.377 0.49666666666666665 0.3715 0.52 0.3695 0.5266666666666666 0.366 0.5266666666666666 0.365 0.5144444444444445 0.363 0.5066666666666667 0.359 0.4922222222222222 0.3565 0.4822222222222222 0.352 0.4688888888888889 0.349 0.4444444444444444 0.347 0.43444444444444447 0.3485
0 0.37666666666666665 0.328 0.3488888888888889 0.338 0.34444444444444444 0.3415 0.34555555555555556 0.3505 0.3511111111111111 0.3575 0.3611111111111111 0.362 0.37222222222222223 0.3655 0.39555555555555555 0.369 0.4177777777777778 0.3615 0.4211111111111111 0.3545 0.4211111111111111 0.3475 0.4033333333333333 0.333 0.3877777777777778 0.3285
0 0.3055555555555556 0.3355 0.3 0.336 0.29555555555555557 0.3385 0.29 0.3395 0.2788888888888889 0.346 0.27444444444444444 0.353 0.27444444444444444 0.3605 0.27666666666666667 0.3655 0.2833333333333333 0.3695 0.2911111111111111 0.3715 0.3088888888888889 0.373 0.33111111111111113 0.37 0.34 0.3655 0.3422222222222222 0.3615 0.3422222222222222 0.3505 0.33666666666666667 0.345 0.31777777777777777 0.338
0 0.24 0.3325 0.23 0.3325 0.22555555555555556 0.3385 0.21666666666666667 0.3445 0.20222222222222222 0.35 0.2011111111111111 0.3525 0.20222222222222222 0.3575 0.20777777777777778 0.3615 0.2288888888888889 0.368 0.25 0.3665 0.26 0.3625 0.2688888888888889 0.355 0.2688888888888889 0.3485 0.26555555555555554 0.3435
0 0.3011111111111111 0.313 0.2911111111111111 0.3115 0.2822222222222222 0.315 0.27 0.317 0.25555555555555554 0.317 0.23777777777777778 0.315 0.23222222222222222 0.3175 0.23222222222222222 0.319 0.23666666666666666 0.323 0.2388888888888889 0.33 0.24666666666666667 0.3345 0.26 0.338 0.2777777777777778 0.339 0.2922222222222222 0.338 0.3 0.3335 0.30444444444444446 0.326
0 0.18333333333333332 0.31 0.17222222222222222 0.3125 0.16555555555555557 0.316 0.16 0.3305 0.16333333333333333 0.335 0.17444444444444446 0.3415 0.17777777777777778 0.3455 0.18666666666666668 0.35 0.19666666666666666 0.351 0.2088888888888889 0.3475 0.2222222222222222 0.341 0.23 0.3305 0.23222222222222222 0.322 0.2222222222222222 0.314 0.2011111111111111 0.31
0 0.32555555555555554 0.303 0.31555555555555553 0.306 0.30777777777777776 0.3105 0.30777777777777776 0.3215 0.31 0.3245 0.32555555555555554 0.3335 0.35333333333333333 0.335 0.3711111111111111 0.328 0.3788888888888889 0.3215 0.38333333333333336 0.3115 0.38222222222222224 0.3085 0.3711111111111111 0.3035 0.35888888888888887 0.3035 0.3477777777777778 0.3015
0 0.3933333333333333 0.306 0.38555555555555554 0.3095 0.38 0.3175 0.38222222222222224 0.3245 0.40444444444444444 0.3315 0.4177777777777778 0.3315 0.42444444444444446 0.33 0.44555555555555554 0.3195 0.4444444444444444 0.3165 0.43333333333333335 0.3105 0.41444444444444445 0.305
0 0.4533333333333333 0.3175 0.42777777777777776 0.3285 0.4266666666666667 0.3385 0.4477777777777778 0.3465 0.4677777777777778 0.348 0.47444444444444445 0.3435 0.47444444444444445 0.329 0.4666666666666667 0.3195
0 0.47888888888888886 0.328 0.4766666666666667 0.329 0.4777777777777778 0.337 0.47555555555555556 0.346 0.48 0.35 0.4922222222222222 0.3555 0.5033333333333333 0.358 0.52 0.358 0.5344444444444445 0.3545 0.5444444444444444 0.3475 0.5444444444444444 0.3425 0.5355555555555556 0.3335 0.5177777777777778 0.3275 0.51 0.3265 0.4922222222222222 0.3265
0 0.5188888888888888 0.301 0.5144444444444445 0.303 0.5077777777777778 0.31 0.5066666666666667 0.315 0.5166666666666667 0.3255 0.5222222222222223 0.3285 0.5333333333333333 0.331 0.5422222222222223 0.331 0.5577777777777778 0.3255 0.57 0.3235 0.5788888888888889 0.316 0.5788888888888889 0.3105 0.5733333333333334 0.308 0.5455555555555556 0.3005
0 0.5366666666666666 0.285 0.5355555555555556 0.291 0.54 0.2975 0.5666666666666667 0.306 0.58 0.308 0.6022222222222222 0.306 0.61 0.303 0.6122222222222222 0.2985 0.6055555555555555 0.2895 0.5933333333333334 0.2835 0.5711111111111111 0.28 0.5644444444444444 0.28
0 0.6066666666666667 0.309 0.5966666666666667 0.3145 0.5944444444444444 0.3225 0.5988888888888889 0.328 0.6122222222222222 0.3355 0.6222222222222222 0.3395 0.6288888888888889 0.34 0.6488888888888888 0.3395 0.6611111111111111 0.338 0.6766666666666666 0.3295 0.6777777777777778 0.317 0.6655555555555556 0.3085 0.6522222222222223 0.305 0.6288888888888889 0.3045
0 0.6288888888888889 0.2745 0.6111111111111112 0.2805 0.6055555555555555 0.286 0.6066666666666667 0.2925 0.6144444444444445 0.299 0.6266666666666667 0.3035 0.6388888888888888 0.3045 0.6522222222222223 0.304 0.6666666666666666 0.2985 0.6744444444444444 0.291 0.6744444444444444 0.2865 0.6555555555555556 0.276 0.64 0.274
0 0.7266666666666667 0.261 0.7166666666666667 0.2615 0.7011111111111111 0.267 0.6955555555555556 0.2705 0.6911111111111111 0.2785 0.6944444444444444 0.2875 0.7066666666666667 0.297 0.7155555555555555 0.3 0.7311111111111112 0.2995 0.7544444444444445 0.293 0.7677777777777778 0.284 0.7677777777777778 0.2745 0.7622222222222222 0.2705 0.7533333333333333 0.267
0 0.7577777777777778 0.2515 0.7511111111111111 0.2555 0.7544444444444445 0.264 0.7688888888888888 0.275 0.7788888888888889 0.277 0.7911111111111111 0.2775 0.8066666666666666 0.2755 0.82 0.2695 0.83 0.261 0.8288888888888889 0.2545 0.8166666666666667 0.2505 0.8011111111111111 0.249 0.7688888888888888 0.249
0 0.8533333333333334 0.223 0.8444444444444444 0.226 0.8388888888888889 0.232 0.84 0.2405 0.8455555555555555 0.25 0.8533333333333334 0.256 0.8633333333333333 0.259 0.8866666666666667 0.259 0.8944444444444445 0.257 0.9011111111111111 0.2525 0.9022222222222223 0.236 0.8988888888888888 0.229 0.8922222222222222 0.225 0.8822222222222222 0.2225 0.8622222222222222 0.222
0 0.7911111111111111 0.1685 0.7855555555555556 0.173 0.7855555555555556 0.1805 0.7933333333333333 0.1875 0.8044444444444444 0.192 0.8155555555555556 0.194 0.8333333333333334 0.194 0.8566666666666667 0.1885 0.8588888888888889 0.186 0.8577777777777778 0.1805 0.8466666666666667 0.169 0.84 0.1655 0.8266666666666667 0.163 0.81 0.163
0 0.7511111111111111 0.2175 0.7355555555555555 0.2155 0.7144444444444444 0.2165 0.7033333333333334 0.22 0.6944444444444444 0.228 0.6933333333333334 0.236 0.6977777777777778 0.2465 0.7166666666666667 0.2575 0.7266666666666667 0.2575 0.7522222222222222 0.2535 0.7655555555555555 0.248 0.7744444444444445 0.242 0.7766666666666666 0.238 0.7755555555555556 0.2275 0.7688888888888888 0.2225
0 0.6977777777777778 0.2475 0.6833333333333333 0.2455 0.6722222222222223 0.2455 0.6488888888888888 0.2505 0.64 0.255 0.6411111111111111 0.268 0.6566666666666666 0.273 0.6622222222222223 0.2735 0.6811111111111111 0.273 0.6888888888888889 0.271 0.7011111111111111 0.2645 0.7044444444444444 0.2565 0.7033333333333334 0.251
0 0.5933333333333334 0.2405 0.5688888888888889 0.246 0.5644444444444444 0.249 0.5622222222222222 0.257 0.5655555555555556 0.266 0.5744444444444444 0.275 0.5933333333333334 0.278 0.6111111111111112 0.278 0.6255555555555555 0.275 0.6355555555555555 0.271 0.6388888888888888 0.268 0.6377777777777778 0.255 0.6277777777777778 0.2455 0.6211111111111111 0.242 0.6122222222222222 0.2405
0 0.5377777777777778 0.2535 0.5188888888888888 0.2525 0.5077777777777778 0.254 0.49777777777777776 0.258 0.4911111111111111 0.2645 0.4888888888888889 0.28 0.49777777777777776 0.2845 0.5077777777777778 0.2865 0.5344444444444445 0.286 0.5411111111111111 0.2835 0.5533333333333333 0.282 0.5666666666666667 0.2765 0.5677777777777778 0.271 0.5611111111111111 0.2635 0.5466666666666666 0.2555
0 0.4955555555555556 0.2855 0.47888888888888886 0.285 0.45444444444444443 0.287 0.4388888888888889 0.291 0.4288888888888889 0.2955 0.4255555555555556 0.299 0.43444444444444447 0.304 0.44222222222222224 0.311 0.4677777777777778 0.318 0.49333333333333335 0.317 0.5044444444444445 0.3135 0.5133333333333333 0.3035 0.5144444444444445 0.2955 0.5088888888888888 0.2895
0 0.4 0.274 0.3811111111111111 0.2745 0.36444444444444446 0.28 0.36333333333333334 0.289 0.3655555555555556 0.294 0.37333333333333335 0.3 0.38555555555555554 0.3055 0.4077777777777778 0.3035 0.4211111111111111 0.2995 0.43444444444444447 0.2895 0.43444444444444447 0.2865 0.4111111111111111 0.2755
0 0.30777777777777776 0.2725 0.3022222222222222 0.275 0.29333333333333333 0.2825 0.29333333333333333 0.2875 0.30333333333333334 0.295 0.3111111111111111 0.298 0.32555555555555554 0.3005 0.3388888888888889 0.301 0.35 0.2995 0.3622222222222222 0.2935 0.36333333333333334 0.283 0.3611111111111111 0.281 0.3277777777777778 0.2705 0.31666666666666665 0.2705
0 0.23333333333333334 0.288 0.22555555555555556 0.2915 0.21555555555555556 0.299 0.21555555555555556 0.305 0.22333333333333333 0.3085 0.24444444444444444 0.3145 0.2577777777777778 0.3165 0.2777777777777778 0.3155 0.29555555555555557 0.3085 0.3 0.303 0.2966666666666667 0.2925 0.28888888888888886 0.288 0.2822222222222222 0.2865 0.24666666666666667 0.286
0 0.29555555555555557 0.2645 0.2866666666666667 0.2615 0.25666666666666665 0.2635 0.2388888888888889 0.263 0.23333333333333334 0.267 0.23222222222222222 0.27 0.23444444444444446 0.2795 0.2388888888888889 0.282 0.25222222222222224 0.2855 0.2788888888888889 0.2855 0.28888888888888886 0.2845 0.3022222222222222 0.274 0.3022222222222222 0.2705
0 0.23555555555555555 0.281 0.21888888888888888 0.2795 0.20666666666666667 0.277 0.17666666666666667 0.278 0.16555555555555557 0.2805 0.15444444444444444 0.287 0.15555555555555556 0.2945 0.16444444444444445 0.3045 0.17777777777777778 0.309 0.20666666666666667 0.309 0.21 0.308 0.21444444444444444 0.3045 0.21555555555555556 0.2995 0.23 0.2895 0.23777777777777778 0.2865 0.2388888888888889 0.283
0 0.13555555555555557 0.308 0.11444444444444445 0.3105 0.10333333333333333 0.318 0.11555555555555555 0.3285 0.12555555555555556 0.3445 0.13444444444444445 0.343 0.15222222222222223 0.3345 0.16111111111111112 0.3195 0.15333333333333332 0.311
0 0.08333333333333333 0.315 0.07666666666666666 0.318 0.06777777777777778 0.3275 0.06777777777777778 0.335 0.07444444444444444 0.3455 0.07888888888888888 0.3495 0.08555555555555555 0.3515 0.1 0.3515 0.11333333333333333 0.35 0.12333333333333334 0.3465 0.12333333333333334 0.3405 0.11555555555555555 0.3285 0.10111111111111111 0.3175 0.09333333333333334 0.315
0 0.011111111111111112 0.3385 0.006666666666666667 0.3405 0.0044444444444444444 0.3445 0.0 0.345 0.0 0.358 0.0044444444444444444 0.3585 0.008888888888888889 0.363 0.01888888888888889 0.367 0.03 0.3685 0.05333333333333334 0.3675 0.07 0.36 0.07333333333333333 0.357 0.07333333333333333 0.3515 0.07 0.347 0.05555555555555555 0.34 0.04777777777777778 0.3385 0.022222222222222223 0.337
0 0.0 0.3585 0.0 0.382 0.0044444444444444444 0.382 0.016666666666666666 0.3765 0.017777777777777778 0.367 0.005555555555555556 0.359
0 0.022222222222222223 0.307 0.006666666666666667 0.3135 0.0033333333333333335 0.3165 0.0 0.3165 0.0 0.3285 0.0033333333333333335 0.3285 0.0077777777777777776 0.3315 0.022222222222222223 0.3365 0.05555555555555555 0.338 0.056666666666666664 0.334 0.06333333333333334 0.332 0.07111111111111111 0.3225 0.07111111111111111 0.318 0.06666666666666667 0.313 0.058888888888888886 0.308 0.04888888888888889 0.306 0.03333333333333333 0.3055
0 0.0 0.2775 0.0 0.314 0.0044444444444444444 0.314 0.02 0.307 0.023333333333333334 0.3015 0.012222222222222223 0.282 0.005555555555555556 0.2775
0 0.017777777777777778 0.2765 0.014444444444444444 0.279 0.013333333333333334 0.284 0.01888888888888889 0.2955 0.025555555555555557 0.3025 0.052222222222222225 0.3065 0.07444444444444444 0.3055 0.08222222222222222 0.303 0.08555555555555555 0.3005 0.09111111111111111 0.2875 0.09111111111111111 0.283 0.08222222222222222 0.2775 0.06555555555555556 0.2735 0.028888888888888888 0.2745
0 0.09888888888888889 0.282 0.09222222222222222 0.286 0.08666666666666667 0.298 0.08888888888888889 0.307 0.09888888888888889 0.3125 0.10888888888888888 0.3125 0.11444444444444445 0.3095 0.12333333333333334 0.308 0.14888888888888888 0.307 0.15777777777777777 0.301 0.15555555555555556 0.2945 0.15 0.289 0.13666666666666666 0.2865 0.11777777777777777 0.28 0.10555555555555556 0.28
0 0.10555555555555556 0.2615 0.1 0.2645 0.09888888888888889 0.268 0.10333333333333333 0.273 0.1111111111111111 0.2775 0.13555555555555557 0.286 0.14222222222222222 0.287 0.15333333333333332 0.2865 0.16666666666666666 0.279 0.17 0.2755 0.17 0.2705 0.16555555555555557 0.2655 0.15444444444444444 0.263 0.14 0.263 0.11777777777777777 0.261
0 0.21888888888888888 0.248 0.20222222222222222 0.2465 0.18555555555555556 0.2475 0.1711111111111111 0.25 0.16444444444444445 0.26 0.17333333333333334 0.273 0.17888888888888888 0.2765 0.18555555555555556 0.2775 0.20333333333333334 0.2765 0.23222222222222222 0.267 0.23444444444444446 0.262 0.22555555555555556 0.2565
0 0.0077777777777777776 0.2385 0.005555555555555556 0.2395 0.005555555555555556 0.2565 0.015555555555555555 0.2665 0.03111111111111111 0.2735 0.04555555555555556 0.274 0.05555555555555555 0.273 0.06888888888888889 0.268 0.08 0.2605 0.0811111111111111 0.252 0.07888888888888888 0.2495 0.06666666666666667 0.2435 0.04111111111111111 0.238
0 0.16777777777777778 0.24 0.1622222222222222 0.2345 0.15777777777777777 0.233 0.12777777777777777 0.2335 0.09777777777777778 0.239 0.08444444444444445 0.244 0.0811111111111111 0.2485 0.08444444444444445 0.252 0.09555555555555556 0.257 0.10666666666666667 0.26 0.14 0.262 0.15222222222222223 0.2615 0.1622222222222222 0.2575 0.16777777777777778 0.252
0 0.2777777777777778 0.2375 0.2677777777777778 0.2365 0.25222222222222224 0.2375 0.2388888888888889 0.24 0.23 0.2435 0.22555555555555556 0.2485 0.22555555555555556 0.253 0.23333333333333334 0.26 0.24222222222222223 0.262 0.2611111111111111 0.2625 0.2823333333333333 0.26180000000000003 0.28555555555555556 0.2515 0.28444444444444444 0.243
0 0.3111111111111111 0.256 0.31 0.2605 0.31555555555555553 0.266 0.3244444444444444 0.27 0.35444444444444445 0.2785 0.3622222222222222 0.279 0.37333333333333335 0.277 0.38222222222222224 0.273 0.39 0.2655 0.39111111111111113 0.2595 0.37777777777777777 0.254 0.35777777777777775 0.2505 0.32666666666666666 0.251
0 0.42 0.2565 0.4122222222222222 0.266 0.4122222222222222 0.2755 0.42333333333333334 0.2815 0.45444444444444443 0.286 0.47444444444444445 0.2855 0.4855555555555556 0.2825 0.4888888888888889 0.2665 0.4855555555555556 0.2625 0.47555555555555556 0.2565 0.4666666666666667 0.2575 0.45666666666666667 0.257 0.45111111111111113 0.2555 0.4488888888888889 0.2515 0.43 0.2535
0 0.3811111111111111 0.2335 0.37444444444444447 0.243 0.37444444444444447 0.2475 0.3788888888888889 0.254 0.3888888888888889 0.258 0.41 0.258 0.4444444444444444 0.25 0.44555555555555554 0.2465 0.44333333333333336 0.2445 0.43666666666666665 0.242 0.43333333333333335 0.2385 0.4222222222222222 0.233 0.39555555555555555 0.23
0 0.3611111111111111 0.216 0.3411111111111111 0.2155 0.32555555555555554 0.224 0.31555555555555553 0.235 0.31666666666666665 0.244 0.32 0.248 0.32666666666666666 0.25 0.35777777777777775 0.2495 0.37222222222222223 0.2445 0.38 0.2345 0.38 0.2285 0.37 0.219
0 0.32666666666666666 0.2095 0.30777777777777776 0.2095 0.2777777777777778 0.2165 0.2688888888888889 0.22 0.26555555555555554 0.225 0.27 0.227 0.2733333333333333 0.232 0.29333333333333333 0.2415 0.30666666666666664 0.243 0.31555555555555553 0.2415 0.31444444444444447 0.2365 0.31777777777777777 0.2305 0.33444444444444443 0.217 0.3322222222222222 0.213
0 0.27 0.232 0.25666666666666665 0.221 0.24222222222222223 0.221 0.23 0.223 0.21888888888888888 0.223 0.20222222222222222 0.2265 0.1922222222222222 0.232 0.1922222222222222 0.236 0.19666666666666666 0.241 0.21 0.2435 0.22333333333333333 0.2435 0.25 0.237 0.26666666666666666 0.2355
0 0.13777777777777778 0.2155 0.13777777777777778 0.22 0.1411111111111111 0.2245 0.15333333333333332 0.2315 0.16555555555555557 0.2345 0.19 0.233 0.20444444444444446 0.226 0.21555555555555556 0.223 0.21777777777777776 0.221 0.21777777777777776 0.216 0.21444444444444444 0.2115 0.20444444444444446 0.2105 0.19777777777777777 0.2075 0.19 0.2065 0.15888888888888889 0.2055 0.1411111111111111 0.212
0 0.09111111111111111 0.1965 0.0811111111111111 0.2005 0.07888888888888888 0.205 0.06111111111111111 0.213 0.058888888888888886 0.221 0.06333333333333334 0.225 0.0811111111111111 0.2325 0.09888888888888889 0.236 0.10888888888888888 0.236 0.12555555555555556 0.233 0.13 0.231 0.13555555555555557 0.223 0.1388888888888889 0.209 0.13 0.2
0 0.0 0.209 0.0 0.237 0.024444444444444446 0.2375 0.03888888888888889 0.235 0.05 0.2295 0.051111111111111114 0.2165 0.04777777777777778 0.2135 0.043333333333333335 0.212 0.027777777777777776 0.211 0.016666666666666666 0.2085
0 0.0811111111111111 0.1865 0.07333333333333333 0.1835 0.06333333333333334 0.1825 0.024444444444444446 0.187 0.016666666666666666 0.1925 0.014444444444444444 0.2005 0.016666666666666666 0.2065 0.025555555555555557 0.2095 0.043333333333333335 0.212 0.057777777777777775 0.212 0.06777777777777778 0.2095 0.07555555555555556 0.2055 0.08666666666666667 0.1935
0 0.13777777777777778 0.1605 0.11888888888888889 0.1615 0.11444444444444445 0.1635 0.09888888888888889 0.1665 0.08222222222222222 0.1735 0.07888888888888888 0.1775 0.07888888888888888 0.1835 0.08666666666666667 0.192 0.09222222222222222 0.1945 0.12333333333333334 0.199 0.13555555555555557 0.1985 0.14222222222222222 0.1955 0.14444444444444443 0.19 0.15222222222222223 0.186 0.15555555555555556 0.181 0.14555555555555555 0.1695 0.14444444444444443 0.165
0 0.17333333333333334 0.177 0.15222222222222223 0.1855 0.14555555555555555 0.193 0.14666666666666667 0.198 0.15222222222222223 0.202 0.16555555555555557 0.2055 0.17666666666666667 0.2065 0.19555555555555557 0.206 0.20555555555555555 0.202 0.20555555555555555 0.1955 0.2088888888888889 0.1915 0.20666666666666667 0.1855 0.19555555555555557 0.1775
0 0.2822222222222222 0.1905 0.2677777777777778 0.187 0.2544444444444444 0.187 0.23666666666666666 0.193 0.23333333333333334 0.201 0.22111111111111112 0.212 0.22555555555555556 0.218 0.23555555555555555 0.2195 0.2588888888888889 0.2195 0.27555555555555555 0.2165 0.29888888888888887 0.2095 0.29888888888888887 0.201
0 0.24888888888888888 0.1515 0.2388888888888889 0.1525 0.22777777777777777 0.157 0.21444444444444444 0.1695 0.21777777777777776 0.183 0.23222222222222222 0.1885 0.2477777777777778 0.188 0.2644444444444444 0.184 0.28444444444444444 0.1745 0.28888888888888886 0.1695 0.28888888888888886 0.165 0.28444444444444444 0.1605 0.2688888888888889 0.155
0 0.08888888888888889 0.161 0.07 0.1555 0.03111111111111111 0.1565 0.012222222222222223 0.1595 0.006666666666666667 0.162 0.0044444444444444444 0.165 0.0 0.1655 0.0 0.1705 0.0044444444444444444 0.171 0.006666666666666667 0.177 0.012222222222222223 0.182 0.021111111111111112 0.186 0.03333333333333333 0.186 0.06222222222222222 0.182 0.07333333333333333 0.179 0.08666666666666667 0.1705 0.09 0.1635
0 0.3422222222222222 0.1865 0.33 0.19 0.3233333333333333 0.194 0.3211111111111111 0.2 0.32555555555555554 0.208 0.3411111111111111 0.214 0.3611111111111111 0.215 0.3788888888888889 0.212 0.38555555555555554 0.208 0.3888888888888889 0.202 0.3844444444444444 0.195 0.37666666666666665 0.1905 0.36333333333333334 0.1865
0 0.4033333333333333 0.197 0.3933333333333333 0.201 0.38333333333333336 0.2105 0.38222222222222224 0.2135 0.38555555555555554 0.223 0.39666666666666667 0.2285 0.40555555555555556 0.23 0.42333333333333334 0.2305 0.4411111111111111 0.228 0.45 0.2245 0.45111111111111113 0.2115 0.44333333333333336 0.204 0.4211111111111111 0.1965 0.4111111111111111 0.196
0 0.5055555555555555 0.2235 0.4988888888888889 0.223 0.4822222222222222 0.227 0.47 0.228 0.45444444444444443 0.232 0.44666666666666666 0.2425 0.4488888888888889 0.247 0.4666666666666667 0.2495 0.47333333333333333 0.254 0.4822222222222222 0.2555 0.5011111111111111 0.2555 0.5211111111111111 0.2515 0.5277777777777778 0.2455 0.5277777777777778 0.239 0.52 0.228
0 0.4722222222222222 0.2035 0.45444444444444443 0.213 0.4533333333333333 0.2215 0.46555555555555556 0.226 0.4722222222222222 0.227 0.4922222222222222 0.2255 0.5022222222222222 0.2225 0.5088888888888888 0.218 0.5111111111111111 0.213 0.5088888888888888 0.209 0.48444444444444446 0.2035
0 0.5311111111111111 0.215 0.5211111111111111 0.22 0.5211111111111111 0.2275 0.5333333333333333 0.2395 0.5511111111111111 0.2455 0.5633333333333334 0.246 0.57 0.2455 0.5944444444444444 0.238 0.6 0.233 0.6022222222222222 0.2245 0.5977777777777777 0.22 0.59 0.2165 0.5722222222222222 0.213 0.5477777777777778 0.213
0 0.6388888888888888 0.209 0.6233333333333333 0.2135 0.6055555555555555 0.2235 0.6066666666666667 0.233 0.6233333333333333 0.242 0.6466666666666666 0.2475 0.6588888888888889 0.2475 0.6811111111111111 0.24 0.6866666666666666 0.2355 0.6888888888888889 0.2275 0.6822222222222222 0.2195 0.6666666666666666 0.2125 0.6511111111111111 0.2095
0 0.74 0.191 0.7266666666666667 0.1895 0.7144444444444444 0.1865 0.7033333333333334 0.1865 0.6733333333333333 0.1895 0.6644444444444444 0.192 0.6555555555555556 0.1965 0.6555555555555556 0.2025 0.67 0.212 0.6933333333333334 0.22035 0.7111111111111111 0.2155 0.7222222222222222 0.2135 0.7355555555555555 0.2075 0.7388888888888889 0.203
0 0.6644444444444444 0.147 0.6477777777777778 0.153 0.6366666666666667 0.1545 0.6322222222222222 0.1565 0.6277777777777778 0.1615 0.6244444444444445 0.1705 0.6277777777777778 0.1785 0.6322222222222222 0.183 0.64 0.187 0.6488888888888888 0.1885 0.6733333333333333 0.189 0.6944444444444444 0.1865 0.7033333333333334 0.184 0.7077777777777777 0.1785 0.7077777777777777 0.172 0.7033333333333334 0.1635 0.6933333333333334 0.156 0.6744444444444444 0.1475
0 0.6144444444444445 0.15 0.6044444444444445 0.1495 0.5933333333333334 0.152 0.5822222222222222 0.158 0.5788888888888889 0.1615 0.5777777777777777 0.1665 0.5855555555555556 0.175 0.5944444444444444 0.1785 0.6133333333333333 0.1785 0.6233333333333333 0.173 0.6266666666666667 0.163 0.6244444444444445 0.154 0.6188888888888889 0.153
0 0.5266666666666666 0.165 0.5155555555555555 0.1695 0.51 0.1735 0.5111111111111111 0.1825 0.5244444444444445 0.1895 0.5344444444444445 0.1915 0.5477777777777778 0.1915 0.5588888888888889 0.19 0.5766666666666667 0.184 0.5777777777777777 0.18 0.5722222222222222 0.1725 0.5611111111111111 0.166 0.5455555555555556 0.1635 0.5344444444444445 0.1635
0 0.4922222222222222 0.1625 0.4777777777777778 0.159 0.46444444444444444 0.159 0.4533333333333333 0.1615 0.4288888888888889 0.1735 0.42444444444444446 0.1795 0.4222222222222222 0.192 0.4266666666666667 0.195 0.43333333333333335 0.1965 0.46111111111111114 0.197 0.4677777777777778 0.196 0.47555555555555556 0.1925 0.4911111111111111 0.1905 0.5044444444444445 0.1865 0.5088888888888888 0.1815 0.5077777777777778 0.174
0 0.3877777777777778 0.1495 0.3711111111111111 0.151 0.35888888888888887 0.1535 0.35444444444444445 0.1555 0.3511111111111111 0.1595 0.35 0.175 0.3566666666666667 0.1815 0.3688888888888889 0.1855 0.3933333333333333 0.186 0.4033333333333333 0.185 0.41555555555555557 0.1815 0.4211111111111111 0.177 0.4211111111111111 0.1685 0.4122222222222222 0.1585 0.4033333333333333 0.154 0.39111111111111113 0.1515
0 0.82 0.115 0.8 0.125 0.7933333333333333 0.1305 0.7977777777777778 0.139 0.8022222222222222 0.142 0.8211111111111111 0.1485 0.8455555555555555 0.1515 0.8644444444444445 0.15 0.8766666666666667 0.1465 0.8822222222222222 0.142 0.8822222222222222 0.134 0.8722222222222222 0.1245 0.8544444444444445 0.1165 0.8466666666666667 0.1145 0.8266666666666667 0.114
0 0.9466666666666667 0.115 0.9355555555555556 0.111 0.9244444444444444 0.111 0.8888888888888888 0.115 0.8777777777777778 0.12 0.8755555555555555 0.1275 0.88 0.1315 0.8877777777777778 0.135 0.9133333333333333 0.138 0.9322222222222222 0.137 0.9422222222222222 0.1325 0.9477777777777778 0.127 0.95 0.118
0 0.9255555555555556 0.087 0.9177777777777778 0.085 0.9022222222222223 0.086 0.8633333333333333 0.097 0.8477777777777777 0.107 0.8477777777777777 0.112 0.8522222222222222 0.1135 0.8733333333333333 0.1135 0.8877777777777778 0.115 0.93 0.11 0.9366666666666666 0.104 0.9366666666666666 0.0985
0 0.8922222222222222 0.06 0.8633333333333333 0.056 0.8466666666666667 0.058 0.84 0.0605 0.8344444444444444 0.068 0.8366666666666667 0.0725 0.8355555555555556 0.082 0.8455555555555555 0.091 0.8455555555555555 0.096 0.8477777777777777 0.097 0.8666666666666667 0.0965 0.8933333333333333 0.0885 0.9 0.079 0.9011111111111111 0.0655
0 0.7666666666666667 0.0805 0.7666666666666667 0.089 0.7844444444444445 0.0985 0.8077777777777778 0.1045 0.8211111111111111 0.106 0.8333333333333334 0.106 0.8377777777777777 0.1045 0.8433333333333334 0.097 0.8444444444444444 0.0915 0.8355555555555556 0.0815 0.8211111111111111 0.074 0.8166666666666667 0.073 0.7933333333333333 0.074
0 0.7522222222222222 0.098 0.7377777777777778 0.105 0.7355555555555555 0.1095 0.7366666666666667 0.1185 0.7611111111111111 0.131 0.7855555555555556 0.131 0.8 0.1255 0.81 0.119 0.8111111111111111 0.113 0.8088888888888889 0.1095 0.7988888888888889 0.104 0.78 0.0985
0 0.6711111111111111 0.1255 0.6711111111111111 0.1355 0.6733333333333333 0.139 0.6888888888888889 0.1435 0.7011111111111111 0.145 0.7344444444444445 0.145 0.7611111111111111 0.1355 0.7588888888888888 0.1315 0.7511111111111111 0.129 0.7466666666666667 0.1235 0.7344444444444445 0.12 0.6988888888888889 0.118 0.6777777777777778 0.121 0.6733333333333333 0.1225
0 0.6177777777777778 0.1185 0.6122222222222222 0.12 0.5988888888888889 0.128 0.5988888888888889 0.139 0.6122222222222222 0.1495 0.6233333333333333 0.153 0.64 0.154 0.6488888888888888 0.1525 0.6655555555555556 0.1455 0.67 0.14 0.6688888888888889 0.132 0.6566666666666666 0.1245 0.6277777777777778 0.119
0 0.5422222222222223 0.119 0.5344444444444445 0.121 0.5155555555555555 0.135 0.5144444444444445 0.141 0.5188888888888888 0.1515 0.5233333333333333 0.157 0.5333333333333333 0.1615 0.5433333333333333 0.163 0.5622222222222222 0.1625 0.58 0.159 0.5888888888888889 0.152 0.5888888888888889 0.1475 0.5844444444444444 0.1405 0.57 0.1285
0 0.5322222222222223 0.1025 0.5311111111111111 0.108 0.5344444444444445 0.1125 0.5411111111111111 0.1155 0.5433333333333333 0.1185 0.56 0.1245 0.5744444444444444 0.1275 0.5911111111111111 0.128 0.6055555555555555 0.1235 0.61 0.119 0.61 0.1145 0.6055555555555555 0.11 0.5955555555555555 0.1055 0.57 0.1005 0.5555555555555556 0.0995
0 0.5255555555555556 0.0855 0.5255555555555556 0.0895 0.5433333333333333 0.097 0.5488888888888889 0.097 0.56 0.1 0.57 0.1005 0.5744444444444444 0.102 0.5944444444444444 0.1045 0.6033333333333334 0.1035 0.6166666666666667 0.0995 0.6244444444444445 0.0955 0.6266666666666667 0.0925 0.6266666666666667 0.0835 0.6188888888888889 0.079 0.6066666666666667 0.0745 0.5866666666666667 0.071 0.5677777777777778 0.071 0.5477777777777778 0.0805
0 0.5111111111111111 0.1045 0.49 0.105 0.47 0.1105 0.4633333333333333 0.115 0.4633333333333333 0.1355 0.47 0.139 0.4777777777777778 0.141 0.4955555555555556 0.1415 0.5066666666666667 0.139 0.5333333333333333 0.1215 0.5366666666666666 0.115 0.5322222222222223 0.111
0 0.39444444444444443 0.111 0.39 0.12 0.39444444444444443 0.1285 0.3988888888888889 0.1315 0.42333333333333334 0.1375 0.44333333333333336 0.1375 0.46111111111111114 0.135 0.4588888888888889 0.127 0.46111111111111114 0.115 0.4533333333333333 0.1105 0.44 0.1065 0.42333333333333334 0.106 0.4033333333333333 0.1085
0 0.35 0.107 0.3422222222222222 0.1105 0.32555555555555554 0.112 0.32222222222222224 0.114 0.31777777777777777 0.122 0.3188888888888889 0.132 0.3244444444444444 0.139 0.33555555555555555 0.144 0.3488888888888889 0.1465 0.3711111111111111 0.1465 0.38333333333333336 0.144 0.39555555555555555 0.139 0.39444444444444443 0.13 0.38222222222222224 0.113 0.3611111111111111 0.107
0 0.6844444444444444 0.088 0.6722222222222223 0.087 0.6533333333333333 0.0875 0.6377777777777778 0.091 0.6266666666666667 0.0955 0.6233333333333333 0.0995 0.6255555555555555 0.111 0.6288888888888889 0.1155 0.6355555555555555 0.119 0.6455555555555555 0.1215 0.6588888888888889 0.123 0.6922222222222222 0.1185 0.7011111111111111 0.1155 0.71 0.108 0.71 0.103 0.6988888888888889 0.093
0 0.7566666666666667 0.07 0.7522222222222222 0.0685 0.7444444444444445 0.0745 0.7355555555555555 0.0775 0.7077777777777777 0.075 0.7022222222222222 0.081 0.6922222222222222 0.087 0.6944444444444444 0.091 0.7122222222222222 0.0955 0.7166666666666667 0.0985 0.7255555555555555 0.095 0.75 0.0955 0.7577777777777778 0.0945 0.7644444444444445 0.09 0.7644444444444445 0.0805
0 0.8655555555555555 0.026 0.8466666666666667 0.034 0.8444444444444444 0.0365 0.8466666666666667 0.045 0.8611111111111112 0.054 0.88 0.057 0.8911111111111111 0.057 0.9066666666666666 0.0505 0.9122222222222223 0.0465 0.9133333333333333 0.041 0.9111111111111111 0.0375 0.9044444444444445 0.032 0.8933333333333333 0.0275 0.8844444444444445 0.0255
0 0.8622222222222222 0.005 0.8633333333333333 0.01 0.8688888888888889 0.016 0.8822222222222222 0.0235 0.9144444444444444 0.023 0.9244444444444444 0.0215 0.9333333333333333 0.0155 0.9422222222222222 0.006 0.9422222222222222 0.0 0.8644444444444445 0.0
0 0.7255555555555555 0.0 0.7255555555555555 0.002 0.7377777777777778 0.007 0.7666666666666667 0.0115 0.7911111111111111 0.0105 0.8022222222222222 0.0065 0.8055555555555556 0.003 0.8055555555555556 0.0
0 0.7255555555555555 0.015 0.7155555555555555 0.021 0.7144444444444444 0.0255 0.7166666666666667 0.028 0.7311111111111112 0.034 0.75 0.038 0.7711111111111111 0.038 0.7844444444444445 0.034 0.7888888888888889 0.029 0.7888888888888889 0.021 0.7777777777777778 0.015 0.7688888888888888 0.0125 0.7566666666666667 0.0115 0.7522222222222222 0.0095
0 0.78 0.0385 0.7677777777777778 0.0435 0.7622222222222222 0.048 0.7611111111111111 0.0545 0.7655555555555555 0.0645 0.7788888888888889 0.071 0.7877777777777778 0.0735 0.8144444444444444 0.072 0.8255555555555556 0.069 0.8366666666666667 0.064 0.84 0.0585 0.8388888888888889 0.0525 0.8311111111111111 0.0475 0.8166666666666667 0.0415 0.7988888888888889 0.0385
0 0.7055555555555556 0.0345 0.6966666666666667 0.041 0.6944444444444444 0.061 0.7133333333333334 0.075 0.7255555555555555 0.078 0.7377777777777778 0.078 0.7444444444444445 0.075 0.7611111111111111 0.062 0.7588888888888888 0.049 0.7433333333333333 0.0405 0.7277777777777777 0.0355
0 0.6055555555555555 0.072 0.6233333333333333 0.081 0.6333333333333333 0.0835 0.6544444444444445 0.086 0.6811111111111111 0.087 0.6911111111111111 0.086 0.6988888888888889 0.083 0.7044444444444444 0.074 0.7033333333333334 0.0685 0.6933333333333334 0.0595 0.6866666666666666 0.057 0.6744444444444444 0.055 0.6566666666666666 0.0555 0.6366666666666667 0.059 0.62 0.0645
0 0.7088888888888889 0.024 0.6755555555555556 0.02 0.6655555555555556 0.02 0.6388888888888888 0.024 0.6255555555555555 0.0325 0.6244444444444445 0.0375 0.63 0.0405 0.64 0.05 0.6511111111111111 0.0525 0.6633333333333333 0.0525 0.6855555555555556 0.0475 0.6944444444444444 0.0435 0.7022222222222222 0.035 0.7144444444444444 0.031 0.7144444444444444 0.0285
0 0.59 0.034 0.5711111111111111 0.042 0.5622222222222222 0.0485 0.5622222222222222 0.0525 0.57 0.059 0.5755555555555556 0.061 0.5977777777777777 0.0635 0.6144444444444445 0.064 0.6266666666666667 0.0625 0.6366666666666667 0.057 0.6355555555555555 0.0475 0.6288888888888889 0.0395 0.62 0.035 0.6133333333333333 0.0335 0.5988888888888889 0.033
0 0.5833333333333334 0.009 0.5844444444444444 0.015 0.6022222222222222 0.0185 0.6111111111111112 0.0235 0.6411111111111111 0.023 0.6611111111111111 0.021 0.6744444444444444 0.017 0.6777777777777778 0.0115 0.6744444444444444 0.0 0.5944444444444444 0.0 0.5944444444444444 0.002
0 0.5244444444444445 0.0 0.5277777777777778 0.006 0.5422222222222223 0.012 0.5533333333333333 0.011 0.5644444444444444 0.0065 0.5833333333333334 0.006 0.5911111111111111 0.0025 0.5911111111111111 0.0
0 0.6066666666666667 0.019 0.5977777777777777 0.0165 0.5866666666666667 0.0155 0.58 0.0125 0.5522222222222222 0.0125 0.5355555555555556 0.015 0.5222222222222223 0.021 0.5166666666666667 0.0275 0.5188888888888888 0.033 0.5277777777777778 0.0415 0.5344444444444445 0.0445 0.54 0.045 0.5688888888888889 0.043 0.5922222222222222 0.033 0.5966666666666667 0.0275 0.6088888888888889 0.0215
0 0.49 0.075 0.46444444444444444 0.082 0.46444444444444444 0.093 0.4722222222222222 0.1 0.4822222222222222 0.103 0.49 0.104 0.5088888888888888 0.1035 0.5222222222222223 0.1 0.53 0.096 0.53 0.0915 0.5244444444444445 0.0875 0.5322222222222223 0.084 0.5322222222222223 0.0795 0.5255555555555556 0.0775 0.51 0.0755
0 0.5444444444444444 0.0475 0.5344444444444445 0.0515 0.5311111111111111 0.065 0.5155555555555555 0.072 0.5211111111111111 0.0765 0.5333333333333333 0.079 0.5522222222222222 0.0775 0.5633333333333334 0.072 0.57 0.0655 0.57 0.06 0.5666666666666667 0.059 0.5611111111111111 0.053 0.5566666666666666 0.0505
0 0.4988888888888889 0.029 0.4911111111111111 0.0305 0.4722222222222222 0.0385 0.47 0.041 0.4711111111111111 0.048 0.47888888888888886 0.051 0.4866666666666667 0.0565 0.4922222222222222 0.066 0.5077777777777778 0.0715 0.5188888888888888 0.072 0.5322222222222223 0.0645 0.5333333333333333 0.055 0.5388888888888889 0.0485 0.5344444444444445 0.0445 0.5244444444444445 0.0395 0.5155555555555555 0.0315
0 0.42777777777777776 0.0525 0.41444444444444445 0.06 0.41555555555555557 0.0655 0.42 0.0695 0.4311111111111111 0.0745 0.4488888888888889 0.079 0.4666666666666667 0.0795 0.48 0.0765 0.4855555555555556 0.0725 0.48777777777777775 0.0585 0.48444444444444446 0.054 0.4722222222222222 0.05 0.4588888888888889 0.0485 0.4477777777777778 0.0485
0 0.38222222222222224 0.073 0.37222222222222223 0.08 0.37444444444444447 0.084 0.38222222222222224 0.0895 0.40444444444444444 0.1 0.4222222222222222 0.1045 0.43777777777777777 0.1045 0.4533333333333333 0.1 0.4588888888888889 0.0935 0.4577777777777778 0.0865 0.4533333333333333 0.082 0.4166666666666667 0.071 0.39111111111111113 0.071
0 0.44 0.0 0.44 0.0015 0.4311111111111111 0.0045 0.4255555555555556 0.0095 0.4222222222222222 0.016 0.42333333333333334 0.026 0.4288888888888889 0.0315 0.4388888888888889 0.036 0.45666666666666667 0.039 0.46555555555555556 0.039 0.47888888888888886 0.0345 0.4922222222222222 0.0275 0.4955555555555556 0.022 0.4922222222222222 0.006 0.4822222222222222 0.0015 0.4822222222222222 0.0
0 0.3611111111111111 0.036 0.3466666666666667 0.041 0.3411111111111111 0.0445 0.3388888888888889 0.0485 0.3433333333333333 0.0575 0.35 0.0635 0.3566666666666667 0.0655 0.36777777777777776 0.0665 0.39111111111111113 0.0665 0.4077777777777778 0.064 0.4122222222222222 0.062 0.42333333333333334 0.0515 0.4255555555555556 0.047 0.4255555555555556 0.0415 0.42333333333333334 0.0395 0.3888888888888889 0.0345 0.37444444444444447 0.0345
0 0.3322222222222222 0.015 0.33111111111111113 0.022 0.33444444444444443 0.0265 0.3422222222222222 0.031 0.35 0.0315 0.36 0.034 0.3888888888888889 0.033 0.40444444444444444 0.028 0.4066666666666667 0.026 0.4066666666666667 0.021 0.39666666666666667 0.017 0.38666666666666666 0.0095 0.37666666666666665 0.0075 0.3566666666666667 0.007 0.3433333333333333 0.009
0 0.3888888888888889 0.0 0.39 0.0025 0.4022222222222222 0.005 0.41888888888888887 0.005 0.43333333333333335 0.002 0.43333333333333335 0.0
0 0.32666666666666666 0.0 0.32666666666666666 0.002 0.3388888888888889 0.004 0.3522222222222222 0.004 0.36444444444444446 0.002 0.36444444444444446 0.0
0 0.2644444444444444 0.0 0.2644444444444444 0.0025 0.2688888888888889 0.006 0.28888888888888886 0.0145 0.3 0.0175 0.3088888888888889 0.0175 0.31222222222222223 0.016 0.31333333333333335 0.0
0 0.2011111111111111 0.0 0.20444444444444446 0.0065 0.21222222222222223 0.012 0.22333333333333333 0.016 0.23222222222222222 0.0165 0.23766666666666666 0.01715 0.2511111111111111 0.014 0.2611111111111111 0.01 0.2633333333333333 0.0
0 0.12222222222222222 0.0 0.12333333333333334 0.006 0.12666666666666668 0.008 0.13444444444444445 0.01 0.15 0.0115 0.17 0.0115 0.18777777777777777 0.008 0.19111111111111112 0.004 0.19111111111111112 0.0
0 0.3377777777777778 0.0485 0.3277777777777778 0.0415 0.3188888888888889 0.0395 0.2966666666666667 0.039 0.2833333333333333 0.041 0.27111111111111114 0.044 0.2633333333333333 0.0485 0.26 0.057 0.25333333333333335 0.0605 0.2544444444444444 0.0645 0.2811111111111111 0.0685 0.29555555555555557 0.0685 0.3277777777777778 0.064 0.3388888888888889 0.061 0.3411111111111111 0.0585 0.3411111111111111 0.053
0 0.27111111111111114 0.0765 0.26555555555555554 0.0805 0.2611111111111111 0.0875 0.2611111111111111 0.095 0.26666666666666666 0.1 0.2822222222222222 0.1045 0.31666666666666665 0.105 0.32666666666666666 0.1035 0.3322222222222222 0.101 0.33666666666666667 0.0965 0.33666666666666667 0.0845 0.33111111111111113 0.0785 0.31777777777777777 0.072 0.31 0.07 0.2966666666666667 0.07
0 0.24333333333333335 0.063 0.23222222222222222 0.063 0.2111111111111111 0.0675 0.19777777777777777 0.0725 0.19444444444444445 0.0755 0.19555555555555557 0.081 0.2 0.0855 0.2088888888888889 0.0895 0.22333333333333333 0.0925 0.24 0.0925 0.2577777777777778 0.089 0.2644444444444444 0.085 0.26666666666666666 0.0755 0.2633333333333333 0.071 0.25666666666666665 0.066
0 0.24333333333333335 0.0465 0.22111111111111112 0.042 0.19555555555555557 0.0405 0.17333333333333334 0.0425 0.16555555555555557 0.046 0.15888888888888889 0.053 0.15888888888888889 0.058 0.1688888888888889 0.0685 0.17777777777777778 0.072 0.18777777777777777 0.0735 0.22333333333333333 0.0655 0.23555555555555555 0.061 0.24555555555555555 0.0535 0.24555555555555555 0.048
0 0.20777777777777778 0.0115 0.19555555555555557 0.009 0.18666666666666668 0.0085 0.1688888888888889 0.013 0.16111111111111112 0.0175 0.15444444444444444 0.0245 0.15444444444444444 0.0295 0.15 0.035 0.15 0.0405 0.15222222222222223 0.042 0.16555555555555557 0.043 0.17888888888888888 0.041 0.18777777777777777 0.041 0.2222222222222222 0.0335 0.22666666666666666 0.027 0.22444444444444445 0.0205
0 0.09111111111111111 0.0205 0.08444444444444445 0.026 0.08444444444444445 0.034 0.08888888888888889 0.038 0.10111111111111111 0.0415 0.11444444444444445 0.043 0.13333333333333333 0.043 0.14333333333333334 0.041 0.14777777777777779 0.038 0.14888888888888888 0.0335 0.15333333333333332 0.0295 0.15333333333333332 0.025 0.13777777777777778 0.016 0.13 0.014 0.12 0.014 0.10333333333333333 0.0165
0 0.028888888888888888 0.0 0.028888888888888888 0.0015 0.02 0.0055 0.02666666666666667 0.0185 0.03111111111111111 0.021 0.05555555555555555 0.026 0.06666666666666667 0.0265 0.08333333333333333 0.025 0.09444444444444444 0.016 0.09666666666666666 0.011 0.09444444444444444 0.0
0 0.0 0.0 0.0 0.025 0.005555555555555556 0.025 0.02 0.022 0.025555555555555557 0.017 0.021111111111111112 0.006 0.017777777777777778 0.0035 0.011111111111111112 0.002 0.01 0.0
0 0.06111111111111111 0.03 0.043333333333333335 0.029 0.028888888888888888 0.0305 0.012222222222222223 0.0405 0.0077777777777777776 0.045 0.006666666666666667 0.0535 0.01 0.0575 0.017777777777777778 0.061 0.03 0.063 0.05 0.062 0.06888888888888889 0.0585 0.08777777777777777 0.053 0.09 0.0485 0.08444444444444445 0.041
0 0.12111111111111111 0.0445 0.11222222222222222 0.045 0.10444444444444445 0.0475 0.09222222222222222 0.0595 0.09111111111111111 0.0735 0.09722222222222222 0.08075 0.11333333333333333 0.0805 0.12055555555555555 0.07865000000000001 0.12333333333333334 0.0745 0.1388888888888889 0.069 0.15555555555555556 0.0605 0.15555555555555556 0.055 0.1511111111111111 0.0515
0 0.08444444444444445 0.0575 0.07333333333333333 0.058 0.04777777777777778 0.0625 0.03 0.071 0.028888888888888888 0.0775 0.03333333333333333 0.082 0.057777777777777775 0.091 0.07222222222222222 0.0915 0.08 0.0905 0.08666666666666667 0.088 0.09 0.085 0.09 0.06
0 0.03111111111111111 0.0805 0.021111111111111112 0.0805 0.0 0.0855 0.0 0.116 0.0033333333333333335 0.116 0.012222222222222223 0.119 0.03111111111111111 0.1185 0.051111111111111114 0.1155 0.06 0.108 0.058888888888888886 0.095 0.04888888888888889 0.088 0.04 0.0855
0 0.09222222222222222 0.091 0.0811111111111111 0.0915 0.07111111111111111 0.0935 0.06333333333333334 0.0985 0.06222222222222222 0.1145 0.07333333333333333 0.125 0.0811111111111111 0.1275 0.09222222222222222 0.1275 0.11 0.124 0.12777777777777777 0.1085 0.12777777777777777 0.1035 0.12 0.0975 0.10222222222222223 0.0925
0 0.14555555555555555 0.069 0.13333333333333333 0.071 0.12111111111111111 0.0775 0.11777777777777777 0.0825 0.11888888888888889 0.093 0.12222222222222222 0.097 0.1322222222222222 0.1005 0.14444444444444443 0.102 0.16111111111111112 0.102 0.17555555555555555 0.099 0.19 0.0895 0.19 0.083 0.18222222222222223 0.0745 0.1711111111111111 0.07 0.16444444444444445 0.069
0 0.13333333333333333 0.102 0.12777777777777777 0.1105 0.11777777777777777 0.118 0.11777777777777777 0.1225 0.13 0.1315 0.1511111111111111 0.135 0.16777777777777778 0.134 0.19111111111111112 0.1235 0.19 0.119 0.18444444444444444 0.114 0.17888888888888888 0.104 0.17444444444444446 0.103
0 0.2111111111111111 0.091 0.19777777777777777 0.094 0.18555555555555556 0.1 0.18222222222222223 0.1035 0.18222222222222223 0.11 0.18555555555555556 0.1155 0.19555555555555557 0.122 0.2088888888888889 0.125 0.22666666666666666 0.1255 0.24222222222222223 0.1225 0.25333333333333335 0.1175 0.25666666666666665 0.111 0.25222222222222224 0.1045 0.23666666666666666 0.095
0 0.26555555555555554 0.1105 0.24888888888888888 0.122 0.24888888888888888 0.133 0.25333333333333335 0.139 0.25333333333333335 0.144 0.26555555555555554 0.15 0.2722222222222222 0.151 0.28888888888888886 0.1505 0.30444444444444446 0.147 0.31666666666666665 0.142 0.32 0.139 0.31666666666666665 0.1295 0.31222222222222223 0.1245 0.3011111111111111 0.1185 0.27444444444444444 0.111
0 0.18666666666666668 0.1275 0.18 0.1305 0.17888888888888888 0.1325 0.18222222222222223 0.146 0.19444444444444445 0.1545 0.20333333333333334 0.157 0.21888888888888888 0.157 0.23 0.1555 0.25 0.146 0.2511111111111111 0.1385 0.24666666666666667 0.133 0.23666666666666666 0.129 0.21555555555555556 0.1255 0.20222222222222222 0.1255
0 0.16444444444444445 0.1475 0.16 0.1495 0.14888888888888888 0.1595 0.14888888888888888 0.1675 0.15222222222222223 0.1715 0.17666666666666667 0.176 0.19666666666666666 0.177 0.20777777777777778 0.175 0.21222222222222223 0.1715 0.21222222222222223 0.166 0.20777777777777778 0.1585 0.19666666666666666 0.155 0.18333333333333332 0.1475
0 0.09222222222222222 0.133 0.08333333333333333 0.14 0.08222222222222222 0.147 0.08444444444444445 0.1495 0.1 0.1565 0.12555555555555556 0.16 0.14333333333333334 0.159 0.14888888888888888 0.1575 0.15777777777777777 0.151 0.15888888888888889 0.1455 0.15333333333333332 0.139 0.14555555555555555 0.1345 0.1288888888888889 0.131 0.11888888888888889 0.1305
0 0.006666666666666667 0.1385 0.0044444444444444444 0.143 0.008888888888888889 0.147 0.017777777777777778 0.1505 0.03777777777777778 0.1555 0.06444444444444444 0.155 0.07777777777777778 0.1505 0.07888888888888888 0.1355 0.07 0.1305 0.06222222222222222 0.1285 0.042222222222222223 0.128 0.025555555555555557 0.131
0 0.0 0.119 0.0 0.1405 0.0044444444444444444 0.1405 0.022222222222222223 0.1325 0.025555555555555557 0.127 0.014444444444444444 0.1215 0.005555555555555556 0.119
