0 0.2461453744493392 0.5622519841269841 0.24118942731277532 0.5639880952380952 0.23788546255506607 0.5679563492063492 0.23843612334801761 0.5724206349206349 0.2422907488986784 0.5756448412698413 0.24559471365638766 0.5773809523809523 0.2549559471365639 0.5798611111111112 0.2599118942731278 0.5798611111111112 0.2681718061674009 0.5786210317460317 0.2725770925110132 0.576140873015873 0.2747797356828194 0.5724206349206349 0.2720264317180617 0.5674603174603174 0.2659691629955947 0.5642361111111112 0.2599118942731278 0.5627480158730159 0.24944933920704845 0.5620039682539683
0 0.6123348017621145 0.4399801587301587 0.6062775330396476 0.4429563492063492 0.6046255506607929 0.4461805555555556 0.6051762114537445 0.44915674603174605 0.6068281938325991 0.4506448412698413 0.6101321585903083 0.45163690476190477 0.6194933920704846 0.453125 0.625 0.45287698412698413 0.6299559471365639 0.4513888888888889 0.6354625550660793 0.4476686507936508 0.6343612334801763 0.44320436507936506 0.6310572687224669 0.44146825396825395 0.623898678414097 0.4399801587301587
0 0.6365638766519823 0.4263392857142857 0.6255506607929515 0.4253472222222222 0.6183920704845814 0.4253472222222222 0.612885462555066 0.4260912698412698 0.6068281938325991 0.4312996031746032 0.6068281938325991 0.4365079365079365 0.6084801762114538 0.4382440476190476 0.6123348017621145 0.439484126984127 0.6233480176211453 0.439484126984127 0.625 0.4384920634920635 0.6255506607929515 0.4357638888888889 0.6316079295154186 0.4332837301587302 0.6401982378854625 0.4298363095238095 0.63931718061674 0.42757936507936506
0 0.6470264317180616 0.42931547619047616 0.6404185022026432 0.4303075396825397 0.6365638766519823 0.43179563492063494 0.6290198237885463 0.43479662698412697 0.6265969162995595 0.43621031746031746 0.6256057268722467 0.4380704365079365 0.6244493392070485 0.439484126984127 0.6294052863436124 0.4409722222222222 0.6360132158590308 0.4444444444444444 0.6409691629955947 0.44543650793650796 0.6497797356828194 0.4459325396825397 0.6552863436123348 0.44518849206349204 0.6624449339207048 0.4409722222222222 0.6640969162995595 0.4347718253968254 0.6618942731277533 0.43179563492063494 0.6585903083700441 0.43005952380952384
0 0.6859030837004405 0.42594246031746036 0.6790198237885462 0.42584325396825395 0.6718061674008811 0.42782738095238093 0.6640969162995595 0.4310515873015873 0.6640969162995595 0.43601190476190477 0.6662995594713657 0.439484126984127 0.6718061674008811 0.4399801587301587 0.677863436123348 0.43973214285714285 0.683920704845815 0.4384920634920635 0.6883259911894273 0.43625992063492064 0.691079295154185 0.43154761904761907
0 0.7098017621145375 0.4347718253968254 0.704295154185022 0.43427579365079366 0.6916299559471366 0.43452380952380953 0.6861233480176211 0.43774801587301587 0.6844713656387665 0.43973214285714285 0.683920704845815 0.44742063492063494 0.6866740088105727 0.45188492063492064 0.6905286343612335 0.4538690476190476 0.6949339207048458 0.45362103174603174 0.7009911894273128 0.45188492063492064 0.7070484581497798 0.44915674603174605 0.7142070484581498 0.44345238095238093 0.7158590308370044 0.4384920634920635 0.7136563876651982 0.43625992063492064
0 0.6662995594713657 0.4409722222222222 0.6580396475770925 0.44345238095238093 0.6569383259911894 0.4476686507936508 0.6591409691629956 0.455109126984127 0.6624449339207048 0.4585813492063492 0.6690528634361234 0.4600694444444444 0.6745594713656388 0.46056547619047616 0.6828193832599119 0.45907738095238093 0.683920704845815 0.45461309523809523 0.6817180616740088 0.4444444444444444 0.6789647577092511 0.44146825396825395 0.6762114537444934 0.4409722222222222
0 0.6387665198237885 0.44568452380952384 0.6277533039647577 0.45262896825396826 0.6266519823788547 0.4548611111111111 0.6277533039647577 0.4593253968253968 0.6310572687224669 0.46130952380952384 0.6343612334801763 0.46205357142857145 0.6486784140969163 0.46279761904761907 0.6563876651982379 0.46106150793650796 0.6596916299559471 0.45907738095238093 0.6580396475770925 0.45089285714285715 0.6552863436123348 0.4486607142857143 0.6519823788546255 0.44742063492063494
0 0.6294052863436124 0.4625496031746032 0.6222466960352423 0.46577380952380953 0.6194933920704846 0.47023809523809523 0.6205947136563876 0.4722222222222222 0.623898678414097 0.47470238095238093 0.6299559471365639 0.47619047619047616 0.6409691629955947 0.47643849206349204 0.6464757709251101 0.47470238095238093 0.651431718061674 0.4670138888888889 0.650330396475771 0.46378968253968256 0.6481277533039648 0.46279761904761907
0 0.7081497797356828 0.45337301587301587 0.7026431718061674 0.455109126984127 0.6998898678414097 0.45783730158730157 0.6993392070484582 0.4593253968253968 0.7009911894273128 0.4635416666666667 0.704295154185022 0.4660218253968254 0.711453744493392 0.46899801587301587 0.7169603524229075 0.46999007936507936 0.7241189427312775 0.46924603174603174 0.7301762114537445 0.46726190476190477 0.7334801762114538 0.4645337301587302 0.7351321585903083 0.45982142857142855 0.7334801762114538 0.4565972222222222 0.7301762114537445 0.4548611111111111 0.7257709251101322 0.4538690476190476 0.7180616740088106 0.453125
0 0.7263215859030837 0.4402281746031746 0.7191629955947136 0.4419642857142857 0.7109030837004405 0.44717261904761907 0.711453744493392 0.4513888888888889 0.7142070484581498 0.4523809523809524 0.7252202643171806 0.4538690476190476 0.73568281938326 0.4541170634920635 0.7461453744493393 0.451140873015873 0.7494493392070485 0.44717261904761907 0.7428414096916299 0.4409722222222222 0.737885462555066 0.4399801587301587
0 0.7610132158590308 0.43179563492063494 0.7522026431718062 0.4332837301587302 0.7472466960352423 0.43625992063492064 0.7444933920704846 0.43898809523809523 0.7444933920704846 0.4437003968253968 0.7494493392070485 0.44816468253968256 0.7538546255506607 0.44915674603174605 0.7615638766519823 0.4494047619047619 0.7692731277533039 0.4486607142857143 0.775330396475771 0.4466765873015873 0.7791850220264317 0.44345238095238093 0.7791850220264317 0.43874007936507936 0.775330396475771 0.4347718253968254 0.7698237885462555 0.43278769841269843
0 0.7263215859030837 0.41964285714285715 0.7252202643171806 0.4208829365079365 0.7241189427312775 0.4290674603174603 0.7268722466960352 0.43179563492063494 0.7301762114537445 0.4332837301587302 0.7334801762114538 0.4340277777777778 0.7444933920704846 0.43427579365079366 0.7494493392070485 0.4332837301587302 0.7582599118942731 0.4303075396825397 0.7604625550660793 0.42782738095238093 0.7582599118942731 0.4246031746031746 0.7533039647577092 0.42137896825396826 0.7483480176211453 0.41964285714285715 0.7389867841409692 0.41865079365079366 0.7329295154185022 0.41865079365079366
0 0.6998898678414097 0.41592261904761907 0.6932819383259912 0.4176587301587302 0.6888766519823789 0.42063492063492064 0.6861233480176211 0.42410714285714285 0.6888766519823789 0.42782738095238093 0.6954845814977973 0.43154761904761907 0.7009911894273128 0.43253968253968256 0.710352422907489 0.43278769841269843 0.7191629955947136 0.43080357142857145 0.7219162995594713 0.4290674603174603 0.723568281938326 0.4253472222222222 0.7230176211453745 0.4201388888888889 0.7169603524229075 0.41716269841269843 0.7092511013215859 0.41592261904761907
0 0.6668502202643172 0.41121031746031744 0.6530837004405287 0.41294642857142855 0.6497797356828194 0.4146825396825397 0.6463105726872247 0.4182043650793651 0.6439977973568282 0.42562003968253964 0.6495044052863436 0.4283234126984127 0.6562775330396475 0.429265873015873 0.6629955947136564 0.42956349206349204 0.6658039647577092 0.4290922619047619 0.6776982378854626 0.4261160714285714 0.6818281938325992 0.42363591269841266 0.6829295154185022 0.42078373015873016 0.6837555066079295 0.41808035714285713 0.6800660792951542 0.4134424603174603 0.6756607929515418 0.41220238095238093
0 0.6464757709251101 0.4117063492063492 0.63931718061674 0.4099702380952381 0.6266519823788547 0.40922619047619047 0.6211453744493393 0.40947420634920634 0.6123348017621145 0.4117063492063492 0.6068281938325991 0.41195436507936506 0.6079295154185022 0.41418650793650796 0.6068281938325991 0.419890873015873 0.6095814977973568 0.421875 0.6156387665198237 0.4243551587301587 0.6194933920704846 0.42485119047619047 0.6321585903083701 0.4243551587301587 0.63931718061674 0.4228670634920635 0.6448237885462555 0.42038690476190477 0.6470264317180616 0.41617063492063494
0 0.5963656387665198 0.4097222222222222 0.5859030837004405 0.4117063492063492 0.5759911894273128 0.4154265873015873 0.5712555066079296 0.41845238095238096 0.5870044052863436 0.4255952380952381 0.5958149779735683 0.42584325396825395 0.6034140969162995 0.4234871031746032 0.6062775330396476 0.4212797619047619 0.6073788546255506 0.4131944444444444 0.6057268722466961 0.41195436507936506
0 0.5693832599118943 0.4191468253968254 0.5677312775330396 0.419890873015873 0.5655286343612335 0.42336309523809523 0.5671806167400881 0.42782738095238093 0.5716960352422907 0.4302827380952381 0.5743392070484582 0.4312996031746032 0.579295154185022 0.4312996031746032 0.5868942731277533 0.4274801587301587 0.583920704845815 0.4241319444444444 0.5753854625550662 0.4201388888888889 0.5714757709251101 0.419593253968254
0 0.5870044052863436 0.42857142857142855 0.5748898678414097 0.4332837301587302 0.573237885462555 0.43526785714285715 0.5726872246696035 0.4399801587301587 0.5765418502202643 0.4427083333333333 0.5825991189427313 0.4439484126984127 0.5875550660792952 0.4459325396825397 0.5952643171806168 0.44717261904761907 0.598568281938326 0.4469246031746032 0.6046255506607929 0.44518849206349204 0.6090308370044053 0.439484126984127 0.6051762114537445 0.43353174603174605 0.5974669603524229 0.4305555555555556
0 0.5512114537444934 0.4253472222222222 0.5451541850220264 0.42658730158730157 0.539647577092511 0.42857142857142855 0.5379955947136564 0.4305555555555556 0.5368942731277533 0.435515873015873 0.5429515418502202 0.44072420634920634 0.5501101321585903 0.44419642857142855 0.5539647577092511 0.44494047619047616 0.5611233480176211 0.44518849206349204 0.5710352422907489 0.43874007936507936 0.573237885462555 0.435515873015873 0.5737885462555066 0.43154761904761907 0.5649779735682819 0.4263392857142857 0.5611233480176211 0.4255952380952381
0 0.5693832599118943 0.44146825396825395 0.5627753303964758 0.4444444444444444 0.558920704845815 0.44717261904761907 0.5600220264317181 0.451140873015873 0.5633259911894273 0.453125 0.5776431718061674 0.4565972222222222 0.5842511013215859 0.45634920634920634 0.5870044052863436 0.4556051587301587 0.5919603524229075 0.45188492063492064 0.5914096916299559 0.44717261904761907 0.5842511013215859 0.44345238095238093
0 0.6035242290748899 0.4503968253968254 0.5925110132158591 0.45287698412698413 0.5892070484581498 0.4548611111111111 0.5859030837004405 0.4585813492063492 0.5892070484581498 0.4662698412698413 0.5925110132158591 0.46726190476190477 0.6046255506607929 0.46850198412698413 0.6150881057268722 0.46403769841269843 0.6211453744493393 0.45882936507936506 0.6194933920704846 0.45461309523809523 0.6139867841409692 0.4521329365079365
0 0.586453744493392 0.46750992063492064 0.5754405286343612 0.470734126984127 0.5726872246696035 0.4739583333333333 0.5715859030837004 0.4789186507936508 0.5770925110132159 0.48214285714285715 0.5886563876651982 0.4833829365079365 0.5974669603524229 0.48214285714285715 0.6040748898678414 0.47941468253968256 0.6073788546255506 0.4742063492063492 0.6035242290748899 0.46999007936507936 0.5963656387665198 0.46850198412698413
0 0.579295154185022 0.4573412698412698 0.5693832599118943 0.4558531746031746 0.5622246696035242 0.4573412698412698 0.5561674008810573 0.4600694444444444 0.5501101321585903 0.46651785714285715 0.5495594713656388 0.4714781746031746 0.551762114537445 0.47470238095238093 0.5545154185022027 0.47470238095238093 0.5583700440528634 0.47371031746031744 0.5737885462555066 0.47172619047619047 0.586453744493392 0.466765873015873 0.5859030837004405 0.4623015873015873
0 0.5556167400881057 0.45188492063492064 0.5490088105726872 0.4486607142857143 0.5440528634361234 0.44742063492063494 0.5341409691629956 0.44717261904761907 0.5231277533039648 0.4496527777777778 0.5187224669603524 0.4521329365079365 0.5165198237885462 0.45461309523809523 0.5176211453744494 0.4595734126984127 0.5209251101321586 0.4615575396825397 0.5280837004405287 0.4623015873015873 0.5368942731277533 0.4623015873015873 0.5473568281938326 0.46106150793650796 0.5545154185022027 0.45907738095238093 0.5567180616740088 0.4575892857142857 0.5578193832599119 0.45436507936507936
0 0.5088105726872246 0.4419642857142857 0.4994493392070485 0.4419642857142857 0.4933920704845815 0.44320436507936506 0.48623348017621143 0.4459325396825397 0.4818281938325991 0.4503968253968254 0.48237885462555063 0.4556051587301587 0.4851321585903084 0.4575892857142857 0.4911894273127753 0.45982142857142855 0.5005506607929515 0.46056547619047616 0.5093612334801763 0.4583333333333333 0.5137665198237885 0.4556051587301587 0.5170704845814978 0.4513888888888889 0.5165198237885462 0.4476686507936508
0 0.526431718061674 0.4330357142857143 0.5176211453744494 0.43427579365079366 0.5099118942731278 0.4392361111111111 0.5110132158590308 0.4437003968253968 0.5170704845814978 0.4486607142857143 0.5269823788546255 0.44841269841269843 0.5352422907488987 0.44642857142857145 0.539647577092511 0.4437003968253968 0.5407488986784141 0.44047619047619047 0.539647577092511 0.4382440476190476
0 0.5286343612334802 0.41195436507936506 0.525330396475771 0.41418650793650796 0.5220264317180616 0.4193948412698413 0.5236784140969163 0.423859126984127 0.5269823788546255 0.4253472222222222 0.5341409691629956 0.4273313492063492 0.5429515418502202 0.4270833333333333 0.5523127753303965 0.4253472222222222 0.5616740088105727 0.42509920634920634 0.5638766519823789 0.42410714285714285 0.5682819383259912 0.4193948412698413 0.5666299559471366 0.4156746031746032 0.5627753303964758 0.4134424603174603 0.5539647577092511 0.41121031746031744 0.5484581497797357 0.4107142857142857 0.5335903083700441 0.4104662698412698
0 0.5005506607929515 0.40327380952380953 0.4933920704845815 0.40649801587301587 0.4933920704845815 0.41220238095238093 0.4994493392070485 0.41716269841269843 0.5060572687224669 0.42038690476190477 0.5176211453744494 0.4211309523809524 0.5209251101321586 0.4191468253968254 0.5275330396475771 0.41220238095238093 0.5275330396475771 0.408234126984127 0.525330396475771 0.4055059523809524 0.5220264317180616 0.4035218253968254 0.5187224669603524 0.4027777777777778 0.5055066079295154 0.4027777777777778
0 0.5352422907488987 0.39657738095238093 0.5280837004405287 0.40029761904761907 0.526431718061674 0.4045138888888889 0.5291850220264317 0.40922619047619047 0.5341409691629956 0.4104662698412698 0.552863436123348 0.4107142857142857 0.5594713656387665 0.40947420634920634 0.5627753303964758 0.40773809523809523 0.5649779735682819 0.40500992063492064 0.5633259911894273 0.40054563492063494 0.558920704845815 0.3990575396825397 0.5435022026431718 0.3960813492063492
0 0.5787444933920705 0.3958333333333333 0.5715859030837004 0.39732142857142855 0.5655286343612335 0.40029761904761907 0.5633259911894273 0.4089781746031746 0.5649779735682819 0.41220238095238093 0.5688325991189427 0.41369047619047616 0.5787444933920705 0.41393849206349204 0.5875550660792952 0.4117063492063492 0.5947136563876652 0.40848214285714285 0.5963656387665198 0.40674603174603174 0.5969162995594713 0.40327380952380953 0.5936123348017621 0.39955357142857145 0.5886563876651982 0.3975694444444444
0 0.6165198237885462 0.3949156746031746 0.61068281938326 0.39632936507936506 0.6062775330396476 0.39732142857142855 0.6029735682819384 0.3990575396825397 0.599669603524229 0.4025297619047619 0.598568281938326 0.40848214285714285 0.6035242290748899 0.4107142857142857 0.6134361233480177 0.41096230158730157 0.6283039647577092 0.40848214285714285 0.6305066079295154 0.40749007936507936 0.6327092511013216 0.40500992063492064 0.6316079295154186 0.40153769841269843 0.6266519823788547 0.39806547619047616
0 0.6563876651982379 0.3854166666666667 0.6492290748898678 0.3844246031746032 0.6398678414096917 0.38492063492063494 0.6244493392070485 0.3898809523809524 0.6222466960352423 0.39186507936507936 0.6227973568281938 0.3943452380952381 0.625 0.39657738095238093 0.6310572687224669 0.4000496031746032 0.63931718061674 0.4010416666666667 0.6448237885462555 0.39856150793650796 0.6530837004405287 0.39632936507936506 0.6607929515418502 0.3933531746031746 0.6613436123348018 0.388640873015873
0 0.6651982378854625 0.3958333333333333 0.6563876651982379 0.39533730158730157 0.6481277533039648 0.3970734126984127 0.63931718061674 0.40029761904761907 0.6360132158590308 0.4025297619047619 0.6333700440528635 0.40597718253968257 0.6365638766519823 0.408234126984127 0.6475770925110133 0.41195436507936506 0.6569383259911894 0.4124503968253968 0.663546255506608 0.41096230158730157 0.6662444933920705 0.40791170634920637 0.669988986784141 0.4037450396825397 0.6723568281938326 0.4000496031746032
0 0.6795154185022027 0.4007936507936508 0.6751101321585903 0.4035218253968254 0.6723568281938326 0.4079861111111111 0.6773127753303965 0.41220238095238093 0.6844713656387665 0.4146825396825397 0.6899779735682819 0.4156746031746032 0.7009911894273128 0.41517857142857145 0.7098017621145375 0.4126984126984127 0.7147577092511013 0.40773809523809523 0.7136563876651982 0.404265873015873 0.7087004405286343 0.40128968253968256 0.6965859030837004 0.39955357142857145 0.6877753303964758 0.39955357142857145
0 0.7180616740088106 0.4055059523809524 0.7120044052863436 0.4124503968253968 0.7147577092511013 0.4154265873015873 0.7202643171806168 0.4176587301587302 0.7252202643171806 0.41889880952380953 0.7312775330396476 0.4184027777777778 0.7450440528634361 0.41865079365079366 0.751101321585903 0.41716269841269843 0.7522026431718062 0.41517857142857145 0.75 0.4124503968253968 0.7455947136563876 0.4107142857142857 0.7400881057268722 0.40674603174603174 0.7351321585903083 0.4045138888888889 0.7252202643171806 0.4037698412698413
0 0.5137665198237885 0.42162698412698413 0.5088105726872246 0.4211309523809524 0.5 0.42137896825396826 0.493942731277533 0.42311507936507936 0.48623348017621143 0.4273313492063492 0.48623348017621143 0.43179563492063494 0.4878854625550661 0.4337797619047619 0.4900881057268722 0.4347718253968254 0.4988986784140969 0.4365079365079365 0.5088105726872246 0.43700396825396826 0.5159691629955947 0.43452380952380953 0.5209251101321586 0.43080357142857145 0.5214757709251101 0.42683531746031744 0.5176211453744494 0.4228670634920635
0 0.473568281938326 0.4089781746031746 0.46255506607929514 0.4126984126984127 0.46090308370044053 0.41517857142857145 0.46090308370044053 0.4201388888888889 0.4631057268722467 0.4226190476190476 0.46640969162995594 0.423859126984127 0.4829295154185022 0.4273313492063492 0.4906387665198238 0.4253472222222222 0.4977973568281938 0.42038690476190477 0.4972466960352423 0.4156746031746032 0.49284140969163 0.4117063492063492 0.4884361233480176 0.4097222222222222 0.4845814977973568 0.4089781746031746
0 0.4553964757709251 0.39831349206349204 0.4487885462555066 0.3993055555555556 0.44713656387665196 0.40029761904761907 0.4460352422907489 0.408234126984127 0.4487885462555066 0.41195436507936506 0.45759911894273125 0.41369047619047616 0.473568281938326 0.40848214285714285 0.47191629955947134 0.4037698412698413 0.46640969162995594 0.3993055555555556
0 0.4829295154185022 0.39360119047619047 0.4752202643171806 0.39459325396825395 0.4686123348017621 0.3998015873015873 0.47301762114537443 0.40625 0.47577092511013214 0.4072420634920635 0.4812775330396476 0.4079861111111111 0.4906387665198238 0.4069940476190476 0.4977973568281938 0.404265873015873 0.5 0.40128968253968256 0.4988986784140969 0.39856150793650796 0.4944933920704846 0.3958333333333333
0 0.5082599118942731 0.38392857142857145 0.5033039647577092 0.38665674603174605 0.4994493392070485 0.39087301587301587 0.4961453744493392 0.392609126984127 0.4966960352422907 0.3968253968253968 0.5055066079295154 0.40153769841269843 0.5148678414096917 0.40228174603174605 0.5236784140969163 0.4017857142857143 0.526431718061674 0.4010416666666667 0.5335903083700441 0.3968253968253968 0.5335903083700441 0.39186507936507936 0.5302863436123348 0.38938492063492064 0.5209251101321586 0.38566468253968256 0.5154185022026432 0.3844246031746032
0 0.5600220264317181 0.38095238095238093 0.551762114537445 0.3821924603174603 0.5462555066079295 0.3844246031746032 0.5401982378854625 0.38839285714285715 0.5390969162995595 0.3931051587301587 0.5412995594713657 0.39533730158730157 0.5451541850220264 0.3968253968253968 0.551762114537445 0.39831349206349204 0.5622246696035242 0.3993055555555556 0.5688325991189427 0.39806547619047616 0.5737885462555066 0.39533730158730157 0.5759911894273128 0.39285714285714285 0.5765418502202643 0.3881448412698413 0.5748898678414097 0.3844246031746032 0.5693832599118943 0.3819444444444444
0 0.5781938325991189 0.38740079365079366 0.5770925110132159 0.39012896825396826 0.5776431718061674 0.3940972222222222 0.5825991189427313 0.39632936507936506 0.5955947136563876 0.39861111111111114 0.6040748898678414 0.39806547619047616 0.6139867841409692 0.3931051587301587 0.6139867841409692 0.3916170634920635 0.611784140969163 0.38913690476190477 0.6046255506607929 0.3864087301587302 0.5947136563876652 0.3836061507936508 0.5816079295154185 0.38437499999999997
0 0.61068281938326 0.3759920634920635 0.6062775330396476 0.37797619047619047 0.6035242290748899 0.3804563492063492 0.6024229074889867 0.38492063492063494 0.6040748898678414 0.3861607142857143 0.612885462555066 0.38938492063492064 0.6227973568281938 0.3898809523809524 0.6321585903083701 0.38764880952380953 0.638215859030837 0.3841765873015873 0.6387665198237885 0.3804563492063492 0.6365638766519823 0.3787202380952381 0.6294052863436124 0.3759920634920635 0.6194933920704846 0.37524801587301587
0 0.638215859030837 0.3648313492063492 0.6321585903083701 0.3665674603174603 0.6272026431718062 0.36904761904761907 0.6277533039647577 0.37351190476190477 0.6294052863436124 0.3759920634920635 0.6420704845814978 0.3819444444444444 0.6464757709251101 0.38268849206349204 0.6563876651982379 0.38244047619047616 0.6657488986784141 0.376984126984127 0.6679515418502202 0.3732638888888889 0.6662995594713657 0.3697916666666667 0.6640969162995595 0.3680555555555556 0.6574889867841409 0.3655753968253968 0.6481277533039648 0.3645833333333333
0 0.6899779735682819 0.37524801587301587 0.6811674008810573 0.37450396825396826 0.6701541850220264 0.37475198412698413 0.6668502202643172 0.3757440476190476 0.6591409691629956 0.38070436507936506 0.6585903083700441 0.38591269841269843 0.6624449339207048 0.39012896825396826 0.6651982378854625 0.3913690476190476 0.6740088105726872 0.39186507936507936 0.6872246696035242 0.38913690476190477 0.6943832599118943 0.38665674603174605 0.6960352422907489 0.3851686507936508 0.6976872246696035 0.38070436507936506
0 0.7064977973568282 0.388640873015873 0.7009911894273128 0.3869047619047619 0.691079295154185 0.3871527777777778 0.6718061674008811 0.3923611111111111 0.6701541850220264 0.3968253968253968 0.6729074889867841 0.3990575396825397 0.6756607929515418 0.3998015873015873 0.6844713656387665 0.4000496031746032 0.6888766519823789 0.39955357142857145 0.7009911894273128 0.39955357142857145 0.7081497797356828 0.39880952380952384 0.7098017621145375 0.3975694444444444 0.7109030837004405 0.3923611111111111
0 0.7422907488986784 0.392609126984127 0.7351321585903083 0.39037698412698413 0.7274229074889867 0.38938492063492064 0.7224669603524229 0.3896329365079365 0.7158590308370044 0.39087301587301587 0.7125550660792952 0.39285714285714285 0.711453744493392 0.39732142857142855 0.7131057268722467 0.40029761904761907 0.7169603524229075 0.40327380952380953 0.7323788546255506 0.40327380952380953 0.7406387665198237 0.40128968253968256 0.7472466960352423 0.39657738095238093
0 0.7516519823788547 0.3970734126984127 0.7466960352422908 0.39831349206349204 0.7417400881057269 0.40054563492063494 0.7384361233480177 0.40476190476190477 0.7450440528634361 0.4104662698412698 0.7560572687224669 0.41617063492063494 0.7687224669603524 0.41865079365079366 0.7720264317180616 0.4184027777777778 0.7742290748898678 0.41716269841269843 0.7775330396475771 0.4124503968253968 0.7775330396475771 0.4079861111111111 0.775330396475771 0.40625 0.7742290748898678 0.4037698412698413 0.7698237885462555 0.4000496031746032 0.7610132158590308 0.3968253968253968
0 0.7786343612334802 0.37475198412698413 0.7736784140969163 0.3767361111111111 0.7703744493392071 0.38070436507936506 0.7687224669603524 0.38492063492063494 0.7709251101321586 0.3881448412698413 0.7742290748898678 0.39012896825396826 0.7786343612334802 0.39112103174603174 0.7852422907488987 0.3916170634920635 0.795044052863436 0.39072420634920635 0.7984581497797357 0.3896329365079365 0.8023127753303965 0.38591269841269843 0.8034140969162996 0.38169642857142855 0.8023127753303965 0.3792162698412698 0.7979074889867841 0.3759920634920635 0.7929515418502202 0.37475198412698413 0.7879955947136564 0.3742559523809524
0 0.7444933920704846 0.36259920634920634 0.7296255506607929 0.36904761904761907 0.7274229074889867 0.37276785714285715 0.7274229074889867 0.3774801587301587 0.7301762114537445 0.3812003968253968 0.7351321585903083 0.3834325396825397 0.7422907488986784 0.3841765873015873 0.7516519823788547 0.3836805555555556 0.7544052863436124 0.38293650793650796 0.7577092511013216 0.38095238095238093 0.7593612334801763 0.3777281746031746 0.7577092511013216 0.37003968253968256 0.748898678414097 0.3655753968253968 0.7477973568281938 0.3638392857142857
0 0.6954845814977973 0.36929563492063494 0.6927312775330396 0.3707837301587302 0.691079295154185 0.3732638888888889 0.6927312775330396 0.37723214285714285 0.697136563876652 0.38070436507936506 0.7015418502202643 0.38268849206349204 0.7087004405286343 0.38467261904761907 0.7175110132158591 0.38492063492063494 0.7191629955947136 0.3844246031746032 0.7230176211453745 0.3814484126984127 0.7241189427312775 0.37723214285714285 0.7230176211453745 0.373015873015873 0.7202643171806168 0.36904761904761907 0.7175110132158591 0.36755952380952384 0.7059471365638766 0.36731150793650796
0 0.6811674008810573 0.35466269841269843 0.6679515418502202 0.3576388888888889 0.663546255506608 0.36086309523809523 0.663546255506608 0.3628472222222222 0.6657488986784141 0.3658234126984127 0.6718061674008811 0.36904761904761907 0.6811674008810573 0.3712797619047619 0.6866740088105727 0.3712797619047619 0.6916299559471366 0.3705357142857143 0.697136563876652 0.3680555555555556 0.6993392070484582 0.36433531746031744 0.6993392070484582 0.3603670634920635 0.6976872246696035 0.357390873015873 0.6921806167400881 0.3549107142857143
0 0.6376651982378855 0.35119047619047616 0.6255506607929515 0.35714285714285715 0.6294052863436124 0.3621031746031746 0.6343612334801763 0.3635912698412698 0.6431718061674009 0.3645833333333333 0.6519823788546255 0.3645833333333333 0.6580396475770925 0.3638392857142857 0.6618942731277533 0.361359126984127 0.663546255506608 0.3583829365079365 0.6613436123348018 0.3531746031746032 0.6563876651982379 0.3509424603174603 0.6497797356828194 0.3501984126984127
0 0.6167400881057269 0.3506944444444444 0.612885462555066 0.35044642857142855 0.6084801762114538 0.3531746031746032 0.5991189427312775 0.3559027777777778 0.5963656387665198 0.35714285714285715 0.5936123348017621 0.36086309523809523 0.5936123348017621 0.3658234126984127 0.5991189427312775 0.37028769841269843 0.6040748898678414 0.37202380952380953 0.6134361233480177 0.3722718253968254 0.6200440528634361 0.37103174603174605 0.6244493392070485 0.36904761904761907 0.6283039647577092 0.3658234126984127 0.6288546255506607 0.3611111111111111 0.6200440528634361 0.3541666666666667 0.6189427312775331 0.35143849206349204
0 0.5881057268722467 0.36259920634920634 0.5831497797356828 0.36334325396825395 0.573237885462555 0.36706349206349204 0.5699339207048458 0.3715277777777778 0.5682819383259912 0.37648809523809523 0.5688325991189427 0.3784722222222222 0.572136563876652 0.3819444444444444 0.5776431718061674 0.3836805555555556 0.5875550660792952 0.3836805555555556 0.5969162995594713 0.38268849206349204 0.6018722466960352 0.3812003968253968 0.6035242290748899 0.37896825396825395 0.6040748898678414 0.37648809523809523 0.6013215859030837 0.3712797619047619 0.5947136563876652 0.36706349206349204 0.5919603524229075 0.36408730158730157
0 0.5600220264317181 0.36334325396825395 0.5550660792951542 0.36532738095238093 0.5451541850220264 0.36731150793650796 0.5418502202643172 0.3685515873015873 0.5412995594713657 0.373015873015873 0.551762114537445 0.37896825396825395 0.5622246696035242 0.37971230158730157 0.5666299559471366 0.3787202380952381 0.5682819383259912 0.3774801587301587 0.5715859030837004 0.3680555555555556 0.5699339207048458 0.3655753968253968 0.5682819383259912 0.3648313492063492
0 0.5236784140969163 0.35441468253968256 0.5187224669603524 0.3568948412698413 0.5148678414096917 0.36086309523809523 0.5159691629955947 0.3635912698412698 0.5203744493392071 0.3663194444444444 0.5335903083700441 0.3685515873015873 0.5407488986784141 0.3685515873015873 0.5446035242290749 0.3680555555555556 0.5539647577092511 0.36507936507936506 0.5567180616740088 0.3611111111111111 0.5506607929515418 0.35962301587301587 0.5407488986784141 0.3551587301587302 0.5352422907488987 0.35367063492063494
0 0.5324889867841409 0.37202380952380953 0.5225770925110133 0.373015873015873 0.5176211453744494 0.37475198412698413 0.5154185022026432 0.3767361111111111 0.51431718061674 0.38095238095238093 0.5187224669603524 0.3844246031746032 0.526431718061674 0.3878968253968254 0.5335903083700441 0.3898809523809524 0.5357929515418502 0.3898809523809524 0.5462555066079295 0.38467261904761907 0.5501101321585903 0.3804563492063492 0.5484581497797357 0.3767361111111111 0.5446035242290749 0.3742559523809524 0.5374449339207048 0.37202380952380953
0 0.5 0.3635912698412698 0.4895374449339207 0.3655753968253968 0.4856828193832599 0.36731150793650796 0.4834801762114537 0.3695436507936508 0.48237885462555063 0.3740079365079365 0.486784140969163 0.3767361111111111 0.493942731277533 0.3777281746031746 0.5005506607929515 0.37971230158730157 0.5088105726872246 0.37996031746031744 0.512114537444934 0.3792162698412698 0.5154185022026432 0.3774801587301587 0.5192731277533039 0.3732638888888889 0.5192731277533039 0.3687996031746032 0.5137665198237885 0.3658234126984127 0.5088105726872246 0.36433531746031744
0 0.5699339207048458 0.3402777777777778 0.5605726872246696 0.34077380952380953 0.5567180616740088 0.34226190476190477 0.5512114537444934 0.34325396825396826 0.545704845814978 0.345734126984127 0.5424008810572687 0.3492063492063492 0.5429515418502202 0.35367063492063494 0.5468061674008811 0.357390873015873 0.5545154185022027 0.35962301587301587 0.558920704845815 0.3601190476190476 0.5704845814977973 0.35962301587301587 0.5754405286343612 0.3583829365079365 0.5787444933920705 0.3566468253968254 0.5803964757709251 0.3539186507936508 0.5787444933920705 0.3462301587301587 0.5754405286343612 0.3427579365079365
0 0.48237885462555063 0.3787202380952381 0.4713656387665198 0.38318452380952384 0.4697136563876652 0.38492063492063494 0.473568281938326 0.39112103174603174 0.4774229074889868 0.39285714285714285 0.4917400881057269 0.39384920634920634 0.5 0.3913690476190476 0.5055066079295154 0.3844246031746032 0.5038546255506607 0.38169642857142855 0.5016519823788547 0.3804563492063492 0.4917400881057269 0.37797619047619047
0 0.45484581497797355 0.38244047619047616 0.44493392070484583 0.3854166666666667 0.44218061674008813 0.3871527777777778 0.43997797356828194 0.3923611111111111 0.44107929515418504 0.3958333333333333 0.44768722466960353 0.39880952380952384 0.45484581497797355 0.39831349206349204 0.46640969162995594 0.39880952380952384 0.47191629955947134 0.3968253968253968 0.4746696035242291 0.3931051587301587 0.4724669603524229 0.3881448412698413 0.4669603524229075 0.38392857142857145 0.460352422907489 0.38268849206349204
0 0.4581497797356828 0.36830357142857145 0.45209251101321585 0.3697916666666667 0.44548458149779735 0.3732638888888889 0.44218061674008813 0.37723214285714285 0.44383259911894274 0.3787202380952381 0.4526431718061674 0.3819444444444444 0.46365638766519823 0.38293650793650796 0.4724669603524229 0.3819444444444444 0.4779735682819383 0.37971230158730157 0.480726872246696 0.37723214285714285 0.4790748898678414 0.37276785714285715 0.47687224669603523 0.3707837301587302 0.47301762114537443 0.36904761904761907 0.46640969162995594 0.3680555555555556
0 0.47301762114537443 0.3524305555555556 0.46806167400881055 0.3531746031746032 0.45980176211453744 0.35788690476190477 0.4581497797356828 0.3601190476190476 0.4581497797356828 0.36607142857142855 0.46145374449339205 0.3678075396825397 0.4746696035242291 0.36904761904761907 0.480726872246696 0.36731150793650796 0.4834801762114537 0.3648313492063492 0.480726872246696 0.3611111111111111 0.4801762114537445 0.35342261904761907 0.4779735682819383 0.35267857142857145
0 0.5005506607929515 0.3479662698412698 0.4906387665198238 0.34771825396825395 0.4845814977973568 0.34970238095238093 0.47962555066079293 0.35342261904761907 0.480726872246696 0.3621031746031746 0.4840308370044053 0.36433531746031744 0.4917400881057269 0.36507936507936506 0.4983480176211454 0.3638392857142857 0.5093612334801763 0.36259920634920634 0.5159691629955947 0.35788690476190477 0.5137665198237885 0.3529265873015873
0 0.5165198237885462 0.3382936507936508 0.5088105726872246 0.33903769841269843 0.4983480176211454 0.34226190476190477 0.4966960352422907 0.345734126984127 0.4983480176211454 0.3474702380952381 0.5027533039647577 0.34970238095238093 0.5176211453744494 0.3551587301587302 0.5258810572687225 0.35367063492063494 0.5280837004405287 0.35267857142857145 0.5313876651982379 0.34672619047619047 0.5308370044052864 0.341765873015873 0.526431718061674 0.3392857142857143
0 0.4708149779735683 0.3216765873015873 0.47026431718061673 0.3226686507936508 0.4724669603524229 0.3263888888888889 0.473568281938326 0.33209325396825395 0.48237885462555063 0.3385416666666667 0.4911894273127753 0.3412698412698413 0.5005506607929515 0.3410218253968254 0.512114537444934 0.3375496031746032 0.5154185022026432 0.3343253968253968 0.5148678414096917 0.330109126984127 0.5088105726872246 0.3273809523809524 0.4917400881057269 0.3236607142857143 0.4829295154185022 0.32316468253968256 0.480726872246696 0.32217261904761907 0.4741189427312775 0.3209325396825397
0 0.5088105726872246 0.31274801587301587 0.5049559471365639 0.314484126984127 0.5049559471365639 0.3187003968253968 0.5110132158590308 0.326140873015873 0.5165198237885462 0.32837301587301587 0.526431718061674 0.32787698412698413 0.5302863436123348 0.326140873015873 0.5346916299559471 0.32242063492063494 0.5341409691629956 0.31820436507936506 0.5313876651982379 0.31572420634920634 0.5275330396475771 0.31374007936507936 0.5187224669603524 0.31225198412698413
0 0.29019823788546256 0.3038194444444444 0.28359030837004406 0.3055555555555556 0.2813876651982379 0.30679563492063494 0.2786343612334802 0.31026785714285715 0.27973568281938327 0.31398809523809523 0.289647577092511 0.3194444444444444 0.29295154185022027 0.32018849206349204 0.30066079295154186 0.32068452380952384 0.30726872246696035 0.31919642857142855 0.31442731277533037 0.3152281746031746 0.31662995594713655 0.3100198412698413 0.31332599118942733 0.30654761904761907 0.30837004405286345 0.30456349206349204 0.30176211453744495 0.3038194444444444
0 0.3964757709251101 0.2876984126984127 0.3876651982378855 0.2847222222222222 0.3777533039647577 0.2849702380952381 0.3667400881057269 0.28695436507936506 0.3595814977973568 0.2916666666666667 0.355726872246696 0.2976190476190476 0.35187224669603523 0.29985119047619047 0.3502202643171806 0.30282738095238093 0.35187224669603523 0.3033234126984127 0.35737885462555063 0.30282738095238093 0.3722466960352423 0.3033234126984127 0.3893171806167401 0.30282738095238093 0.3975770925110132 0.2996031746031746 0.401431718061674 0.29538690476190477 0.4003303964757709 0.2914186507936508
0 0.43942731277533037 0.26612103174603174 0.43281938325991187 0.26785714285714285 0.42786343612334804 0.2710813492063492 0.42841409691629956 0.27554563492063494 0.43116740088105726 0.27901785714285715 0.43722466960352424 0.2822420634920635 0.44768722466960353 0.28621031746031744 0.45374449339207046 0.2867063492063492 0.45980176211453744 0.2864583333333333 0.4620044052863436 0.2849702380952381 0.4631057268722467 0.2805059523809524 0.46255506607929514 0.2750496031746032 0.460352422907489 0.2710813492063492 0.4564977973568282 0.2683531746031746 0.44933920704845814 0.26587301587301587
0 0.4895374449339207 0.17212301587301587 0.4834801762114537 0.1728670634920635 0.480726872246696 0.17385912698412698 0.4785242290748899 0.17683531746031747 0.4785242290748899 0.18055555555555555 0.47962555066079293 0.1827876984126984 0.4845814977973568 0.1865079365079365 0.486784140969163 0.18998015873015872 0.4911894273127753 0.19270833333333334 0.4994493392070485 0.19196428571428573 0.5005506607929515 0.1909722222222222 0.501101321585903 0.18601190476190477 0.5038546255506607 0.1817956349206349 0.5033039647577092 0.17708333333333334 0.4994493392070485 0.1736111111111111 0.4955947136563877 0.17261904761904762
0 0.8810572687224669 0.4146825396825397 0.8788546255506607 0.4166666666666667 0.8783039647577092 0.4201388888888889 0.8832599118942731 0.42410714285714285 0.8909691629955947 0.42757936507936506 0.8986784140969163 0.42857142857142855 0.9091409691629956 0.4280753968253968 0.9174008810572687 0.4243551587301587 0.9201541850220264 0.42038690476190477 0.9196035242290749 0.4156746031746032 0.9179515418502202 0.41393849206349204 0.9129955947136564 0.41220238095238093 0.8992290748898678 0.41096230158730157 0.8904185022026432 0.41220238095238093
0 0.901431718061674 0.3933531746031746 0.8898678414096917 0.3931051587301587 0.8821585903083701 0.3940972222222222 0.8727973568281938 0.39632936507936506 0.8667400881057269 0.3990575396825397 0.8645374449339207 0.4010416666666667 0.8634361233480177 0.40476190476190477 0.8672907488986784 0.408234126984127 0.873898678414097 0.41096230158730157 0.8816079295154186 0.41294642857142855 0.8926211453744494 0.41220238095238093 0.900330396475771 0.40947420634920634 0.9058370044052864 0.40476190476190477 0.9074889867841409 0.40054563492063494 0.9058370044052864 0.3958333333333333
0 0.8986784140969163 0.37375992063492064 0.8931718061674009 0.375 0.887114537444934 0.3777281746031746 0.8854625550660793 0.3804563492063492 0.8865638766519823 0.3851686507936508 0.8915198237885462 0.39012896825396826 0.8948237885462555 0.3916170634920635 0.8992290748898678 0.392609126984127 0.9085903083700441 0.392609126984127 0.9168502202643172 0.39037698412698413 0.9223568281938326 0.3881448412698413 0.9295154185022027 0.3804563492063492 0.926762114537445 0.3777281746031746 0.9129955947136564 0.375
0 0.8920704845814978 0.3628472222222222 0.8821585903083701 0.36259920634920634 0.8711453744493393 0.3663194444444444 0.8656387665198237 0.373015873015873 0.8656387665198237 0.37723214285714285 0.8689427312775331 0.3794642857142857 0.876101321585903 0.37996031746031744 0.8849118942731278 0.37896825396825395 0.8915198237885462 0.37624007936507936 0.9019823788546255 0.3732638888888889 0.9036343612334802 0.3695436507936508 0.9030837004405287 0.36830357142857145 0.900330396475771 0.36607142857142855
0 0.9185022026431718 0.3529265873015873 0.9080396475770925 0.35342261904761907 0.9030837004405287 0.35441468253968256 0.8992290748898678 0.35615079365079366 0.8948237885462555 0.36086309523809523 0.8959251101321586 0.3635912698412698 0.9008810572687225 0.36755952380952384 0.9063876651982379 0.3695436507936508 0.9185022026431718 0.3687996031746032 0.9289647577092511 0.36532738095238093 0.9300660792951542 0.36086309523809523 0.9234581497797357 0.3549107142857143
0 0.8876651982378855 0.3479662698412698 0.8838105726872246 0.3472222222222222 0.8727973568281938 0.3472222222222222 0.8683920704845814 0.34871031746031744 0.8612334801762115 0.3539186507936508 0.8590308370044053 0.357390873015873 0.8579295154185022 0.36235119047619047 0.8601321585903083 0.3645833333333333 0.8645374449339207 0.36532738095238093 0.873898678414097 0.3648313492063492 0.8827092511013216 0.36259920634920634 0.8887665198237885 0.3618551587301587 0.8948237885462555 0.359375 0.8970264317180616 0.35714285714285715 0.8975770925110133 0.35342261904761907
0 0.8860132158590308 0.34151785714285715 0.887114537444934 0.34672619047619047 0.8931718061674009 0.35119047619047616 0.8986784140969163 0.3531746031746032 0.9107929515418502 0.3529265873015873 0.9185022026431718 0.3521825396825397 0.9273127753303965 0.34945436507936506 0.9328193832599119 0.34598214285714285 0.9322687224669604 0.34151785714285715 0.9262114537444934 0.33878968253968256 0.9190528634361234 0.3368055555555556 0.8997797356828194 0.3365575396825397 0.8915198237885462 0.3385416666666667
0 0.888215859030837 0.32762896825396826 0.875 0.3253968253968254 0.8722466960352423 0.3253968253968254 0.8650881057268722 0.32663690476190477 0.8623348017621145 0.328125 0.8590308370044053 0.3325892857142857 0.8590308370044053 0.33878968253968256 0.86068281938326 0.3430059523809524 0.8634361233480177 0.34499007936507936 0.873898678414097 0.3454861111111111 0.8849118942731278 0.34250992063492064 0.88931718061674 0.3400297619047619 0.8937224669603524 0.33630952380952384 0.8948237885462555 0.33382936507936506 0.8915198237885462 0.32961309523809523
0 0.8992290748898678 0.3211805555555556 0.8931718061674009 0.32589285714285715 0.8931718061674009 0.3306051587301587 0.8986784140969163 0.33556547619047616 0.9058370044052864 0.33630952380952384 0.9190528634361234 0.33630952380952384 0.9234581497797357 0.33556547619047616 0.9350220264317181 0.33209325396825395 0.9361233480176211 0.33035714285714285 0.9350220264317181 0.326140873015873 0.9328193832599119 0.3236607142857143 0.927863436123348 0.32142857142857145 0.9223568281938326 0.32018849206349204 0.9096916299559471 0.3196924603174603 0.9041850220264317 0.31994047619047616
0 0.8518722466960352 0.31374007936507936 0.8513215859030837 0.3152281746031746 0.8535242290748899 0.31845238095238093 0.8579295154185022 0.31994047619047616 0.86068281938326 0.3226686507936508 0.8650881057268722 0.3246527777777778 0.8744493392070485 0.3253968253968254 0.8827092511013216 0.3271329365079365 0.8915198237885462 0.32762896825396826 0.8981277533039648 0.3216765873015873 0.8992290748898678 0.3169642857142857 0.8975770925110133 0.314484126984127 0.8909691629955947 0.3117559523809524 0.8827092511013216 0.31101190476190477 0.8672907488986784 0.31125992063492064 0.8595814977973568 0.31200396825396826
0 0.8794052863436124 0.29662698412698413 0.873898678414097 0.29538690476190477 0.8650881057268722 0.2958829365079365 0.8573788546255506 0.2986111111111111 0.8518722466960352 0.30257936507936506 0.849669603524229 0.3062996031746032 0.8491189427312775 0.31101190476190477 0.8513215859030837 0.31225198412698413 0.8579295154185022 0.31274801587301587 0.875 0.3107638888888889 0.8854625550660793 0.3080357142857143 0.887114537444934 0.3062996031746032 0.8876651982378855 0.3020833333333333 0.8854625550660793 0.29985119047619047
0 0.9223568281938326 0.3013392857142857 0.9102422907488987 0.2996031746031746 0.8904185022026432 0.3005952380952381 0.888215859030837 0.30183531746031744 0.887114537444934 0.30456349206349204 0.887114537444934 0.3080357142857143 0.8904185022026432 0.3117559523809524 0.8997797356828194 0.31572420634920634 0.9113436123348018 0.31473214285714285 0.9157488986784141 0.31274801587301587 0.9229074889867841 0.30679563492063494 0.9240088105726872 0.3023313492063492
0 0.8964757709251101 0.2805059523809524 0.8843612334801763 0.2819940476190476 0.8766519823788547 0.2857142857142857 0.8716960352422908 0.28720238095238093 0.873898678414097 0.2874503968253968 0.8772026431718062 0.28943452380952384 0.8788546255506607 0.294890873015873 0.8821585903083701 0.29737103174603174 0.8898678414096917 0.2996031746031746 0.8997797356828194 0.29985119047619047 0.9091409691629956 0.29836309523809523 0.9140969162995595 0.2951388888888889 0.9162995594713657 0.29191468253968256 0.9151982378854625 0.2864583333333333 0.9091409691629956 0.28249007936507936 0.901431718061674 0.2805059523809524
0 0.8562775330396476 0.27132936507936506 0.8524229074889867 0.27356150793650796 0.8447136563876652 0.27529761904761907 0.8452643171806168 0.2795138888888889 0.8474669603524229 0.283234126984127 0.8562775330396476 0.2874503968253968 0.8639867841409692 0.28893849206349204 0.873898678414097 0.28869047619047616 0.8788546255506607 0.28695436507936506 0.8854625550660793 0.2829861111111111 0.887114537444934 0.27976190476190477 0.8860132158590308 0.27728174603174605 0.8832599118942731 0.2750496031746032 0.8788546255506607 0.27380952380952384 0.862885462555066 0.2725694444444444
0 0.9025330396475771 0.2621527777777778 0.888215859030837 0.263640873015873 0.8821585903083701 0.26686507936507936 0.8799559471365639 0.2710813492063492 0.8810572687224669 0.27331349206349204 0.8838105726872246 0.27529761904761907 0.8909691629955947 0.27827380952380953 0.8986784140969163 0.2795138888888889 0.9085903083700441 0.27827380952380953 0.9140969162995595 0.27554563492063494 0.9179515418502202 0.27157738095238093 0.9157488986784141 0.2673611111111111 0.9113436123348018 0.26537698412698413 0.9085903083700441 0.2631448412698413
0 0.9008810572687225 0.23859126984126985 0.8920704845814978 0.2361111111111111 0.8854625550660793 0.2353670634920635 0.8656387665198237 0.2361111111111111 0.8557268722466961 0.23983134920634921 0.8540748898678414 0.24503968253968253 0.8562775330396476 0.2482638888888889 0.8645374449339207 0.25223214285714285 0.8727973568281938 0.25297619047619047 0.8788546255506607 0.25223214285714285 0.8865638766519823 0.25049603174603174 0.8931718061674009 0.24801587301587302 0.901431718061674 0.24231150793650794 0.9025330396475771 0.23983134920634921
0 0.48237885462555063 0.42757936507936506 0.4746696035242291 0.4253472222222222 0.4658590308370044 0.4243551587301587 0.45870044052863435 0.42509920634920634 0.45484581497797355 0.4260912698412698 0.45154185022026433 0.4280753968253968 0.4498898678414097 0.43179563492063494 0.44933920704845814 0.4367559523809524 0.45099118942731276 0.4392361111111111 0.45594713656387664 0.44072420634920634 0.46530837004405284 0.44047619047619047 0.47687224669603523 0.43774801587301587 0.4845814977973568 0.43253968253968256 0.4845814977973568 0.4303075396825397
0 0.43116740088105726 0.35788690476190477 0.42070484581497797 0.3586309523809524 0.4168502202643172 0.35962301587301587 0.41354625550660795 0.36160714285714285 0.41134361233480177 0.3648313492063492 0.41134361233480177 0.3687996031746032 0.41354625550660795 0.373015873015873 0.4168502202643172 0.37475198412698413 0.4223568281938326 0.37524801587301587 0.43281938325991187 0.37351190476190477 0.43777533039647576 0.3712797619047619 0.44273127753303965 0.36706349206349204 0.44383259911894274 0.36532738095238093 0.44273127753303965 0.361359126984127 0.43942731277533037 0.35962301587301587
0 0.43447136563876654 0.341765873015873 0.43006607929515417 0.3430059523809524 0.4262114537444934 0.3479662698412698 0.4251101321585903 0.3521825396825397 0.4262114537444934 0.3559027777777778 0.42951541850220265 0.3576388888888889 0.43832599118942733 0.35987103174603174 0.44823788546255505 0.35987103174603174 0.45319383259911894 0.35912698412698413 0.45759911894273125 0.357390873015873 0.46090308370044053 0.3539186507936508 0.4564977973568282 0.3479662698412698 0.44218061674008813 0.341765873015873
0 0.3860132158590308 0.3499503968253968 0.3805066079295154 0.35119047619047616 0.375 0.35367063492063494 0.3711453744493392 0.35788690476190477 0.3722466960352423 0.3621031746031746 0.3761013215859031 0.3678075396825397 0.3816079295154185 0.37028769841269843 0.388215859030837 0.3707837301587302 0.39812775330396477 0.3695436507936508 0.40583700440528636 0.36755952380952384 0.4102422907488987 0.3648313492063492 0.41244493392070486 0.3611111111111111 0.4102422907488987 0.357390873015873 0.4041850220264317 0.3531746031746032 0.3975770925110132 0.35143849206349204
0 0.40473568281938327 0.37003968253968256 0.3948237885462555 0.37028769841269843 0.3838105726872247 0.37177579365079366 0.3799559471365639 0.37351190476190477 0.3766519823788546 0.37648809523809523 0.3766519823788546 0.3802083333333333 0.3794052863436123 0.38268849206349204 0.3843612334801762 0.38467261904761907 0.39537444933920707 0.3871527777777778 0.40308370044052866 0.38566468253968256 0.41244493392070486 0.38095238095238093 0.41354625550660795 0.37723214285714285 0.40969162995594716 0.37177579365079366
0 0.43116740088105726 0.38070436507936506 0.42400881057268724 0.3802083333333333 0.4157488986784141 0.38070436507936506 0.4036343612334802 0.38566468253968256 0.4003303964757709 0.3881448412698413 0.3997797356828194 0.3931051587301587 0.40308370044052866 0.3948412698412698 0.414647577092511 0.39657738095238093 0.4223568281938326 0.39632936507936506 0.43337004405286345 0.3950892857142857 0.43777533039647576 0.39384920634920634 0.44107929515418504 0.3896329365079365 0.44107929515418504 0.38740079365079366 0.43777533039647576 0.3836805555555556
0 0.44328193832599116 0.39880952380952384 0.43667400881057267 0.3960813492063492 0.43116740088105726 0.39533730158730157 0.4185022026431718 0.39632936507936506 0.41134361233480177 0.3978174603174603 0.40859030837004406 0.39880952380952384 0.40308370044052866 0.40401785714285715 0.40473568281938327 0.4079861111111111 0.4223568281938326 0.41195436507936506 0.4289647577092511 0.4124503968253968 0.44273127753303965 0.41021825396825395 0.44548458149779735 0.408234126984127 0.44658590308370044 0.40476190476190477 0.44548458149779735 0.40128968253968256
0 0.42841409691629956 0.41294642857142855 0.42566079295154186 0.4154265873015873 0.4262114537444934 0.4191468253968254 0.42786343612334804 0.42162698412698413 0.43281938325991187 0.423859126984127 0.43887665198237885 0.4253472222222222 0.4487885462555066 0.4260912698412698 0.4581497797356828 0.42237103174603174 0.460352422907489 0.4201388888888889 0.45980176211453744 0.4156746031746032 0.45429515418502203 0.4131944444444444 0.43942731277533037 0.41121031746031744
0 0.4036343612334802 0.40922619047619047 0.39922907488986786 0.41021825396825395 0.3915198237885463 0.41393849206349204 0.3904185022026432 0.4154265873015873 0.3909691629955947 0.41964285714285715 0.39922907488986786 0.42584325396825395 0.4041850220264317 0.42683531746031744 0.41409691629955947 0.42757936507936506 0.42070484581497797 0.4260912698412698 0.42566079295154186 0.42336309523809523 0.42731277533039647 0.4201388888888889 0.42566079295154186 0.41418650793650796 0.42400881057268724 0.4124503968253968 0.4185022026431718 0.4107142857142857 0.41354625550660795 0.4097222222222222
0 0.3970264317180617 0.39459325396825395 0.3871145374449339 0.3960813492063492 0.3766519823788546 0.40029761904761907 0.3761013215859031 0.4045138888888889 0.3788546255506608 0.40600198412698413 0.3827092511013216 0.4099702380952381 0.3865638766519824 0.4114583333333333 0.3959251101321586 0.4117063492063492 0.4025330396475771 0.40575396825396826 0.4052863436123348 0.4010416666666667 0.40473568281938327 0.39632936507936506
0 0.3579295154185022 0.38467261904761907 0.355726872246696 0.3871527777777778 0.3568281938325991 0.392609126984127 0.3606828193832599 0.3958333333333333 0.3694933920704846 0.3993055555555556 0.3788546255506608 0.3998015873015873 0.39262114537444937 0.3950892857142857 0.3948237885462555 0.3923611111111111 0.3948237885462555 0.38839285714285715 0.3893171806167401 0.38591269841269843 0.3788546255506608 0.3834325396825397 0.3694933920704846 0.38318452380952384
0 0.35187224669603523 0.36706349206349204 0.3436123348017621 0.37003968253968256 0.3397577092511013 0.3732638888888889 0.3381057268722467 0.37648809523809523 0.3397577092511013 0.3812003968253968 0.3436123348017621 0.38318452380952384 0.3502202643171806 0.38392857142857145 0.3645374449339207 0.38392857142857145 0.3694933920704846 0.38244047619047616 0.3738986784140969 0.37896825396825395 0.3761013215859031 0.3742559523809524 0.3755506607929515 0.37202380952380953 0.3727973568281938 0.3697916666666667 0.3656387665198238 0.36731150793650796 0.3628854625550661 0.36681547619047616
0 0.3783039647577093 0.4069940476190476 0.3761013215859031 0.40600198412698413 0.3650881057268722 0.40401785714285715 0.3601321585903084 0.4037698412698413 0.3529735682819383 0.40500992063492064 0.34801762114537443 0.4079861111111111 0.3447136563876652 0.41220238095238093 0.3447136563876652 0.4176587301587302 0.3458149779735683 0.41865079365079366 0.3496696035242291 0.4193948412698413 0.3601321585903084 0.4191468253968254 0.375 0.4149305555555556 0.3805066079295154 0.4124503968253968
0 0.368942731277533 0.41716269841269843 0.3595814977973568 0.42311507936507936 0.3595814977973568 0.42509920634920634 0.361784140969163 0.42757936507936506 0.3777533039647577 0.43154761904761907 0.3876651982378855 0.4320436507936508 0.39537444933920707 0.43080357142857145 0.3986784140969163 0.4283234126984127 0.3986784140969163 0.4270833333333333 0.3931718061674009 0.42137896825396826 0.3865638766519824 0.4184027777777778 0.3794052863436123 0.4166666666666667
0 0.42951541850220265 0.4246031746031746 0.414647577092511 0.4283234126984127 0.4091409691629956 0.43179563492063494 0.4118942731277533 0.43526785714285715 0.4223568281938326 0.43973214285714285 0.43116740088105726 0.4412202380952381 0.44052863436123346 0.44047619047619047 0.44493392070484583 0.43898809523809523 0.44713656387665196 0.4365079365079365 0.44823788546255505 0.43154761904761907 0.44713656387665196 0.4280753968253968 0.44383259911894274 0.4260912698412698 0.43942731277533037 0.42509920634920634
0 0.46751101321585903 0.4412202380952381 0.46255506607929514 0.4412202380952381 0.45594713656387664 0.44221230158730157 0.45154185022026433 0.4444444444444444 0.4487885462555066 0.4469246031746032 0.44713656387665196 0.4503968253968254 0.4487885462555066 0.45634920634920634 0.45099118942731276 0.45808531746031744 0.45594713656387664 0.4595734126984127 0.473568281938326 0.4583333333333333 0.4801762114537445 0.455109126984127 0.4812775330396476 0.451140873015873 0.480726872246696 0.44642857142857145 0.4790748898678414 0.44494047619047616 0.473568281938326 0.44246031746031744
0 0.473568281938326 0.46478174603174605 0.47026431718061673 0.46999007936507936 0.47026431718061673 0.47470238095238093 0.4746696035242291 0.47668650793650796 0.4840308370044053 0.47842261904761907 0.49284140969163 0.47867063492063494 0.5005506607929515 0.4779265873015873 0.5148678414096917 0.47470238095238093 0.51431718061674 0.4704861111111111 0.5055066079295154 0.46577380952380953 0.4955947136563877 0.46205357142857145 0.4922907488986784 0.46130952380952384 0.48237885462555063 0.4615575396825397 0.4779735682819383 0.4625496031746032
0 0.4708149779735683 0.4595734126984127 0.4642070484581498 0.4593253968253968 0.4526431718061674 0.46130952380952384 0.44383259911894274 0.4660218253968254 0.44548458149779735 0.4714781746031746 0.45594713656387664 0.4756944444444444 0.4669603524229075 0.4749503968253968 0.4697136563876652 0.47346230158730157 0.4741189427312775 0.46378968253968256 0.47301762114537443 0.4603174603174603
0 0.42180616740088106 0.46081349206349204 0.4118942731277533 0.46279761904761907 0.4091409691629956 0.4642857142857143 0.4063876651982379 0.466765873015873 0.40473568281938327 0.47172619047619047 0.4063876651982379 0.47470238095238093 0.40969162995594716 0.47544642857142855 0.41354625550660795 0.4774305555555556 0.4196035242290749 0.4789186507936508 0.42455947136563876 0.4789186507936508 0.43116740088105726 0.4781746031746032 0.43667400881057267 0.47668650793650796 0.44162995594713655 0.47445436507936506 0.44383259911894274 0.47023809523809523 0.44107929515418504 0.4660218253968254 0.43502202643171806 0.4623015873015873 0.43061674008810574 0.46106150793650796
0 0.32654185022026433 0.4045138888888889 0.31773127753303965 0.40500992063492064 0.31442731277533037 0.40625 0.31222466960352424 0.408234126984127 0.30947136563876654 0.41418650793650796 0.30561674008810574 0.41592261904761907 0.30286343612334804 0.41889880952380953 0.30286343612334804 0.4201388888888889 0.31662995594713655 0.42410714285714285 0.32654185022026433 0.42311507936507936 0.33755506607929514 0.4176587301587302 0.34251101321585903 0.4124503968253968 0.34030837004405284 0.40848214285714285 0.33480176211453744 0.40600198412698413
0 0.3001101321585903 0.3913690476190476 0.29129955947136565 0.39211309523809523 0.28359030837004406 0.3943452380952381 0.28083700440528636 0.39632936507936506 0.2720264317180617 0.4000496031746032 0.27037444933920707 0.404265873015873 0.27422907488986786 0.4072420634920635 0.2791850220264317 0.40848214285714285 0.2907488986784141 0.4097222222222222 0.2973568281938326 0.4089781746031746 0.30066079295154186 0.40773809523809523 0.30506607929515417 0.4027777777777778 0.31057268722466963 0.40054563492063494 0.31057268722466963 0.3998015873015873
0 0.30506607929515417 0.3757440476190476 0.29625550660792954 0.37524801587301587 0.28854625550660795 0.3759920634920635 0.28248898678414097 0.37723214285714285 0.2758810572687225 0.3802083333333333 0.2747797356828194 0.3851686507936508 0.2775330396475771 0.38839285714285715 0.2830396475770925 0.39112103174603174 0.2907488986784141 0.3923611111111111 0.3001101321585903 0.3913690476190476 0.30892070484581496 0.38839285714285715 0.31497797356828194 0.38492063492063494 0.31773127753303965 0.38070436507936506 0.31332599118942733 0.37797619047619047
0 0.32929515418502203 0.3454861111111111 0.3276431718061674 0.3489583333333333 0.32819383259911894 0.35367063492063494 0.3342511013215859 0.3568948412698413 0.3436123348017621 0.3583829365079365 0.3606828193832599 0.35788690476190477 0.3634361233480176 0.357390873015873 0.3711453744493392 0.35367063492063494 0.3711453744493392 0.3492063492063492 0.3661894273127753 0.34523809523809523 0.36123348017621143 0.3427579365079365 0.3529735682819383 0.34151785714285715 0.34251101321585903 0.341765873015873 0.3381057268722467 0.3430059523809524 0.33480176211453744 0.34325396825396826
0 0.28193832599118945 0.34077380952380953 0.2736784140969163 0.34250992063492064 0.2698237885462555 0.3454861111111111 0.2698237885462555 0.34970238095238093 0.2736784140969163 0.3541666666666667 0.276431718061674 0.3559027777777778 0.2857929515418502 0.35788690476190477 0.2907488986784141 0.35987103174603174 0.29240088105726875 0.35987103174603174 0.29900881057268724 0.3583829365079365 0.30231277533039647 0.35615079365079366 0.30506607929515417 0.35044642857142855 0.30506607929515417 0.34523809523809523 0.30286343612334804 0.34325396825396826 0.29900881057268724 0.341765873015873 0.29019823788546256 0.34077380952380953
0 0.17180616740088106 0.3368055555555556 0.17015418502202642 0.3375496031746032 0.17015418502202642 0.33903769841269843 0.17400881057268722 0.34523809523809523 0.17731277533039647 0.3474702380952381 0.183920704845815 0.3501984126984127 0.18887665198237885 0.3509424603174603 0.19658590308370044 0.3509424603174603 0.20209251101321585 0.34970238095238093 0.2092511013215859 0.345734126984127 0.21145374449339208 0.34077380952380953 0.2092511013215859 0.33804563492063494 0.20209251101321585 0.33606150793650796 0.19548458149779735 0.33482142857142855 0.1866740088105727 0.3345734126984127
0 0.2626651982378855 0.38467261904761907 0.24834801762114536 0.38268849206349204 0.23898678414096916 0.38293650793650796 0.23127753303964757 0.3844246031746032 0.22246696035242292 0.38938492063492064 0.22246696035242292 0.39360119047619047 0.22797356828193832 0.39856150793650796 0.23237885462555066 0.40029761904761907 0.24008810572687225 0.40128968253968256 0.24779735682819384 0.40029761904761907 0.2549559471365639 0.3978174603174603 0.2599118942731278 0.39533730158730157 0.263215859030837 0.39211309523809523 0.2648678414096916 0.38764880952380953
0 0.1987885462555066 0.373015873015873 0.19548458149779735 0.37549603174603174 0.1949339207048458 0.3819444444444444 0.19768722466960353 0.3854166666666667 0.20319383259911894 0.38764880952380953 0.20980176211453744 0.388640873015873 0.21475770925110133 0.3888888888888889 0.22136563876651982 0.3881448412698413 0.23403083700440527 0.3814484126984127 0.23403083700440527 0.37996031746031744 0.23072687224669602 0.3759920634920635 0.22246696035242292 0.373015873015873 0.21585903083700442 0.37202380952380953 0.20429515418502203 0.3722718253968254
0 0.18337004405286345 0.388640873015873 0.17841409691629956 0.39211309523809523 0.17731277533039647 0.3943452380952381 0.17731277533039647 0.4010416666666667 0.18061674008810572 0.404265873015873 0.18777533039647576 0.40649801587301587 0.2131057268722467 0.40401785714285715 0.21640969162995594 0.40054563492063494 0.21530837004405287 0.3975694444444444 0.20704845814977973 0.3913690476190476 0.20429515418502203 0.39012896825396826 0.1960352422907489 0.388640873015873 0.18722466960352424 0.3881448412698413
0 0.15143171806167402 0.40674603174603174 0.14702643171806168 0.4079861111111111 0.14317180616740088 0.41121031746031744 0.14096916299559473 0.4156746031746032 0.1420704845814978 0.42038690476190477 0.14702643171806168 0.42336309523809523 0.15088105726872247 0.4246031746031746 0.15914096916299558 0.4253472222222222 0.16685022026431717 0.4246031746031746 0.17070484581497797 0.42336309523809523 0.17566079295154186 0.4201388888888889 0.17566079295154186 0.41443452380952384 0.16740088105726872 0.4107142857142857
0 0.19548458149779735 0.40674603174603174 0.1866740088105727 0.4104662698412698 0.18502202643171806 0.41195436507936506 0.18722466960352424 0.41592261904761907 0.1998898678414097 0.4201388888888889 0.20319383259911894 0.42063492063492064 0.21475770925110133 0.4201388888888889 0.21806167400881057 0.4176587301587302 0.21916299559471367 0.4146825396825397 0.21861233480176212 0.4117063492063492 0.21420704845814978 0.40674603174603174 0.2064977973568282 0.4052579365079365 0.20319383259911894 0.4052579365079365
0 0.22852422907488987 0.41294642857142855 0.22301762114537446 0.41592261904761907 0.22411894273127753 0.42063492063492064 0.2263215859030837 0.42410714285714285 0.22962555066079296 0.42658730158730157 0.23788546255506607 0.4283234126984127 0.2472466960352423 0.4283234126984127 0.2588105726872247 0.4253472222222222 0.2665198237885463 0.42063492063492064 0.2659691629955947 0.41592261904761907 0.25715859030837 0.41195436507936506 0.25 0.4114583333333333 0.236784140969163 0.4114583333333333
0 0.29129955947136565 0.42683531746031744 0.2879955947136564 0.42782738095238093 0.28469162995594716 0.4312996031746032 0.28469162995594716 0.435515873015873 0.2907488986784141 0.43973214285714285 0.29900881057268724 0.4412202380952381 0.30616740088105726 0.44047619047619047 0.30892070484581496 0.439484126984127 0.30947136563876654 0.4340277777777778 0.30726872246696035 0.42757936507936506 0.30286343612334804 0.42658730158730157
0 0.27698237885462557 0.4312996031746032 0.2665198237885463 0.42981150793650796 0.25715859030837 0.4305555555555556 0.2516519823788546 0.43154761904761907 0.2444933920704846 0.43427579365079366 0.23898678414096916 0.43526785714285715 0.23898678414096916 0.43700396825396826 0.24174008810572686 0.43898809523809523 0.24779735682819384 0.4409722222222222 0.25 0.44345238095238093 0.2549559471365639 0.44518849206349204 0.2720264317180617 0.4446924603174603 0.2753303964757709 0.4437003968253968 0.27973568281938327 0.4399801587301587 0.2802863436123348 0.4347718253968254
0 0.17731277533039647 0.44419642857142855 0.1696035242290749 0.44543650793650796 0.16409691629955947 0.44742063492063494 0.16079295154185022 0.4506448412698413 0.1618942731277533 0.455109126984127 0.16905286343612336 0.4593253968253968 0.17676211453744495 0.46056547619047616 0.18061674008810572 0.46056547619047616 0.191079295154185 0.45907738095238093 0.1932819383259912 0.45709325396825395 0.1987885462555066 0.45436507936507936 0.20154185022026433 0.451140873015873 0.19658590308370044 0.44717261904761907 0.18777533039647576 0.4446924603174603
0 0.07433920704845814 0.4541170634920635 0.0644273127753304 0.45287698412698413 0.05561674008810573 0.45362103174603174 0.0473568281938326 0.455109126984127 0.04460352422907489 0.45882936507936506 0.04515418502202643 0.46304563492063494 0.05011013215859031 0.46726190476190477 0.05561674008810573 0.46850198412698413 0.06662995594713657 0.46875 0.07544052863436124 0.4670138888888889 0.08314977973568281 0.46304563492063494 0.08314977973568281 0.4585813492063492 0.08094713656387666 0.4568452380952381
0 0.25715859030837 0.4593253968253968 0.2511013215859031 0.4585813492063492 0.23898678414096916 0.45882936507936506 0.2301762114537445 0.4603174603174603 0.22301762114537446 0.4632936507936508 0.21861233480176212 0.466765873015873 0.22191629955947137 0.470734126984127 0.2301762114537445 0.4742063492063492 0.23458149779735682 0.47470238095238093 0.2505506607929515 0.4749503968253968 0.25715859030837 0.4739583333333333 0.263215859030837 0.47098214285714285 0.2643171806167401 0.46750992063492064 0.2626651982378855 0.46279761904761907
0 0.5952643171806168 0.5228174603174603 0.5897577092511013 0.5248015873015873 0.5875550660792952 0.5285218253968254 0.5881057268722467 0.5334821428571429 0.5914096916299559 0.5374503968253969 0.5969162995594713 0.5391865079365079 0.6029735682819384 0.5399305555555556 0.6112334801762115 0.5391865079365079 0.6156387665198237 0.5376984126984127 0.6200440528634361 0.5334821428571429 0.6183920704845814 0.5290178571428571 0.6134361233480177 0.5252976190476191 0.6046255506607929 0.5230654761904762
0 0.43502202643171806 0.5121527777777778 0.42290748898678415 0.5104166666666666 0.41244493392070486 0.5104166666666666 0.4036343612334802 0.5114087301587301 0.39812775330396477 0.5131448412698413 0.3964757709251101 0.5143849206349206 0.3959251101321586 0.5186011904761905 0.4003303964757709 0.5243055555555556 0.4052863436123348 0.5262896825396826 0.41519823788546256 0.5270337301587301 0.4223568281938326 0.5262896825396826 0.43061674008810574 0.5240575396825397 0.43612334801762115 0.5213293650793651 0.43777533039647576 0.5183531746031746 0.43832599118942733 0.513640873015873
0 0.3783039647577093 0.517609126984127 0.3645374449339207 0.5213293650793651 0.3628854625550661 0.5238095238095238 0.3628854625550661 0.5265376984126984 0.3650881057268722 0.5290178571428571 0.3700440528634361 0.53125 0.3794052863436123 0.5334821428571429 0.3871145374449339 0.5327380952380952 0.3920704845814978 0.5314980158730159 0.3964757709251101 0.529265873015873 0.3986784140969163 0.5248015873015873 0.3909691629955947 0.519593253968254 0.3865638766519824 0.5183531746031746
0 0.40473568281938327 0.5334821428571429 0.3937224669603524 0.533234126984127 0.3849118942731278 0.5344742063492064 0.3777533039647577 0.5384424603174603 0.3755506607929515 0.5409226190476191 0.3761013215859031 0.5453869047619048 0.3805066079295154 0.5491071428571429 0.3871145374449339 0.5523313492063492 0.39537444933920707 0.5540674603174603 0.40693832599118945 0.5525793650793651 0.4129955947136564 0.5496031746031746 0.4168502202643172 0.5453869047619048 0.4157488986784141 0.5409226190476191 0.41244493392070486 0.5372023809523809
0 0.16905286343612336 0.46750992063492064 0.16299559471365638 0.46651785714285715 0.15088105726872247 0.46651785714285715 0.14372246696035243 0.4677579365079365 0.13876651982378854 0.46999007936507936 0.13656387665198239 0.4732142857142857 0.13656387665198239 0.4756944444444444 0.13876651982378854 0.4781746031746032 0.14647577092511013 0.4818948412698413 0.15143171806167402 0.48288690476190477 0.15693832599118943 0.482390873015873 0.16024229074889867 0.4816468253968254 0.16685022026431717 0.47867063492063494 0.1723568281938326 0.47470238095238093 0.17400881057268722 0.4714781746031746 0.17290748898678415 0.4694940476190476
0 0.17015418502202642 0.5074404761904762 0.16464757709251102 0.5133928571428571 0.16519823788546256 0.5171130952380952 0.1685022026431718 0.5198412698412699 0.17400881057268722 0.5220734126984127 0.17951541850220265 0.5230654761904762 0.18887665198237885 0.5233134920634921 0.1960352422907489 0.5215773809523809 0.20429515418502203 0.5210813492063492 0.20814977973568283 0.5200892857142857 0.20980176211453744 0.5173611111111112 0.20374449339207049 0.5141369047619048 0.20154185022026433 0.5114087301587301 0.1987885462555066 0.5099206349206349 0.1883259911894273 0.5066964285714286 0.18061674008810572 0.5057043650793651 0.1762114537444934 0.5057043650793651
0 0.2301762114537445 0.4928075396825397 0.21971365638766518 0.4928075396825397 0.20814977973568283 0.49404761904761907 0.20374449339207049 0.4955357142857143 0.20044052863436124 0.49776785714285715 0.20154185022026433 0.5032242063492064 0.20759911894273128 0.5079365079365079 0.2131057268722467 0.5106646825396826 0.22191629955947137 0.5111607142857143 0.2329295154185022 0.5064484126984127 0.23898678414096916 0.501984126984127 0.23898678414096916 0.4975198412698413 0.23623348017621146 0.49528769841269843
0 0.22191629955947137 0.5128968253968254 0.22136563876651982 0.5148809523809523 0.22356828193832598 0.517609126984127 0.23458149779735682 0.5220734126984127 0.24669603524229075 0.5238095238095238 0.25715859030837 0.5233134920634921 0.2604625550660793 0.5220734126984127 0.263215859030837 0.5183531746031746 0.263215859030837 0.5133928571428571 0.25715859030837 0.5099206349206349 0.24944933920704845 0.5086805555555556 0.23898678414096916 0.5086805555555556 0.22577092511013216 0.5114087301587301
0 0.269273127753304 0.5262896825396826 0.256057268722467 0.5240575396825397 0.2472466960352423 0.5252976190476191 0.236784140969163 0.5295138888888888 0.23348017621145375 0.5327380952380952 0.23403083700440527 0.535218253968254 0.23623348017621146 0.5386904761904762 0.2422907488986784 0.5419146825396826 0.2472466960352423 0.5431547619047619 0.25715859030837 0.5431547619047619 0.2626651982378855 0.5419146825396826 0.2665198237885463 0.5401785714285714 0.2709251101321586 0.5372023809523809 0.2725770925110132 0.5287698412698413
0 0.29845814977973567 0.546875 0.29405286343612336 0.5483630952380952 0.29129955947136565 0.5513392857142857 0.29129955947136565 0.5570436507936508 0.29295154185022027 0.5602678571428571 0.29625550660792954 0.5625 0.30231277533039647 0.5647321428571429 0.30726872246696035 0.5657242063492064 0.31277533039647576 0.5654761904761905 0.31883259911894274 0.5639880952380952 0.32654185022026433 0.560515873015873 0.32929515418502203 0.5567956349206349 0.32709251101321585 0.5530753968253969 0.32158590308370044 0.5500992063492064 0.31773127753303965 0.5491071428571429
0 0.361784140969163 0.5709325396825397 0.35462555066079293 0.5687003968253969 0.3447136563876652 0.5669642857142857 0.3314977973568282 0.5669642857142857 0.32158590308370044 0.5689484126984127 0.31552863436123346 0.5719246031746031 0.31222466960352424 0.5758928571428571 0.31442731277533037 0.5803571428571429 0.32048458149779735 0.5850694444444444 0.3248898678414097 0.5863095238095238 0.33645374449339205 0.5860615079365079 0.3436123348017621 0.5850694444444444 0.35187224669603523 0.5830853174603174 0.3579295154185022 0.5803571428571429 0.3634361233480176 0.576140873015873 0.3639867841409692 0.5721726190476191
0 0.29405286343612336 0.5672123015873016 0.2907488986784141 0.5669642857142857 0.28248898678414097 0.5679563492063492 0.27698237885462557 0.5701884920634921 0.27422907488986786 0.5726686507936508 0.27312775330396477 0.5771329365079365 0.2747797356828194 0.5808531746031746 0.27808370044052866 0.5838293650793651 0.28248898678414097 0.5858134920634921 0.29240088105726875 0.5860615079365079 0.3001101321585903 0.5848214285714286 0.30671806167400884 0.5798611111111112 0.30781938325991187 0.5773809523809523 0.30671806167400884 0.5721726190476191 0.30231277533039647 0.5694444444444444
0 0.22136563876651982 0.5409226190476191 0.21365638766519823 0.5438988095238095 0.2092511013215859 0.546875 0.20814977973568283 0.5486111111111112 0.20870044052863437 0.5535714285714286 0.21035242290748898 0.5553075396825397 0.22136563876651982 0.5602678571428571 0.22687224669603523 0.5617559523809523 0.23072687224669602 0.5620039682539683 0.2356828193832599 0.5575396825396826 0.24284140969162996 0.5538194444444444 0.24559471365638766 0.5498511904761905 0.24559471365638766 0.5478670634920635 0.2422907488986784 0.5441468253968254 0.23788546255506607 0.5421626984126984 0.23072687224669602 0.5406746031746031
0 0.16024229074889867 0.5443948412698413 0.15088105726872247 0.5453869047619048 0.14812775330396477 0.546875 0.14757709251101322 0.5493551587301587 0.15693832599118943 0.558531746031746 0.16134361233480177 0.5610119047619048 0.17015418502202642 0.5600198412698413 0.17345814977973567 0.5562996031746031 0.17841409691629956 0.5530753968253969 0.1789647577092511 0.548859126984127 0.17345814977973567 0.5461309523809523
0 0.16134361233480177 0.5255456349206349 0.15914096916299558 0.5280257936507936 0.15969162995594713 0.5334821428571429 0.16685022026431717 0.5374503968253969 0.17676211453744495 0.5404265873015873 0.1817180616740088 0.5409226190476191 0.18777533039647576 0.5409226190476191 0.1949339207048458 0.5384424603174603 0.20099118942731278 0.5334821428571429 0.20099118942731278 0.5297619047619048 0.1960352422907489 0.5265376984126984 0.1883259911894273 0.5243055555555556 0.1817180616740088 0.5238095238095238 0.17455947136563876 0.5238095238095238
0 0.1288546255506608 0.5049603174603174 0.12555066079295155 0.5049603174603174 0.12279735682819383 0.5059523809523809 0.11013215859030837 0.5173611111111112 0.11068281938325991 0.5223214285714286 0.1145374449339207 0.5240575396825397 0.11894273127753303 0.5243055555555556 0.13491189427312775 0.5235615079365079 0.138215859030837 0.5220734126984127 0.14096916299559473 0.519593253968254 0.14096916299559473 0.5126488095238095 0.1343612334801762 0.5064484126984127
0 0.11618942731277533 0.5240575396825397 0.11233480176211454 0.5248015873015873 0.10737885462555066 0.527281746031746 0.10462555066079295 0.5334821428571429 0.10737885462555066 0.5367063492063492 0.11729074889867841 0.5416666666666666 0.12665198237885464 0.5421626984126984 0.13105726872246695 0.5409226190476191 0.13601321585903084 0.5376984126984127 0.14041850220264318 0.5334821428571429 0.14151982378854625 0.5285218253968254 0.13876651982378854 0.5260416666666666 0.13491189427312775 0.5245535714285714 0.1299559471365639 0.5240575396825397
0 0.08149779735682819 0.5344742063492064 0.07599118942731277 0.5357142857142857 0.0710352422907489 0.5381944444444444 0.06938325991189427 0.5409226190476191 0.07048458149779736 0.5458829365079365 0.07323788546255507 0.5493551587301587 0.08314977973568281 0.5538194444444444 0.0919603524229075 0.5545634920634921 0.10187224669603524 0.5510912698412699 0.10572687224669604 0.548859126984127 0.10792951541850221 0.5424107142857143 0.10737885462555066 0.5367063492063492 0.10462555066079295 0.5354662698412699 0.0974669603524229 0.5344742063492064
0 0.12004405286343613 0.5562996031746031 0.11618942731277533 0.5577876984126984 0.11343612334801761 0.5602678571428571 0.1145374449339207 0.5642361111111112 0.11729074889867841 0.5669642857142857 0.12555066079295155 0.5711805555555556 0.13491189427312775 0.5734126984126984 0.14922907488986784 0.5684523809523809 0.15088105726872247 0.5649801587301587 0.14922907488986784 0.5620039682539683 0.1459251101321586 0.5587797619047619 0.13766519823788545 0.5565476190476191 0.12665198237885464 0.5555555555555556
0 0.1998898678414097 0.5555555555555556 0.19438325991189428 0.5555555555555556 0.18612334801762115 0.5572916666666666 0.18226872246696035 0.5597718253968254 0.18116740088105726 0.5622519841269841 0.18116740088105726 0.5662202380952381 0.1828193832599119 0.5689484126984127 0.1883259911894273 0.5724206349206349 0.19548458149779735 0.5746527777777778 0.20484581497797358 0.5739087301587301 0.21255506607929514 0.5714285714285714 0.21696035242290748 0.5684523809523809 0.21971365638766518 0.5647321428571429 0.21916299559471367 0.5612599206349206 0.21696035242290748 0.5592757936507936 0.20759911894273128 0.5562996031746031
0 0.23072687224669602 0.576140873015873 0.22246696035242292 0.574156746031746 0.21200440528634362 0.574156746031746 0.20429515418502203 0.5758928571428571 0.19658590308370044 0.5798611111111112 0.19548458149779735 0.5850694444444444 0.197136563876652 0.5880456349206349 0.20429515418502203 0.589781746031746 0.21365638766519823 0.5900297619047619 0.22301762114537446 0.5885416666666666 0.2301762114537445 0.5865575396825397 0.23513215859030837 0.5840773809523809 0.23513215859030837 0.5798611111111112
0 0.14151982378854625 0.5828373015873016 0.13491189427312775 0.5815972222222222 0.1261013215859031 0.5818452380952381 0.11674008810572688 0.5840773809523809 0.10958149779735683 0.5877976190476191 0.10848017621145374 0.5922619047619048 0.11123348017621146 0.5954861111111112 0.11674008810572688 0.597718253968254 0.1343612334801762 0.5979662698412699 0.1448237885462555 0.5964781746031746 0.14977973568281938 0.5930059523809523 0.15033039647577093 0.5887896825396826 0.14977973568281938 0.5875496031746031
0 0.12555066079295155 0.5987103174603174 0.11949339207048458 0.6009424603174603 0.11729074889867841 0.6031746031746031 0.11563876651982379 0.6068948412698413 0.11729074889867841 0.611359126984127 0.12059471365638766 0.6135912698412699 0.12665198237885464 0.6163194444444444 0.1299559471365639 0.6170634920634921 0.1354625550660793 0.6175595238095238 0.14372246696035243 0.6165674603174603 0.15198237885462554 0.6135912698412699 0.15583700440528633 0.611359126984127 0.15693832599118943 0.6071428571428571 0.15198237885462554 0.6026785714285714 0.14262114537444934 0.5989583333333334 0.138215859030837 0.5984623015873016
0 0.20319383259911894 0.5989583333333334 0.1998898678414097 0.6004464285714286 0.197136563876652 0.6031746031746031 0.19768722466960353 0.6076388888888888 0.20429515418502203 0.6118551587301587 0.21145374449339208 0.6140873015873016 0.22191629955947137 0.6143353174603174 0.2263215859030837 0.6125992063492064 0.22852422907488987 0.6108630952380952 0.23072687224669602 0.6044146825396826 0.23072687224669602 0.5992063492063492 0.22411894273127753 0.5979662698412699 0.21035242290748898 0.5979662698412699
0 0.2643171806167401 0.6004464285714286 0.2588105726872247 0.6026785714285714 0.2555066079295154 0.6076388888888888 0.2588105726872247 0.6116071428571429 0.2648678414096916 0.6140873015873016 0.2714757709251101 0.6148313492063492 0.28359030837004406 0.6145833333333334 0.29019823788546256 0.6130952380952381 0.29570484581497797 0.6108630952380952 0.29845814977973567 0.6068948412698413 0.2946035242290749 0.6021825396825397 0.29129955947136565 0.6006944444444444 0.2813876651982379 0.5992063492063492 0.27312775330396477 0.5992063492063492
0 0.30616740088105726 0.6108630952380952 0.30892070484581496 0.6170634920634921 0.31662995594713655 0.6195436507936508 0.32709251101321585 0.6195436507936508 0.33755506607929514 0.6180555555555556 0.3524229074889868 0.6118551587301587 0.3524229074889868 0.6111111111111112 0.34030837004405284 0.607390873015873 0.33370044052863435 0.6061507936507936 0.32433920704845814 0.605406746031746 0.31662995594713655 0.605406746031746 0.31112334801762115 0.6063988095238095 0.30892070484581496 0.607390873015873
0 0.29955947136563876 0.6284722222222222 0.29790748898678415 0.6331845238095238 0.29845814977973567 0.6371527777777778 0.3001101321585903 0.6388888888888888 0.30837004405286345 0.640625 0.32599118942731276 0.6411210317460317 0.3436123348017621 0.6351686507936508 0.34801762114537443 0.6349206349206349 0.34306167400881055 0.6331845238095238 0.3408590308370044 0.6309523809523809 0.3331497797356828 0.6274801587301587 0.32433920704845814 0.6254960317460317 0.31773127753303965 0.6247519841269841 0.30781938325991187 0.625 0.30286343612334804 0.6262400793650794
0 0.177863436123348 0.6158234126984127 0.17400881057268722 0.6257440476190477 0.1751101321585903 0.6307043650793651 0.17951541850220265 0.6331845238095238 0.18502202643171806 0.6341765873015873 0.1883259911894273 0.6341765873015873 0.19823788546255505 0.6319444444444444 0.20484581497797358 0.628968253968254 0.20759911894273128 0.6262400793650794 0.20759911894273128 0.6227678571428571 0.2026431718061674 0.6200396825396826 0.1921806167400881 0.6178075396825397 0.18722466960352424 0.6160714285714286
0 0.13381057268722468 0.6183035714285714 0.1261013215859031 0.6197916666666666 0.1222466960352423 0.6222718253968254 0.12059471365638766 0.6274801587301587 0.12279735682819383 0.6312003968253969 0.12555066079295155 0.6331845238095238 0.1343612334801762 0.6364087301587301 0.1393171806167401 0.6364087301587301 0.14372246696035243 0.6359126984126984 0.15418502202643172 0.6324404761904762 0.15859030837004406 0.6277281746031746 0.15748898678414097 0.623015873015873 0.15253303964757708 0.6207837301587301 0.14262114537444934 0.6187996031746031
0 0.15418502202643172 0.6349206349206349 0.1486784140969163 0.6369047619047619 0.1448237885462555 0.6403769841269841 0.14372246696035243 0.6436011904761905 0.14537444933920704 0.6468253968253969 0.15198237885462554 0.6498015873015873 0.15583700440528633 0.6505456349206349 0.16409691629955947 0.6507936507936508 0.17345814977973567 0.6495535714285714 0.1762114537444934 0.6485615079365079 0.17841409691629956 0.6463293650793651 0.17566079295154186 0.6416170634920635 0.1723568281938326 0.638640873015873 0.1618942731277533 0.6344246031746031
0 0.19383259911894274 0.6408730158730159 0.1894273127753304 0.6458333333333334 0.18997797356828194 0.6502976190476191 0.19548458149779735 0.6525297619047619 0.2064977973568282 0.6535218253968254 0.2131057268722467 0.6530257936507936 0.2301762114537445 0.6502976190476191 0.2329295154185022 0.6465773809523809 0.23127753303964757 0.642609126984127 0.22191629955947137 0.6423611111111112 0.21420704845814978 0.6393849206349206 0.2053964757709251 0.6383928571428571 0.197136563876652 0.6396329365079365
0 0.27422907488986786 0.6331845238095238 0.2687224669603524 0.6336805555555556 0.2648678414096916 0.6346726190476191 0.2533039647577093 0.6433531746031746 0.2511013215859031 0.6460813492063492 0.2511013215859031 0.6505456349206349 0.2566079295154185 0.6537698412698413 0.2621145374449339 0.654265873015873 0.2747797356828194 0.6540178571428571 0.2791850220264317 0.6527777777777778 0.2830396475770925 0.6505456349206349 0.2841409691629956 0.6468253968253969 0.2830396475770925 0.6396329365079365
0 0.32323788546255505 0.6455853174603174 0.31718061674008813 0.6463293650793651 0.31552863436123346 0.6502976190476191 0.31607929515418504 0.6547619047619048 0.31883259911894274 0.6584821428571429 0.32323788546255505 0.6607142857142857 0.32709251101321585 0.6614583333333334 0.33370044052863435 0.6607142857142857 0.34140969162995594 0.658234126984127 0.3436123348017621 0.6540178571428571 0.3392070484581498 0.6495535714285714 0.33590308370044053 0.6478174603174603 0.32654185022026433 0.6455853174603174
0 0.2747797356828194 0.6619543650793651 0.2659691629955947 0.6587301587301587 0.2599118942731278 0.658234126984127 0.24779735682819384 0.6587301587301587 0.2406387665198238 0.6612103174603174 0.2356828193832599 0.6661706349206349 0.2395374449339207 0.6706349206349206 0.2450440528634361 0.671875 0.2566079295154185 0.671875 0.2665198237885463 0.6693948412698413 0.2736784140969163 0.6661706349206349
0 0.1883259911894273 0.6661706349206349 0.18777533039647576 0.6713789682539683 0.1905286343612335 0.6753472222222222 0.19548458149779735 0.6775793650793651 0.20319383259911894 0.6788194444444444 0.2131057268722467 0.6775793650793651 0.2263215859030837 0.6748511904761905 0.23403083700440527 0.6721230158730159 0.23623348017621146 0.6701388888888888 0.2329295154185022 0.667906746031746 0.22522026431718062 0.6651785714285714 0.21365638766519823 0.6634424603174603 0.19548458149779735 0.6629464285714286 0.19273127753303965 0.6634424603174603
0 0.32654185022026433 0.6693948412698413 0.31332599118942733 0.6696428571428571 0.30726872246696035 0.6711309523809523 0.2973568281938326 0.675843253968254 0.29570484581497797 0.6773313492063492 0.29570484581497797 0.6815476190476191 0.29680616740088106 0.6830357142857143 0.30561674008810574 0.6862599206349206 0.30947136563876654 0.6870039682539683 0.31828193832599116 0.6870039682539683 0.32433920704845814 0.6857638888888888 0.32709251101321585 0.6830357142857143 0.32984581497797355 0.675843253968254 0.32929515418502203 0.671875
0 0.2714757709251101 0.6726190476190477 0.2665198237885463 0.6736111111111112 0.2621145374449339 0.6755952380952381 0.2604625550660793 0.6780753968253969 0.2604625550660793 0.6820436507936508 0.2626651982378855 0.6847718253968254 0.27037444933920707 0.689484126984127 0.27422907488986786 0.6904761904761905 0.28359030837004406 0.6909722222222222 0.289647577092511 0.689484126984127 0.29405286343612336 0.6857638888888888 0.29515418502202645 0.6832837301587301 0.2946035242290749 0.6775793650793651 0.29129955947136565 0.6746031746031746 0.2852422907488987 0.6726190476190477
0 0.2566079295154185 0.671875 0.2472466960352423 0.6716269841269841 0.2395374449339207 0.6721230158730159 0.22742290748898678 0.6773313492063492 0.22301762114537446 0.6812996031746031 0.224284140969163 0.6842757936507936 0.2301762114537445 0.6868799603174603 0.23529735682819383 0.6885416666666666 0.2422907488986784 0.6892361111111112 0.24834801762114536 0.6884920634920635 0.2544052863436123 0.6857638888888888 0.2599118942731278 0.6815476190476191 0.2599118942731278 0.673859126984127
0 0.20484581497797358 0.6808035714285714 0.19548458149779735 0.6850198412698413 0.1932819383259912 0.6882440476190477 0.19383259911894274 0.6907242063492064 0.197136563876652 0.6932043650793651 0.20704845814977973 0.6971726190476191 0.21255506607929514 0.6984126984126984 0.22246696035242292 0.6981646825396826 0.23348017621145375 0.6934523809523809 0.23370044052863434 0.689484126984127 0.22136563876651982 0.6815476190476191 0.21420704845814978 0.6805555555555556
0 0.12334801762114538 0.6535218253968254 0.11729074889867841 0.654265873015873 0.10903083700440529 0.6574900793650794 0.10682819383259912 0.6624503968253969 0.11068281938325991 0.6671626984126984 0.1145374449339207 0.6688988095238095 0.1183920704845815 0.6696428571428571 0.1277533039647577 0.6701388888888888 0.13766519823788545 0.6686507936507936 0.14537444933920704 0.6656746031746031 0.14757709251101322 0.6631944444444444 0.14757709251101322 0.6612103174603174 0.1448237885462555 0.6574900793650794 0.1393171806167401 0.6550099206349206 0.1327092511013216 0.6537698412698413
0 0.1751101321585903 0.6693948412698413 0.15859030837004406 0.6659226190476191 0.15418502202643172 0.6654265873015873 0.14757709251101322 0.6656746031746031 0.13215859030837004 0.669890873015873 0.13215859030837004 0.6755952380952381 0.13711453744493393 0.6798115079365079 0.14317180616740088 0.6822916666666666 0.15748898678414097 0.6820436507936508 0.16519823788546256 0.6800595238095238 0.17125550660792951 0.6768353174603174 0.17566079295154186 0.6701388888888888
0 0.19658590308370044 0.6775793650793651 0.18722466960352424 0.6755952380952381 0.17015418502202642 0.6775793650793651 0.16409691629955947 0.6815476190476191 0.16354625550660792 0.6857638888888888 0.16464757709251102 0.689484126984127 0.1723568281938326 0.6919642857142857 0.17731277533039647 0.6927083333333334 0.18887665198237885 0.6907242063492064 0.19162995594713655 0.689484126984127 0.1949339207048458 0.6852678571428571 0.20044052863436124 0.6817956349206349
0 0.15914096916299558 0.6832837301587301 0.15033039647577093 0.6827876984126984 0.1448237885462555 0.6840277777777778 0.13215859030837004 0.6887400793650794 0.1288546255506608 0.6934523809523809 0.13491189427312775 0.6971726190476191 0.1486784140969163 0.6984126984126984 0.15308370044052863 0.6984126984126984 0.15914096916299558 0.6971726190476191 0.16244493392070486 0.6937003968253969 0.16134361233480177 0.6847718253968254
0 0.125 0.6763392857142857 0.1211453744493392 0.675843253968254 0.1145374449339207 0.6760912698412699 0.10737885462555066 0.6778273809523809 0.10242290748898679 0.6800595238095238 0.09636563876651982 0.6852678571428571 0.0947136563876652 0.6897321428571429 0.0974669603524229 0.6917162698412699 0.10848017621145374 0.6937003968253969 0.12004405286343613 0.6939484126984127 0.1261013215859031 0.6929563492063492 0.13215859030837004 0.6902281746031746 0.13601321585903084 0.6850198412698413 0.13105726872246695 0.6788194444444444
0 0.29900881057268724 0.5855654761904762 0.2857929515418502 0.5873015873015873 0.2841409691629956 0.5885416666666666 0.2830396475770925 0.5922619047619048 0.28909691629955947 0.5982142857142857 0.29405286343612336 0.6001984126984127 0.30066079295154186 0.6011904761904762 0.30892070484581496 0.5997023809523809 0.31718061674008813 0.595734126984127 0.31883259911894274 0.5912698412698413 0.31773127753303965 0.5895337301587301 0.31387665198237885 0.5877976190476191
