0 0.2541062801932367 0.244 0.25217391304347825 0.2475 0.2531400966183575 0.254 0.27342995169082124 0.2665 0.2898550724637681 0.27 0.3004830917874396 0.27 0.3101449275362319 0.267 0.3207729468599034 0.257 0.3207729468599034 0.2515 0.3072463768115942 0.2435 0.2995169082125604 0.242 0.2753623188405797 0.2405
0 0.8135265700483092 0.165 0.8019323671497585 0.168 0.7913043478260869 0.173 0.7884057971014493 0.177 0.7893719806763285 0.1825 0.7971014492753623 0.1925 0.8106280193236715 0.2005 0.821256038647343 0.2025 0.8328502415458937 0.2025 0.8463768115942029 0.1985 0.851207729468599 0.1945 0.855072463768116 0.1775 0.8492753623188406 0.1705 0.8415458937198068 0.166 0.8318840579710145 0.164
0 0.1294685990338164 0.3935 0.11690821256038647 0.3955 0.10917874396135266 0.4005 0.10144927536231885 0.409 0.10048309178743961 0.418 0.10241545893719807 0.4215 0.10821256038647344 0.425 0.12367149758454106 0.428 0.1391304347826087 0.428 0.1497584541062802 0.4255 0.1536231884057971 0.423 0.15845410628019324 0.404 0.1497584541062802 0.396 0.14106280193236714 0.3935
0 0.4985507246376812 0.6435 0.4801932367149758 0.6425 0.4676328502415459 0.6445 0.45603864734299515 0.648 0.4454106280193237 0.6535 0.442512077294686 0.657 0.44154589371980674 0.6685 0.45507246376811594 0.6785 0.4628019323671498 0.68 0.4859903381642512 0.6795 0.4975845410628019 0.678 0.5101449275362319 0.6735 0.5130434782608696 0.67 0.5130434782608696 0.662 0.5101449275362319 0.6535 0.506280193236715 0.6475
0 0.3710144927536232 0.669 0.3710144927536232 0.674 0.37584541062801935 0.678 0.3884057971014493 0.683 0.4038647342995169 0.685 0.43285024154589374 0.686 0.43671497584541064 0.6855 0.44154589371980674 0.682 0.43768115942028984 0.673 0.4270531400966184 0.667 0.4222222222222222 0.662 0.40869565217391307 0.656 0.40193236714975844 0.6555 0.3893719806763285 0.6575 0.37971014492753624 0.662
0 0.3468599033816425 0.647 0.3333333333333333 0.647 0.31980676328502416 0.65 0.30628019323671496 0.658 0.30241545893719807 0.664 0.3033816425120773 0.6815 0.30628019323671496 0.683 0.3342995169082126 0.686 0.34299516908212563 0.6855 0.357487922705314 0.682 0.3681159420289855 0.6745 0.3739130434782609 0.6665 0.370048309178744 0.658 0.3565217391304348 0.6495
0 0.25120772946859904 0.4005 0.24444444444444444 0.41 0.24347826086956523 0.4195 0.25217391304347825 0.425 0.2956521739130435 0.4255 0.3101449275362319 0.4235 0.3140096618357488 0.4205 0.3120772946859903 0.416 0.3033816425120773 0.414 0.2966183574879227 0.41 0.2898550724637681 0.409 0.2782608695652174 0.4 0.26956521739130435 0.3975 0.26570048309178745 0.3975
0 0.5507246376811594 0.645 0.5304347826086957 0.646 0.5207729468599034 0.6505 0.518840579710145 0.6535 0.5227053140096618 0.6735 0.5256038647342995 0.678 0.5333333333333333 0.68 0.5545893719806764 0.6785 0.5632850241545894 0.674 0.5652173913043478 0.6675 0.5642512077294686 0.6535 0.5603864734299517 0.6485
0 0.4444444444444444 0.6145 0.43285024154589374 0.6145 0.421256038647343 0.6175 0.4115942028985507 0.6225 0.4106280193236715 0.625 0.39516908212560387 0.633 0.3922705314009662 0.6405 0.3932367149758454 0.6455 0.4048309178743961 0.6515 0.4260869565217391 0.6555 0.43671497584541064 0.6545 0.45893719806763283 0.6435 0.46570048309178746 0.6385 0.4676328502415459 0.6295 0.45603864734299515 0.622 0.45314009661835747 0.618
0 0.38357487922705313 0.607 0.3739130434782609 0.6065 0.3497584541062802 0.611 0.34299516908212563 0.6145 0.34106280193236715 0.626 0.34396135265700484 0.6315 0.3526570048309179 0.637 0.36038647342995167 0.6395 0.37681159420289856 0.6405 0.3922705314009662 0.635 0.39516908212560387 0.6315 0.3961352657004831 0.616 0.391304347826087 0.61
0 0.21256038647342995 0.65 0.21256038647342995 0.6545 0.23381642512077294 0.6625 0.24444444444444444 0.664 0.2763285024154589 0.664 0.28695652173913044 0.662 0.293719806763285 0.659 0.2966183574879227 0.6555 0.2975845410628019 0.644 0.2946859903381642 0.64 0.28309178743961355 0.635 0.2763285024154589 0.63 0.2589371980676328 0.6295 0.24057971014492754 0.634 0.22995169082125605 0.6395 0.22415458937198068 0.647
0 0.314975845410628 0.6055 0.3033816425120773 0.6065 0.2927536231884058 0.61 0.2792270531400966 0.6195 0.2782608695652174 0.631 0.28309178743961355 0.6355 0.2985507246376812 0.6405 0.32270531400966185 0.6345 0.3314009661835749 0.6305 0.3342995169082126 0.6275 0.3333333333333333 0.612 0.32270531400966185 0.607
0 0.35555555555555557 0.5815 0.34299516908212563 0.582 0.33043478260869563 0.587 0.3159420289855073 0.5985 0.314975845410628 0.604 0.3352657004830918 0.6105 0.3468599033816425 0.611 0.36135265700483093 0.609 0.37584541062801935 0.6035 0.37681159420289856 0.5955 0.36618357487922704 0.588 0.36328502415458935 0.584
0 0.2396135265700483 0.5895 0.23091787439613526 0.589 0.21642512077294687 0.5915 0.20772946859903382 0.599 0.20579710144927535 0.603 0.20483091787439614 0.6115 0.20676328502415459 0.6155 0.21545893719806763 0.622 0.22318840579710145 0.625 0.23285024154589373 0.625 0.24444444444444444 0.623 0.25507246376811593 0.616 0.2589371980676328 0.61 0.2589371980676328 0.605 0.25217391304347825 0.5935 0.2492753623188406 0.5915
0 0.28599033816425123 0.5665 0.2772946859903382 0.5675 0.2608695652173913 0.572 0.2531400966183575 0.577 0.24734299516908212 0.5835 0.24734299516908212 0.588 0.2531400966183575 0.593 0.2570048309178744 0.5995 0.2608695652173913 0.6015 0.28309178743961355 0.604 0.2946859903381642 0.603 0.30628019323671496 0.5995 0.3159420289855073 0.5915 0.3169082125603865 0.586 0.314975845410628 0.579 0.29178743961352654 0.5675
0 0.13043478260869565 0.5685 0.11884057971014493 0.57 0.11014492753623188 0.5735 0.10628019323671498 0.578 0.10531400966183575 0.5875 0.11207729468599034 0.5975 0.12173913043478261 0.602 0.13526570048309178 0.6035 0.14879227053140096 0.6015 0.1603864734299517 0.5955 0.16521739130434782 0.5885 0.16521739130434782 0.576 0.15845410628019324 0.571 0.15458937198067632 0.57
0 0.21642512077294687 0.563 0.20676328502415459 0.5625 0.19903381642512077 0.5635 0.19033816425120773 0.566 0.17777777777777778 0.572 0.16618357487922705 0.5835 0.1671497584541063 0.59 0.17198067632850242 0.5935 0.1826086956521739 0.5955 0.2038647342995169 0.5955 0.20966183574879227 0.5945 0.21739130434782608 0.5905 0.23671497584541062 0.588 0.23864734299516907 0.5835 0.2357487922705314 0.5765 0.22801932367149758 0.569
0 0.15942028985507245 0.536 0.15169082125603864 0.536 0.13816425120772946 0.5385 0.13429951690821257 0.5405 0.12753623188405797 0.548 0.12367149758454106 0.5545 0.12367149758454106 0.56 0.1285024154589372 0.566 0.13623188405797101 0.5685 0.15458937198067632 0.57 0.16231884057971013 0.5695 0.18454106280193236 0.564 0.18743961352657004 0.562 0.18937198067632852 0.557 0.18743961352657004 0.551 0.1681159420289855 0.5415 0.16328502415458937 0.537
0 0.22608695652173913 0.521 0.20096618357487922 0.5175 0.18454106280193236 0.518 0.17681159420289855 0.52 0.1642512077294686 0.529 0.16328502415458937 0.536 0.16618357487922705 0.5405 0.17777777777777778 0.5465 0.1826086956521739 0.5475 0.19806763285024154 0.5475 0.20869565217391303 0.546 0.22801932367149758 0.533 0.23091787439613526 0.5245
0 0.2357487922705314 0.531 0.22415458937198068 0.536 0.21159420289855072 0.544 0.20869565217391303 0.549 0.2106280193236715 0.5565 0.21545893719806763 0.561 0.2318840579710145 0.5685 0.25024154589371983 0.571 0.2618357487922705 0.571 0.2714975845410628 0.5685 0.28309178743961355 0.563 0.2898550724637681 0.5535 0.28888888888888886 0.548 0.2763285024154589 0.539 0.2618357487922705 0.537 0.2463768115942029 0.5315
0 0.30917874396135264 0.5435 0.29082125603864734 0.5535 0.2898550724637681 0.5645 0.293719806763285 0.569 0.30628019323671496 0.5755 0.3178743961352657 0.579 0.3342995169082126 0.579 0.35555555555555557 0.5755 0.36038647342995167 0.573 0.36231884057971014 0.5695 0.36231884057971014 0.558 0.35942028985507246 0.552 0.3333333333333333 0.542 0.3207729468599034 0.5415
0 0.3826086956521739 0.5525 0.3652173913043478 0.571 0.3652173913043478 0.5845 0.3681159420289855 0.5885 0.37681159420289856 0.594 0.39806763285024155 0.5955 0.4115942028985507 0.593 0.42028985507246375 0.589 0.42318840579710143 0.5845 0.42318840579710143 0.577 0.41739130434782606 0.5675 0.41256038647342996 0.5635 0.40193236714975844 0.5595 0.3903381642512077 0.5525
0 0.4608695652173913 0.5985 0.45410628019323673 0.602 0.45120772946859905 0.606 0.45120772946859905 0.616 0.45410628019323673 0.62 0.4618357487922705 0.6255 0.46956521739130436 0.6285 0.48695652173913045 0.6275 0.4956521739130435 0.6255 0.506280193236715 0.619 0.5082125603864734 0.6155 0.5072463768115942 0.611 0.48985507246376814 0.601 0.47439613526570046 0.598
0 0.5024154589371981 0.5905 0.4927536231884058 0.596 0.49082125603864735 0.6 0.49371980676328503 0.6035 0.5053140096618357 0.6095 0.5169082125603864 0.6125 0.527536231884058 0.613 0.5314009661835749 0.612 0.5400966183574879 0.604 0.5371980676328503 0.5935 0.5352657004830917 0.5925 0.5178743961352656 0.5925
0 0.6251207729468599 0.624 0.6096618357487923 0.6235 0.6028985507246377 0.6245 0.5922705314009662 0.631 0.5845410628019324 0.6395 0.5845410628019324 0.6475 0.5903381642512078 0.6525 0.6173913043478261 0.6525 0.6270531400966184 0.648 0.6376811594202898 0.635 0.6376811594202898 0.632
0 0.6376811594202898 0.6365 0.633816425120773 0.64 0.629951690821256 0.6475 0.6318840579710145 0.659 0.6444444444444445 0.663 0.6859903381642513 0.6625 0.693719806763285 0.659 0.702415458937198 0.6495 0.7014492753623188 0.645 0.6811594202898551 0.6355 0.6647342995169082 0.6305 0.6531400966183575 0.6305
0 0.6405797101449275 0.603 0.6318840579710145 0.605 0.6231884057971014 0.61 0.6231884057971014 0.6215 0.6347826086956522 0.629 0.6483091787439613 0.6315 0.6628019323671498 0.629 0.6695652173913044 0.6235 0.6695652173913044 0.6145 0.6676328502415458 0.6115 0.6560386473429952 0.605 0.6492753623188405 0.603
0 0.6840579710144927 0.6065 0.6763285024154589 0.6155 0.6763285024154589 0.625 0.6830917874396135 0.6345 0.693719806763285 0.638 0.7091787439613526 0.6385 0.7188405797101449 0.6375 0.7314009661835749 0.634 0.7420289855072464 0.6265 0.7410628019323672 0.619 0.7314009661835749 0.614 0.7072463768115942 0.6055 0.6898550724637681 0.6055
0 0.6077294685990338 0.598 0.5942028985507246 0.595 0.5652173913043478 0.6 0.557487922705314 0.5975 0.5497584541062802 0.599 0.5449275362318841 0.6035 0.5449275362318841 0.6085 0.5555555555555556 0.6195 0.5642512077294686 0.623 0.5710144927536231 0.624 0.578743961352657 0.6235 0.5893719806763285 0.62 0.5980676328502416 0.6155 0.6057971014492753 0.6065 0.6106280193236715 0.604 0.6106280193236715 0.5995
0 0.58743961352657 0.567 0.578743961352657 0.5675 0.5642512077294686 0.5705 0.5594202898550724 0.5725 0.553623188405797 0.5785 0.5507246376811594 0.5855 0.5545893719806764 0.5955 0.5642512077294686 0.6 0.591304347826087 0.595 0.6057971014492753 0.5875 0.6057971014492753 0.573
0 0.5507246376811594 0.553 0.5217391304347826 0.5515 0.5091787439613527 0.556 0.4975845410628019 0.563 0.49178743961352656 0.5695 0.49082125603864735 0.577 0.49371980676328503 0.583 0.506280193236715 0.5905 0.5178743961352656 0.5925 0.5265700483091788 0.5925 0.5391304347826087 0.5905 0.5478260869565217 0.586 0.553623188405797 0.577 0.561352657004831 0.5705 0.5632850241545894 0.565 0.5584541062801932 0.556
0 0.4222222222222222 0.5675 0.4222222222222222 0.5725 0.4270531400966184 0.5815 0.43478260869565216 0.5865 0.45217391304347826 0.592 0.4618357487922705 0.593 0.47439613526570046 0.592 0.4821256038647343 0.5895 0.48985507246376814 0.584 0.48985507246376814 0.57 0.48792270531400966 0.5675 0.47729468599033814 0.562 0.4444444444444444 0.56
0 0.43671497584541064 0.535 0.42318840579710143 0.5435 0.4222222222222222 0.5455 0.4318840579710145 0.5535 0.442512077294686 0.5585 0.4608695652173913 0.5615 0.47439613526570046 0.562 0.4927536231884058 0.5565 0.49371980676328503 0.5515 0.49082125603864735 0.54 0.48792270531400966 0.5355 0.4821256038647343 0.532 0.46859903381642515 0.53 0.4570048309178744 0.53
0 0.7236714975845411 0.645 0.7188405797101449 0.649 0.7198067632850241 0.653 0.740096618357488 0.6665 0.7584541062801933 0.673 0.7671497584541063 0.6745 0.7777777777777778 0.6735 0.7864734299516908 0.6705 0.7932367149758454 0.6565 0.7932367149758454 0.649 0.7855072463768116 0.644 0.77487922705314 0.641 0.7652173913043478 0.6405
0 0.8280193236714976 0.645 0.821256038647343 0.6445 0.808695652173913 0.646 0.7942028985507247 0.654 0.7874396135265701 0.669 0.7874396135265701 0.6745 0.7903381642512077 0.679 0.8057971014492754 0.687 0.8289855072463768 0.686 0.8405797101449275 0.6825 0.8492753623188406 0.677 0.8599033816425121 0.6635 0.8599033816425121 0.6595 0.8560386473429952 0.6545 0.8483091787439614 0.6505
0 0.8724637681159421 0.6585 0.8647342995169082 0.6605 0.8589371980676328 0.6645 0.8541062801932368 0.6755 0.855072463768116 0.6825 0.8599033816425121 0.6875 0.8724637681159421 0.6915 0.8917874396135266 0.6915 0.9082125603864735 0.6875 0.9159420289855073 0.6835 0.914975845410628 0.6715 0.9053140096618357 0.6625 0.8898550724637682 0.6635 0.8830917874396135 0.6585
0 0.927536231884058 0.655 0.9217391304347826 0.659 0.9207729468599034 0.666 0.9169082125603865 0.6675 0.9159420289855073 0.6695 0.9178743961352657 0.676 0.9227053140096618 0.6815 0.9458937198067633 0.6835 0.9594202898550724 0.6835 0.9710144927536232 0.681 0.9777777777777777 0.678 0.9806763285024155 0.6745 0.9816425120772947 0.667 0.9748792270531401 0.662 0.966183574879227 0.6615 0.9565217391304348 0.6555 0.9439613526570049 0.652
0 0.9951690821256038 0.6535 0.9884057971014493 0.6555 0.9835748792270531 0.66 0.9806763285024155 0.6735 0.9835748792270531 0.6785 0.991304347826087 0.6825 1.0 0.684 1.0 0.6535
0 0.957487922705314 0.614 0.9333333333333333 0.619 0.927536231884058 0.624 0.9256038647342996 0.6315 0.9285024154589372 0.6385 0.9381642512077295 0.648 0.9449275362318841 0.652 0.961352657004831 0.6575 0.9671497584541063 0.661 0.9816425120772947 0.658 0.9864734299516909 0.655 0.9864734299516909 0.6495 0.9893719806763285 0.645 0.9874396135265701 0.6265 0.9826086956521739 0.622 0.9681159420289855 0.6155
0 0.9884057971014493 0.629 0.9893719806763285 0.6435 0.9864734299516909 0.6515 0.9884057971014493 0.654 1.0 0.6535 1.0 0.629
0 0.9217391304347826 0.631 0.9140096618357488 0.6295 0.8956521739130435 0.63 0.8840579710144928 0.634 0.8705314009661835 0.646 0.8714975845410629 0.6505 0.8772946859903382 0.6565 0.885024154589372 0.6595 0.8888888888888888 0.6635 0.9227053140096618 0.6575 0.9285024154589372 0.6545 0.9333333333333333 0.649 0.9333333333333333 0.645 0.9256038647342996 0.633
0 0.8792270531400966 0.617 0.8734299516908213 0.6165 0.8599033816425121 0.6195 0.8444444444444444 0.619 0.8251207729468599 0.6275 0.8222222222222222 0.6305 0.8231884057971014 0.639 0.8299516908212561 0.6445 0.842512077294686 0.6495 0.855072463768116 0.6505 0.863768115942029 0.649 0.8685990338164251 0.647 0.8821256038647343 0.636 0.8859903381642512 0.631 0.885024154589372 0.6225 0.8830917874396135 0.6185
0 0.7439613526570048 0.6205 0.7429951690821256 0.624 0.7458937198067633 0.6275 0.7574879227053141 0.634 0.7777777777777778 0.642 0.7893719806763285 0.645 0.8009661835748793 0.645 0.808695652173913 0.644 0.8183574879227054 0.6405 0.8202898550724638 0.631 0.8231884057971014 0.627 0.8231884057971014 0.6215 0.8135265700483092 0.6135 0.808695652173913 0.6125 0.7922705314009661 0.613 0.7777777777777778 0.611 0.7681159420289855 0.611
0 0.7217391304347827 0.5645 0.7169082125603865 0.572 0.7091787439613526 0.5765 0.7072463768115942 0.581 0.7082125603864734 0.589 0.7130434782608696 0.595 0.7236714975845411 0.5995 0.7371980676328502 0.601 0.7594202898550725 0.5975 0.7632850241545893 0.5955 0.7681159420289855 0.584 0.7642512077294686 0.572 0.7526570048309179 0.566 0.7381642512077294 0.5655 0.7323671497584541 0.564
0 0.7835748792270532 0.573 0.7690821256038647 0.5835 0.7623188405797101 0.5985 0.7632850241545893 0.603 0.7710144927536232 0.6095 0.7758454106280194 0.611 0.7864734299516908 0.6125 0.8048309178743961 0.612 0.821256038647343 0.6075 0.8260869565217391 0.6035 0.8260869565217391 0.5865 0.8173913043478261 0.5805 0.7980676328502415 0.5735 0.7932367149758454 0.5725
0 0.8908212560386474 0.5785 0.8763285024154589 0.5815 0.8579710144927536 0.581 0.8483091787439614 0.583 0.8367149758454107 0.587 0.8289855072463768 0.592 0.8289855072463768 0.6035 0.8367149758454107 0.6115 0.8492753623188406 0.6185 0.8608695652173913 0.6195 0.8705314009661835 0.6175 0.8763285024154589 0.615 0.8908212560386474 0.6045 0.8956521739130435 0.5965 0.8956521739130435 0.591 0.893719806763285 0.589 0.8946859903381642 0.583 0.893719806763285 0.58
0 0.9227053140096618 0.583 0.9130434782608695 0.585 0.8995169082125604 0.593 0.8946859903381642 0.599 0.893719806763285 0.605 0.8995169082125604 0.6115 0.9043478260869565 0.6135 0.9198067632850242 0.617 0.9371980676328503 0.6175 0.9565217391304348 0.6125 0.9623188405797102 0.608 0.9632850241545894 0.6035 0.961352657004831 0.6 0.9468599033816425 0.5885 0.9371980676328503 0.5845
0 0.9410628019323671 0.581 0.9400966183574879 0.585 0.9516908212560387 0.5905 0.9555555555555556 0.596 0.9623188405797102 0.6 0.9797101449275363 0.603 0.991304347826087 0.603 1.0 0.6015 1.0 0.575 0.9816425120772947 0.573 0.9690821256038648 0.573
0 0.991304347826087 0.607 0.9826086956521739 0.61 0.9777777777777777 0.616 0.9806763285024155 0.62 0.9951690821256038 0.6285 1.0 0.6285 1.0 0.607
0 0.9845410628019323 0.547 0.978743961352657 0.548 0.9710144927536232 0.553 0.970048309178744 0.5665 0.978743961352657 0.5725 0.9922705314009662 0.573 1.0 0.5715 1.0 0.548
0 0.9198067632850242 0.5495 0.9082125603864735 0.5535 0.9004830917874396 0.56 0.8995169082125604 0.5665 0.9014492753623189 0.5715 0.9053140096618357 0.574 0.9265700483091788 0.58 0.9371980676328503 0.5805 0.9449275362318841 0.5795 0.9594202898550724 0.571 0.966183574879227 0.5645 0.9681159420289855 0.5595 0.9671497584541063 0.5545 0.9594202898550724 0.551 0.9507246376811594 0.5525 0.9314009661835749 0.549
0 0.9352657004830918 0.5175 0.9227053140096618 0.5225 0.9178743961352657 0.5275 0.914975845410628 0.5355 0.9178743961352657 0.5415 0.923671497584541 0.5465 0.9323671497584541 0.5495 0.9487922705314009 0.552 0.9632850241545894 0.5505 0.9748792270531401 0.5465 0.9806763285024155 0.542 0.978743961352657 0.529 0.9748792270531401 0.5255 0.9623188405797102 0.5195 0.9478260869565217 0.517
0 0.8618357487922705 0.5505 0.8570048309178744 0.553 0.8463768115942029 0.569 0.8483091787439614 0.5725 0.8589371980676328 0.5795 0.8657004830917875 0.5815 0.8772946859903382 0.5815 0.8908212560386474 0.5785 0.8995169082125604 0.573 0.8946859903381642 0.5565 0.8830917874396135 0.5505
0 0.7951690821256039 0.5415 0.7874396135265701 0.5465 0.7845410628019324 0.552 0.7845410628019324 0.5595 0.7893719806763285 0.567 0.7961352657004831 0.57 0.8096618357487922 0.5725 0.8270531400966183 0.5725 0.8454106280193237 0.569 0.851207729468599 0.5645 0.8579710144927536 0.553 0.8560386473429952 0.549 0.8502415458937198 0.5445 0.8434782608695652 0.541 0.8328502415458937 0.538 0.8106280193236715 0.538
0 0.7671497584541063 0.5235 0.7516908212560387 0.5245 0.7420289855072464 0.53 0.7275362318840579 0.5445 0.7285024154589372 0.55 0.7342995169082126 0.556 0.7391304347826086 0.558 0.7516908212560387 0.5585 0.7642512077294686 0.5575 0.7797101449275362 0.5535 0.7845410628019324 0.5505 0.7893719806763285 0.5425 0.7884057971014493 0.5365 0.7806763285024154 0.5295
0 0.7101449275362319 0.532 0.6850241545893719 0.531 0.663768115942029 0.5355 0.6463768115942029 0.5465 0.6434782608695652 0.5515 0.6444444444444445 0.5545 0.6579710144927536 0.5615 0.6666666666666666 0.5635 0.693719806763285 0.563 0.7169082125603865 0.5595 0.7227053140096619 0.5535 0.7217391304347827 0.543 0.7169082125603865 0.536
0 0.672463768115942 0.5645 0.6434782608695652 0.558 0.6386473429951691 0.558 0.6231884057971014 0.5665 0.6173913043478261 0.5715 0.6135265700483091 0.5785 0.6135265700483091 0.593 0.6115942028985507 0.596 0.6173913043478261 0.5995 0.6347826086956522 0.6 0.6492753623188405 0.599 0.6743961352657005 0.587 0.6782608695652174 0.583 0.6792270531400966 0.579 0.6782608695652174 0.572
0 0.6405797101449275 0.54 0.6309178743961352 0.5385 0.6096618357487923 0.538 0.6019323671497585 0.539 0.5893719806763285 0.543 0.5826086956521739 0.5465 0.5797101449275363 0.552 0.5806763285024155 0.559 0.5855072463768116 0.566 0.6009661835748792 0.5715 0.6106280193236715 0.5715 0.621256038647343 0.568 0.6386473429951691 0.557 0.6386473429951691 0.553 0.6434782608695652 0.547 0.6434782608695652 0.5435
0 0.5043478260869565 0.532 0.5043478260869565 0.5445 0.5101449275362319 0.5485 0.5198067632850242 0.5505 0.5439613526570048 0.552 0.5565217391304348 0.554 0.5632850241545894 0.5535 0.5690821256038647 0.548 0.5739130434782609 0.546 0.5797101449275363 0.5455 0.5845410628019324 0.5415 0.5816425120772947 0.5375 0.5758454106280193 0.536 0.5661835748792271 0.5295 0.5516908212560386 0.5265 0.5420289855072464 0.522 0.5256038647342995 0.5225
0 0.6164251207729469 0.5055 0.6057971014492753 0.5095 0.5942028985507246 0.519 0.5922705314009662 0.522 0.5942028985507246 0.5315 0.6019323671497585 0.536 0.6096618357487923 0.538 0.6328502415458938 0.538 0.6521739130434783 0.534 0.6579710144927536 0.5305 0.6570048309178744 0.52 0.6521739130434783 0.513 0.6386473429951691 0.506 0.6328502415458938 0.505
0 0.6946859903381642 0.4915 0.6830917874396135 0.494 0.6705314009661836 0.501 0.6657004830917874 0.509 0.6676328502415458 0.517 0.6714975845410628 0.5215 0.6859903381642513 0.53 0.7004830917874396 0.532 0.7159420289855073 0.5315 0.7391304347826086 0.5205 0.7410628019323672 0.517 0.7381642512077294 0.506 0.7265700483091787 0.4965 0.7198067632850241 0.4935 0.7091787439613526 0.491
0 0.8647342995169082 0.509 0.8579710144927536 0.5115 0.855072463768116 0.5155 0.8463768115942029 0.521 0.8454106280193237 0.526 0.8541062801932368 0.5355 0.8628019323671497 0.54 0.8763285024154589 0.5425 0.8888888888888888 0.542 0.8985507246376812 0.539 0.9072463768115943 0.538 0.9130434782608695 0.534 0.9130434782608695 0.5245 0.9072463768115943 0.5175 0.9004830917874396 0.514 0.885024154589372 0.5095 0.8753623188405797 0.5085
0 0.996135265700483 0.521 0.9893719806763285 0.5305 0.9884057971014493 0.537 0.9932367149758454 0.5435 0.996135265700483 0.545 1.0 0.545 1.0 0.521
0 0.9584541062801932 0.4845 0.9487922705314009 0.489 0.9439613526570049 0.495 0.9371980676328503 0.4985 0.9352657004830918 0.506 0.9429951690821256 0.5075 0.957487922705314 0.515 0.9719806763285024 0.5185 0.9903381642512077 0.5185 1.0 0.517 1.0 0.487 0.996135265700483 0.487 0.9903381642512077 0.4845
0 0.9429951690821256 0.459 0.9381642512077295 0.465 0.9400966183574879 0.4705 0.9449275362318841 0.475 0.961352657004831 0.484 0.9758454106280193 0.4855 0.9845410628019323 0.485 0.9903381642512077 0.4825 0.9942028985507246 0.478 1.0 0.4765 1.0 0.464 0.9971014492753624 0.464 0.9845410628019323 0.458 0.9632850241545894 0.458 0.9507246376811594 0.4565
0 0.9207729468599034 0.463 0.9101449275362319 0.4625 0.8975845410628019 0.4635 0.8888888888888888 0.4665 0.8859903381642512 0.4745 0.8888888888888888 0.4855 0.9004830917874396 0.492 0.9169082125603865 0.492 0.9333333333333333 0.4785 0.936231884057971 0.4725 0.9333333333333333 0.4665
0 0.863768115942029 0.47 0.8531400966183574 0.47 0.8434782608695652 0.4715 0.8347826086956521 0.4755 0.8222222222222222 0.49 0.8231884057971014 0.498 0.8347826086956521 0.506 0.842512077294686 0.5075 0.8618357487922705 0.5065 0.8782608695652174 0.5025 0.8879227053140096 0.4975 0.8917874396135266 0.49 0.885024154589372 0.4765 0.8792270531400966 0.473
0 0.8096618357487922 0.503 0.8028985507246377 0.5055 0.7913043478260869 0.5135 0.7922705314009661 0.5265 0.8 0.5325 0.8106280193236715 0.5345 0.8183574879227054 0.5345 0.8280193236714976 0.532 0.8415458937198068 0.526 0.8473429951690822 0.519 0.8473429951690822 0.516 0.8299516908212561 0.504
0 0.77487922705314 0.4885 0.7478260869565218 0.4935 0.7410628019323672 0.4985 0.740096618357488 0.5065 0.7439613526570048 0.511 0.7507246376811594 0.5145 0.770048309178744 0.5205 0.7768115942028986 0.521 0.7816425120772947 0.519 0.7913043478260869 0.5115 0.7913043478260869 0.4965 0.7893719806763285 0.493 0.7835748792270532 0.4895
0 0.7439613526570048 0.458 0.7323671497584541 0.4595 0.7169082125603865 0.466 0.7159420289855073 0.4765 0.7227053140096619 0.487 0.7304347826086957 0.491 0.7381642512077294 0.493 0.7468599033816425 0.4935 0.7632850241545893 0.491 0.77487922705314 0.4865 0.7806763285024154 0.4795 0.7806763285024154 0.474 0.7623188405797101 0.4615 0.7536231884057971 0.459
0 0.6434782608695652 0.4605 0.6405797101449275 0.4655 0.6405797101449275 0.4765 0.6444444444444445 0.4835 0.6531400966183575 0.4865 0.6628019323671498 0.4875 0.6792270531400966 0.4865 0.7014492753623188 0.482 0.7101449275362319 0.479 0.7130434782608696 0.4765 0.7140096618357488 0.466 0.7033816425120772 0.458 0.693719806763285 0.455 0.6657004830917874 0.453 0.6521739130434783 0.4585
0 0.5961352657004831 0.463 0.5864734299516908 0.466 0.5719806763285025 0.4745 0.5690821256038647 0.4815 0.5700483091787439 0.4855 0.578743961352657 0.491 0.5942028985507246 0.4965 0.6057971014492753 0.4985 0.6260869565217392 0.498 0.6328502415458938 0.495 0.6386473429951691 0.4855 0.6396135265700483 0.4775 0.6376811594202898 0.4735 0.6309178743961352 0.4705 0.6270531400966184 0.4665 0.6135265700483091 0.4625
0 0.6096618357487923 0.5015 0.5961352657004831 0.5015 0.5835748792270531 0.4995 0.5719806763285025 0.4995 0.5642512077294686 0.501 0.5391304347826087 0.511 0.5381642512077295 0.5155 0.5429951690821256 0.5215 0.5507246376811594 0.526 0.5603864734299517 0.5285 0.5710144927536231 0.5285 0.5845410628019324 0.5255 0.591304347826087 0.5225 0.6019323671497585 0.5095 0.6115942028985507 0.506
0 0.5603864734299517 0.482 0.5507246376811594 0.479 0.5352657004830917 0.4785 0.523671497584541 0.48 0.514975845410628 0.4825 0.5043478260869565 0.4885 0.4966183574879227 0.4975 0.4956521739130435 0.5025 0.4995169082125604 0.506 0.5111111111111111 0.5095 0.5362318840579711 0.5105 0.5642512077294686 0.501 0.5681159420289855 0.4985 0.5671497584541063 0.4915
0 0.45410628019323673 0.504 0.45120772946859905 0.5135 0.45314009661835747 0.522 0.45507246376811594 0.5245 0.4628019323671498 0.5285 0.4830917874396135 0.5315 0.5043478260869565 0.5305 0.5120772946859904 0.5285 0.523671497584541 0.5225 0.5314009661835749 0.514 0.5265700483091788 0.511 0.5120772946859904 0.5095 0.5024154589371981 0.507 0.4975845410628019 0.504 0.49468599033816424 0.4995 0.48985507246376814 0.4985 0.4666666666666667 0.499
0 0.41932367149758454 0.496 0.40869565217391307 0.5 0.39806763285024155 0.5095 0.39903381642512076 0.5225 0.41256038647342996 0.5305 0.43671497584541064 0.5305 0.44830917874396137 0.528 0.45410628019323673 0.5255 0.45120772946859905 0.5185 0.4502415458937198 0.5055 0.4280193236714976 0.496
0 0.3342995169082126 0.529 0.3342995169082126 0.541 0.3468599033816425 0.5475 0.35942028985507246 0.5505 0.37874396135265703 0.548 0.3903381642512077 0.545 0.4057971014492754 0.538 0.4096618357487923 0.5335 0.40869565217391307 0.529 0.3961352657004831 0.5225 0.3864734299516908 0.52 0.37294685990338167 0.5185 0.3565217391304348 0.5185 0.3458937198067633 0.5205 0.33816425120772947 0.524
0 0.3130434782608696 0.49 0.30917874396135264 0.495 0.30821256038647343 0.503 0.3111111111111111 0.5075 0.3207729468599034 0.512 0.3516908212560386 0.5175 0.3710144927536232 0.5175 0.3922705314009662 0.513 0.39420289855072466 0.5075 0.3855072463768116 0.4935 0.37874396135265703 0.4895 0.357487922705314 0.4825 0.34492753623188405 0.48 0.3294685990338164 0.4805 0.31980676328502416 0.485
0 0.4096618357487923 0.473 0.4 0.478 0.39420289855072466 0.486 0.39516908212560387 0.4905 0.40193236714975844 0.4965 0.40869565217391307 0.4985 0.41352657004830917 0.4985 0.42028985507246375 0.496 0.4280193236714976 0.4965 0.43478260869565216 0.4985 0.4463768115942029 0.4965 0.45507246376811594 0.491 0.45507246376811594 0.485 0.4473429951690821 0.4775 0.42995169082125606 0.4715 0.41932367149758454 0.471
0 0.485024154589372 0.4505 0.4676328502415459 0.4485 0.45410628019323673 0.449 0.442512077294686 0.452 0.4386473429951691 0.4545 0.43478260869565216 0.4605 0.43478260869565216 0.4675 0.4396135265700483 0.474 0.4473429951690821 0.4775 0.4502415458937198 0.4825 0.45893719806763283 0.484 0.48695652173913045 0.471 0.4927536231884058 0.464 0.49371980676328503 0.457 0.49082125603864735 0.453
0 0.6038647342995169 0.4545 0.5932367149758454 0.4465 0.5845410628019324 0.443 0.5700483091787439 0.4405 0.5555555555555556 0.4415 0.5478260869565217 0.4445 0.5420289855072464 0.451 0.5400966183574879 0.4555 0.5410628019323671 0.4655 0.5468599033816425 0.4675 0.5642512077294686 0.4675 0.5855072463768116 0.465 0.6019323671497585 0.459
0 0.6193236714975845 0.4255 0.6115942028985507 0.4375 0.6125603864734299 0.4485 0.6154589371980677 0.453 0.6241545893719807 0.458 0.6396135265700483 0.46 0.6483091787439613 0.4595 0.659903381642512 0.4555 0.6647342995169082 0.4515 0.6647342995169082 0.4465 0.6570048309178744 0.4355 0.6521739130434783 0.4315 0.6405797101449275 0.427 0.6309178743961352 0.425
0 0.7333333333333333 0.4205 0.7169082125603865 0.4185 0.7072463768115942 0.42 0.6859903381642513 0.427 0.6792270531400966 0.4315 0.6772946859903382 0.4345 0.6782608695652174 0.4435 0.6946859903381642 0.454 0.7072463768115942 0.4565 0.7217391304347827 0.4555 0.7304347826086957 0.453 0.7391304347826086 0.4485 0.7429951690821256 0.444 0.7429951690821256 0.438 0.7381642512077294 0.423
0 0.7980676328502415 0.4415 0.778743961352657 0.4465 0.7681159420289855 0.452 0.7652173913043478 0.456 0.7652173913043478 0.4625 0.770048309178744 0.468 0.7835748792270532 0.4745 0.7903381642512077 0.476 0.8057971014492754 0.4765 0.8183574879227054 0.474 0.8328502415458937 0.467 0.8357487922705314 0.4635 0.8347826086956521 0.452 0.8193236714975846 0.4435 0.808695652173913 0.4415
0 0.77487922705314 0.4115 0.7681159420289855 0.413 0.7478260869565218 0.422 0.7439613526570048 0.429 0.7468599033816425 0.4355 0.7526570048309179 0.4395 0.7661835748792271 0.444 0.7806763285024154 0.4455 0.7913043478260869 0.4435 0.8019323671497585 0.439 0.8057971014492754 0.4335 0.8067632850241546 0.427 0.8038647342995169 0.424 0.7864734299516908 0.416 0.7835748792270532 0.4125
0 0.9062801932367149 0.436 0.8985507246376812 0.437 0.8821256038647343 0.4415 0.8753623188405797 0.4465 0.8734299516908213 0.451 0.8743961352657005 0.457 0.8898550724637682 0.464 0.9207729468599034 0.4625 0.9246376811594202 0.46 0.9265700483091788 0.4555 0.9256038647342996 0.443 0.9217391304347826 0.4395
0 0.9371980676328503 0.4195 0.927632850241546 0.43505 0.9294685990338164 0.44 0.9371980676328503 0.446 0.9555555555555556 0.4565 0.9642512077294686 0.458 0.9748792270531401 0.458 0.9835748792270531 0.4565 0.9957487922705313 0.45 1.0 0.44635 1.0 0.4264 0.9981642512077293 0.4239 0.991304347826087 0.4225 0.9768115942028985 0.421 0.9671497584541063 0.418 0.9449275362318841 0.4175
0 0.9729468599033816 0.379 0.9532367149758454 0.396 0.961352657004831 0.412 0.970048309178744 0.419 0.9806763285024155 0.4215 1.0 0.4205 1.0 0.3885 0.9933333333333333 0.3826 0.9797101449275363 0.38
0 0.9024154589371981 0.401 0.8869565217391304 0.405 0.8705314009661835 0.4115 0.8734299516908213 0.4205 0.8772946859903382 0.426 0.8879227053140096 0.4315 0.8975845410628019 0.4345 0.9217391304347826 0.4385 0.9314009661835749 0.433 0.9352657004830918 0.4205 0.9342995169082126 0.415 0.9256038647342996 0.405 0.914975845410628 0.402
0 0.8705314009661835 0.421 0.8666666666666667 0.4205 0.8589371980676328 0.4225 0.8454106280193237 0.4285 0.8202898550724638 0.4275 0.8173913043478261 0.4335 0.8183574879227054 0.442 0.8338164251207729 0.4505 0.851207729468599 0.453 0.863768115942029 0.453 0.8724637681159421 0.451 0.881159420289855 0.4405 0.881159420289855 0.4325 0.8792270531400966 0.428
0 0.7874396135265701 0.402 0.782608695652174 0.408 0.782608695652174 0.4125 0.7855072463768116 0.416 0.8067632850241546 0.425 0.8183574879227054 0.4265 0.8309178743961353 0.4265 0.8357487922705314 0.4285 0.8444444444444444 0.429 0.8521739130434782 0.427 0.8647342995169082 0.4205 0.8628019323671497 0.412 0.8492753623188406 0.41 0.8357487922705314 0.399 0.8260869565217391 0.394 0.8106280193236715 0.3935 0.8048309178743961 0.3945
0 0.9062801932367149 0.3795 0.8975845410628019 0.377 0.8782608695652174 0.378 0.851207729468599 0.3775 0.842512077294686 0.3785 0.8338164251207729 0.382 0.8309178743961353 0.3895 0.8338164251207729 0.3965 0.8483091787439614 0.407 0.8657004830917875 0.409 0.8763285024154589 0.4075 0.8898550724637682 0.403 0.8995169082125604 0.3975 0.9053140096618357 0.39
0 0.927536231884058 0.3625 0.9169082125603865 0.366 0.9101449275362319 0.3725 0.9062801932367149 0.394 0.9082125603864735 0.4005 0.9246376811594202 0.404 0.9333333333333333 0.404 0.9439613526570049 0.4025 0.9545893719806763 0.399 0.9671497584541063 0.3855 0.9710144927536232 0.3755 0.9681159420289855 0.3715 0.9526570048309179 0.365 0.936231884057971 0.3625
0 0.9053140096618357 0.351 0.8917874396135266 0.347 0.8724637681159421 0.3485 0.8608695652173913 0.3545 0.8483091787439614 0.3645 0.8483091787439614 0.3755 0.8570048309178744 0.3775 0.8763285024154589 0.378 0.9024154589371981 0.3735 0.914975845410628 0.366 0.914975845410628 0.36
0 0.821256038647343 0.3635 0.808695652173913 0.362 0.7961352657004831 0.363 0.7719806763285024 0.373 0.770048309178744 0.3755 0.770048309178744 0.382 0.7797101449275362 0.3905 0.7971014492753623 0.394 0.808695652173913 0.394 0.8222222222222222 0.3925 0.8280193236714976 0.39 0.8367149758454107 0.3785 0.8367149758454107 0.3735 0.8309178743961353 0.3665
0 0.77487922705314 0.388 0.770048309178744 0.3865 0.7652173913043478 0.3865 0.7468599033816425 0.3895 0.7246376811594203 0.3985 0.7120772946859903 0.4075 0.7140096618357488 0.4135 0.7188405797101449 0.418 0.7381642512077294 0.4215 0.7458937198067633 0.421 0.7555555555555555 0.4185 0.7719806763285024 0.4115 0.7816425120772947 0.4025
0 0.7314009661835749 0.3775 0.6927536231884058 0.3775 0.6772946859903382 0.381 0.6705314009661836 0.3845 0.6676328502415458 0.3875 0.6695652173913044 0.3955 0.6763285024154589 0.4015 0.6859903381642513 0.407 0.6917874396135266 0.4085 0.706280193236715 0.4085 0.7111111111111111 0.4075 0.7439613526570048 0.389 0.7410628019323672 0.381
0 0.6019323671497585 0.389 0.5951690821256038 0.3945 0.5932367149758454 0.4005 0.5990338164251208 0.4115 0.6057971014492753 0.4155 0.6164251207729469 0.419 0.6280193236714976 0.4195 0.6444444444444445 0.417 0.6550724637681159 0.412 0.6628019323671498 0.4055 0.6666666666666666 0.3955 0.663768115942029 0.3895 0.6541062801932367 0.3875 0.6396135265700483 0.3945 0.6270531400966184 0.3895 0.6115942028985507 0.387
0 0.5526570048309178 0.4265 0.553623188405797 0.432 0.5681159420289855 0.44 0.5777777777777777 0.442 0.591304347826087 0.443 0.6038647342995169 0.4425 0.6106280193236715 0.44 0.6154589371980677 0.428 0.6144927536231884 0.422 0.6115942028985507 0.4185 0.6038647342995169 0.4145 0.5961352657004831 0.4135 0.5835748792270531 0.414 0.5623188405797102 0.4205
0 0.5362318840579711 0.4135 0.523671497584541 0.4135 0.5024154589371981 0.4155 0.4859903381642512 0.419 0.4782608695652174 0.423 0.4753623188405797 0.4265 0.4782608695652174 0.433 0.4956521739130435 0.4415 0.5053140096618357 0.442 0.5169082125603864 0.44 0.527536231884058 0.434 0.5429951690821256 0.4205 0.5429951690821256 0.4155
0 0.5304347826086957 0.3815 0.523671497584541 0.385 0.5130434782608696 0.398 0.5140096618357488 0.4045 0.5256038647342995 0.4105 0.5420289855072464 0.4135 0.5603864734299517 0.414 0.5748792270531401 0.412 0.5758454106280193 0.403 0.5845410628019324 0.398 0.5835748792270531 0.392 0.578743961352657 0.3885 0.5642512077294686 0.382 0.5555555555555556 0.38 0.5391304347826087 0.3795
0 0.5951690821256038 0.3595 0.5777777777777777 0.3605 0.5652173913043478 0.365 0.5584541062801932 0.37 0.5603864734299517 0.3805 0.5864734299516908 0.392 0.5932367149758454 0.391 0.6057971014492753 0.3845 0.6077294685990338 0.3645 0.6048309178743961 0.362
0 0.6251207729468599 0.355 0.6164251207729469 0.359 0.6096618357487923 0.3655 0.6077294685990338 0.372 0.6086956521739131 0.377 0.6144927536231884 0.3865 0.6280193236714976 0.3905 0.633816425120773 0.394 0.6405797101449275 0.395 0.6454106280193237 0.393 0.6502415458937199 0.3885 0.6589371980676328 0.386 0.6657004830917874 0.3765 0.6657004830917874 0.365 0.6608695652173913 0.359 0.6492753623188405 0.355
0 0.6908212560386473 0.345 0.6821256038647343 0.3475 0.6657004830917874 0.357 0.6657004830917874 0.3625 0.6685990338164252 0.3675 0.6743961352657005 0.3715 0.6927536231884058 0.3765 0.7014492753623188 0.377 0.7085024154589371 0.37665 0.7146859903381643 0.37675 0.7207729468599033 0.37275 0.7236714975845411 0.36935 0.7227053140096619 0.3645 0.7159420289855073 0.3515 0.6946859903381642 0.345
0 0.7314009661835749 0.343 0.7198067632850241 0.35 0.7188405797101449 0.356 0.7265700483091787 0.368 0.736231884057971 0.3725 0.7507246376811594 0.375 0.7681159420289855 0.374 0.7768115942028986 0.3715 0.7932367149758454 0.3625 0.7951690821256039 0.3605 0.7961352657004831 0.3485 0.7932367149758454 0.3455 0.778743961352657 0.34 0.7507246376811594 0.3395
0 0.8531400966183574 0.3395 0.8260869565217391 0.341 0.8106280193236715 0.3455 0.8057971014492754 0.349 0.8057971014492754 0.3555 0.808695652173913 0.3595 0.8144927536231884 0.3625 0.8289855072463768 0.366 0.8396135265700483 0.366 0.8483091787439614 0.3635 0.8579710144927536 0.3575 0.863768115942029 0.3495 0.863768115942029 0.3455 0.8599033816425121 0.342
0 0.5169082125603864 0.374 0.4956521739130435 0.374 0.47342995169082125 0.3795 0.45893719806763283 0.386 0.45314009661835747 0.391 0.45217391304347826 0.397 0.45507246376811594 0.4025 0.4618357487922705 0.407 0.47246376811594204 0.4095 0.49082125603864735 0.41 0.5014492753623189 0.4075 0.5091787439613527 0.4035 0.5217391304347826 0.386 0.5198067632850242 0.376
0 0.4251207729468599 0.412 0.41352657004830917 0.4155 0.40096618357487923 0.423 0.39710144927536234 0.4275 0.39806763285024155 0.435 0.4038647342995169 0.4405 0.41545893719806765 0.4455 0.4434782608695652 0.449 0.45120772946859905 0.4475 0.45893719806763283 0.438 0.4599033816425121 0.4315 0.4570048309178744 0.4265 0.4454106280193237 0.4165 0.4357487922705314 0.4125
0 0.37584541062801935 0.441 0.36135265700483093 0.441 0.3516908212560386 0.4425 0.3342995169082126 0.4485 0.32657004830917874 0.458 0.32657004830917874 0.463 0.3314009661835749 0.4685 0.34396135265700484 0.472 0.36038647342995167 0.474 0.37584541062801935 0.471 0.38357487922705313 0.467 0.3893719806763285 0.4595 0.3893719806763285 0.452 0.38357487922705313 0.444
0 0.3004830917874396 0.5 0.2772946859903382 0.5045 0.26859903381642514 0.505 0.24830917874396136 0.5135 0.242512077294686 0.5205 0.24154589371980675 0.5265 0.242512077294686 0.5295 0.25217391304347825 0.534 0.2647342995169082 0.5375 0.2792270531400966 0.538 0.29178743961352654 0.5355 0.2975845410628019 0.533 0.3004830917874396 0.5295 0.30144927536231886 0.522 0.3004830917874396 0.5095 0.30241545893719807 0.5015
0 0.2570048309178744 0.4765 0.24347826086956523 0.4755 0.23381642512077294 0.478 0.22608695652173913 0.485 0.20966183574879227 0.495 0.20676328502415459 0.499 0.20579710144927535 0.5065 0.2135265700483092 0.512 0.2251207729468599 0.5145 0.24347826086956523 0.514 0.2570048309178744 0.51 0.2647342995169082 0.506 0.27246376811594203 0.495 0.27246376811594203 0.49 0.2599033816425121 0.4775
0 0.1748792270531401 0.4835 0.16328502415458937 0.485 0.14782608695652175 0.4905 0.14396135265700483 0.4935 0.14396135265700483 0.5015 0.15072463768115943 0.5095 0.15845410628019324 0.5145 0.1681159420289855 0.517 0.18067632850241547 0.5175 0.1961352657004831 0.514 0.2028985507246377 0.509 0.20579710144927535 0.493 0.2038647342995169 0.4895 0.2 0.4875 0.1855072463768116 0.484
0 0.11690821256038647 0.4955 0.10531400966183575 0.4985 0.0966183574879227 0.505 0.09565217391304348 0.5115 0.09855072463768116 0.5185 0.10434782608695652 0.525 0.11207729468599034 0.5295 0.12657004830917876 0.5325 0.13526570048309178 0.533 0.15169082125603864 0.5225 0.15458937198067632 0.513 0.14299516908212562 0.5015 0.13429951690821257 0.4965
0 0.11497584541062802 0.464 0.10628019323671498 0.4675 0.10338164251207729 0.4715 0.10241545893719807 0.481 0.10434782608695652 0.4895 0.11497584541062802 0.4945 0.13333333333333333 0.495 0.1642512077294686 0.483 0.1642512077294686 0.474 0.16135265700483092 0.4705 0.1497584541062802 0.4645
0 0.1391304347826087 0.428 0.12367149758454106 0.429 0.10531400966183575 0.438 0.0966183574879227 0.4465 0.0966183574879227 0.4535 0.10048309178743961 0.4575 0.10917874396135266 0.4615 0.11884057971014493 0.4635 0.14106280193236714 0.4635 0.15555555555555556 0.4595 0.1497584541062802 0.451 0.14879227053140096 0.436 0.14396135265700483 0.4295
0 0.1536231884057971 0.4305 0.1497584541062802 0.4345 0.14879227053140096 0.439 0.1497584541062802 0.4495 0.1565217391304348 0.4575 0.16135265700483092 0.46 0.17101449275362318 0.462 0.18067632850241547 0.4625 0.20869565217391303 0.456 0.21256038647342995 0.451 0.20676328502415459 0.4465 0.20579710144927535 0.4435 0.20193236714975846 0.4405 0.19033816425120773 0.436 0.18647342995169083 0.432 0.16908212560386474 0.429 0.157487922705314 0.429
0 0.23768115942028986 0.4515 0.2318840579710145 0.4505 0.2144927536231884 0.4515 0.20676328502415459 0.4565 0.17681159420289855 0.464 0.17294685990338166 0.47 0.17391304347826086 0.4755 0.17971014492753623 0.4815 0.18454106280193236 0.484 0.20193236714975846 0.487 0.21256038647342995 0.485 0.22318840579710145 0.48 0.2463768115942029 0.4635 0.24444444444444444 0.4585
0 0.3072463768115942 0.458 0.2782608695652174 0.4625 0.2618357487922705 0.463 0.2579710144927536 0.4655 0.2618357487922705 0.479 0.2714975845410628 0.489 0.2772946859903382 0.492 0.28888888888888886 0.4945 0.3004830917874396 0.4945 0.3101449275362319 0.492 0.32367149758454106 0.4825 0.3294685990338164 0.4755 0.3314009661835749 0.4705 0.32270531400966185 0.4625
0 0.32560386473429953 0.442 0.3178743961352657 0.4395 0.3072463768115942 0.4325 0.293719806763285 0.427 0.26956521739130435 0.4265 0.2492753623188406 0.4305 0.242512077294686 0.434 0.2396135265700483 0.438 0.24057971014492754 0.456 0.24830917874396136 0.4605 0.2599033816425121 0.4625 0.2763285024154589 0.4625 0.28888888888888886 0.461 0.30241545893719807 0.4575 0.3120772946859903 0.4505 0.3217391304347826 0.448 0.32560386473429953 0.446
0 0.2318840579710145 0.4105 0.22415458937198068 0.4105 0.21932367149758455 0.415 0.20772946859903382 0.4205 0.18840579710144928 0.4255 0.18840579710144928 0.4315 0.19903381642512077 0.439 0.20483091787439614 0.4405 0.21642512077294687 0.441 0.23285024154589373 0.4395 0.242512077294686 0.436 0.24541062801932367 0.4275 0.2396135265700483 0.4145
0 0.1961352657004831 0.39 0.18743961352657004 0.389 0.1758454106280193 0.3895 0.17004830917874397 0.3915 0.16618357487922705 0.395 0.157487922705314 0.4075 0.1565217391304348 0.416 0.15942028985507245 0.422 0.16908212560386474 0.426 0.18647342995169083 0.4255 0.19806763285024154 0.423 0.2135265700483092 0.418 0.2222222222222222 0.4125 0.2251207729468599 0.4085 0.2222222222222222 0.4015 0.20869565217391303 0.3935
0 0.3217391304347826 0.384 0.3004830917874396 0.385 0.28888888888888886 0.3875 0.2821256038647343 0.391 0.2792270531400966 0.3965 0.2792270531400966 0.4005 0.28695652173913044 0.4095 0.30628019323671496 0.416 0.3140096618357488 0.4205 0.3323671497584541 0.411 0.3391304347826087 0.4015 0.33719806763285026 0.392 0.3342995169082126 0.3885
0 0.20483091787439614 0.368 0.2038647342995169 0.3825 0.20579710144927535 0.3915 0.22318840579710145 0.401 0.22801932367149758 0.402 0.24541062801932367 0.4015 0.2589371980676328 0.397 0.2714975845410628 0.3905 0.2743961352657005 0.3845 0.26666666666666666 0.378 0.263768115942029 0.372 0.2579710144927536 0.369 0.24830917874396136 0.367 0.221256038647343 0.366
0 0.3072463768115942 0.3555 0.2995169082125604 0.3545 0.29178743961352654 0.355 0.2811594202898551 0.358 0.26859903381642514 0.365 0.2647342995169082 0.3695 0.2647342995169082 0.3745 0.26956521739130435 0.3815 0.2753623188405797 0.385 0.2898550724637681 0.386 0.3120772946859903 0.384 0.3188405797101449 0.382 0.3217391304347826 0.378 0.3207729468599034 0.3685 0.3159420289855073 0.361
0 0.3323671497584541 0.3475 0.32463768115942027 0.352 0.3207729468599034 0.357 0.3207729468599034 0.365 0.32657004830917874 0.372 0.3352657004830918 0.3765 0.34106280193236715 0.3775 0.3536231884057971 0.378 0.37294685990338167 0.3765 0.3826086956521739 0.371 0.3864734299516908 0.364 0.3855072463768116 0.358 0.37874396135265703 0.3515 0.3719806763285024 0.3485 0.36038647342995167 0.346 0.34492753623188405 0.3455
0 0.34396135265700484 0.386 0.33816425120772947 0.392 0.34009661835748795 0.398 0.3458937198067633 0.4025 0.35942028985507246 0.409 0.38357487922705313 0.41 0.3922705314009662 0.408 0.39806763285024155 0.4 0.39903381642512076 0.3945 0.3903381642512077 0.3875 0.37971014492753624 0.384 0.3507246376811594 0.384
0 0.34396135265700484 0.411 0.3333333333333333 0.4145 0.33043478260869563 0.417 0.32753623188405795 0.423 0.3294685990338164 0.4295 0.33719806763285026 0.433 0.35845410628019325 0.437 0.3681159420289855 0.4365 0.37971014492753624 0.434 0.38357487922705313 0.432 0.3864734299516908 0.428 0.3864734299516908 0.421 0.38067632850241545 0.414 0.3748792270531401 0.412 0.36038647342995167 0.41
0 0.421256038647343 0.3525 0.41256038647342996 0.353 0.3922705314009662 0.364 0.3855072463768116 0.376 0.3864734299516908 0.3845 0.39420289855072466 0.3885 0.39903381642512076 0.3935 0.4106280193236715 0.395 0.4251207729468599 0.394 0.43671497584541064 0.3915 0.4454106280193237 0.386 0.4492753623188406 0.379 0.4492753623188406 0.374 0.4386473429951691 0.3625
0 0.4492753623188406 0.345 0.4454106280193237 0.348 0.4396135265700483 0.362 0.442512077294686 0.3675 0.45603864734299515 0.376 0.4666666666666667 0.3785 0.4801932367149758 0.378 0.4927536231884058 0.3745 0.4995169082125604 0.371 0.506280193236715 0.3645 0.5072463768115942 0.356 0.5043478260869565 0.3525 0.49371980676328503 0.349 0.47342995169082125 0.3455
0 0.5304347826086957 0.337 0.5217391304347826 0.34 0.5082125603864734 0.3525 0.5091787439613527 0.358 0.514975845410628 0.3665 0.5198067632850242 0.3695 0.5333333333333333 0.3705 0.553623188405797 0.37 0.5729468599033817 0.3615 0.5758454106280193 0.353 0.5690821256038647 0.346 0.553623188405797 0.3385 0.5429951690821256 0.3365
0 0.6173913043478261 0.3265 0.6009661835748792 0.326 0.5884057971014492 0.3275 0.5719806763285025 0.3345 0.5671497584541063 0.3415 0.5681159420289855 0.3445 0.5748792270531401 0.351 0.5835748792270531 0.355 0.5932367149758454 0.357 0.6057971014492753 0.357 0.6144927536231884 0.356 0.6241545893719807 0.3525 0.6280193236714976 0.346 0.6280193236714976 0.3365 0.6231884057971014 0.329
0 0.6405797101449275 0.323 0.6309178743961352 0.327 0.6289855072463768 0.3295 0.6280193236714976 0.335 0.6309178743961352 0.3455 0.6454106280193237 0.354 0.6541062801932367 0.356 0.6647342995169082 0.356 0.6705314009661836 0.354 0.6840579710144927 0.345 0.6879227053140097 0.3395 0.6869565217391305 0.3335 0.6782608695652174 0.3275 0.663768115942029 0.323 0.6560386473429952 0.322
0 0.7323671497584541 0.314 0.7227053140096619 0.3145 0.6975845410628019 0.3285 0.6908212560386473 0.338 0.6917874396135266 0.343 0.6966183574879227 0.346 0.7082125603864734 0.3495 0.7169082125603865 0.35 0.7275362318840579 0.344 0.736231884057971 0.3365 0.740096618357488 0.3215 0.7381642512077294 0.317
0 0.6685990338164252 0.2935 0.6618357487922706 0.296 0.6560386473429952 0.3025 0.6541062801932367 0.31 0.6560386473429952 0.3195 0.659903381642512 0.322 0.6801932367149759 0.3285 0.693719806763285 0.3295 0.7140096618357488 0.32 0.7198067632850241 0.315 0.7198067632850241 0.302 0.7140096618357488 0.296 0.7014492753623188 0.292 0.6850241545893719 0.2915
0 0.5768115942028985 0.301 0.5710144927536231 0.3105 0.5710144927536231 0.32 0.5768115942028985 0.324 0.58743961352657 0.326 0.6173913043478261 0.325 0.6241545893719807 0.3235 0.6328502415458938 0.324 0.6367149758454106 0.3225 0.6367149758454106 0.318 0.6289855072463768 0.3105 0.6048309178743961 0.298 0.5951690821256038 0.296 0.5855072463768116 0.2965
0 0.6415458937198067 0.275 0.621256038647343 0.2765 0.6125603864734299 0.281 0.6086956521739131 0.287 0.6115942028985507 0.298 0.6193236714975845 0.3055 0.6318840579710145 0.3105 0.6396135265700483 0.3095 0.6454106280193237 0.307 0.6618357487922706 0.294 0.6608695652173913 0.2855 0.6570048309178744 0.2795 0.6502415458937199 0.2765
0 0.4608695652173913 0.3225 0.4570048309178744 0.3255 0.4608695652173913 0.3345 0.4753623188405797 0.3445 0.48792270531400966 0.348 0.5024154589371981 0.3495 0.5101449275362319 0.3485 0.514975845410628 0.3465 0.5246376811594203 0.336 0.5265700483091788 0.329 0.5101449275362319 0.32 0.4859903381642512 0.318 0.4666666666666667 0.3205
0 0.3884057971014493 0.323 0.38164251207729466 0.3265 0.37777777777777777 0.3335 0.37294685990338167 0.3375 0.3739130434782609 0.342 0.38743961352657 0.349 0.4 0.3515 0.41545893719806765 0.352 0.4280193236714976 0.3505 0.4405797101449275 0.3455 0.4454106280193237 0.34 0.44154589371980674 0.326 0.43768115942028984 0.3225 0.42028985507246375 0.3195 0.4057971014492754 0.319
0 0.12077294685990338 0.322 0.11304347826086956 0.329 0.11304347826086956 0.336 0.11690821256038647 0.342 0.12753623188405797 0.348 0.1391304347826087 0.3515 0.17391304347826086 0.351 0.178743961352657 0.35 0.18647342995169083 0.3375 0.18647342995169083 0.328 0.18164251207729468 0.3215 0.16135265700483092 0.3175 0.14009661835748793 0.317 0.1323671497584541 0.318
0 0.26280193236714977 0.3095 0.2541062801932367 0.3075 0.24734299516908212 0.3075 0.23091787439613526 0.31 0.21835748792270532 0.315 0.2135265700483092 0.321 0.2135265700483092 0.3255 0.21642512077294687 0.3305 0.22415458937198068 0.3365 0.22995169082125605 0.338 0.25507246376811593 0.3375 0.26666666666666666 0.3345 0.27342995169082124 0.3265 0.27342995169082124 0.317
0 0.19420289855072465 0.279 0.18357487922705315 0.2795 0.1681159420289855 0.2865 0.16231884057971013 0.2915 0.1565217391304348 0.3045 0.1565217391304348 0.3105 0.16135265700483092 0.3165 0.18454106280193236 0.321 0.20096618357487922 0.32 0.2106280193236715 0.318 0.21835748792270532 0.3135 0.2222222222222222 0.3065 0.2222222222222222 0.2985 0.21932367149758455 0.2915 0.20193236714975846 0.281
0 0.10628019323671498 0.2805 0.0966183574879227 0.286 0.08985507246376812 0.2945 0.08985507246376812 0.301 0.09468599033816426 0.307 0.1072463768115942 0.3115 0.11690821256038647 0.3125 0.13623188405797101 0.3115 0.15169082125603864 0.309 0.1565217391304348 0.305 0.1603864734299517 0.2935 0.157487922705314 0.286 0.14879227053140096 0.281 0.12560386473429952 0.2815 0.11304347826086956 0.28
0 0.09178743961352658 0.256 0.08985507246376812 0.2605 0.08985507246376812 0.2685 0.09178743961352658 0.271 0.10144927536231885 0.277 0.11497584541062802 0.2805 0.13816425120772946 0.281 0.15458937198067632 0.2785 0.17004830917874397 0.272 0.17294685990338166 0.2685 0.17198067632850242 0.264 0.16328502415458937 0.259 0.157487922705314 0.2515 0.13333333333333333 0.247 0.10917874396135266 0.2465 0.0966183574879227 0.2515
0 0.16328502415458937 0.243 0.15942028985507245 0.246 0.15845410628019324 0.25 0.1603864734299517 0.2555 0.16521739130434782 0.2605 0.1758454106280193 0.2665 0.18937198067632852 0.269 0.20193236714975846 0.268 0.21932367149758455 0.255 0.22028985507246376 0.25 0.21835748792270532 0.247 0.21256038647342995 0.2435 0.20193236714975846 0.2405 0.17777777777777778 0.2405
0 0.21256038647342995 0.262 0.2 0.271 0.19710144927536233 0.275 0.20869565217391303 0.2865 0.21739130434782608 0.29 0.23091787439613526 0.291 0.24444444444444444 0.2905 0.2579710144927536 0.288 0.26280193236714977 0.2845 0.2647342995169082 0.28 0.27246376811594203 0.276 0.27342995169082124 0.2695 0.27053140096618356 0.2655 0.2618357487922705 0.2615 0.25024154589371983 0.2595 0.22705314009661837 0.2595
0 0.29178743961352654 0.305 0.28502415458937197 0.311 0.28502415458937197 0.3175 0.2995169082125604 0.33 0.3072463768115942 0.334 0.31980676328502416 0.3365 0.3314009661835749 0.336 0.34299516908212563 0.334 0.34782608695652173 0.3275 0.34879227053140094 0.322 0.33719806763285026 0.307 0.3285024154589372 0.3025 0.3188405797101449 0.3005 0.30531400966183575 0.301
0 0.28019323671497587 0.275 0.2714975845410628 0.2765 0.26570048309178745 0.2795 0.2618357487922705 0.2995 0.26956521739130435 0.304 0.28695652173913044 0.3055 0.30821256038647343 0.3 0.3101449275362319 0.2875 0.3072463768115942 0.2825 0.30241545893719807 0.28 0.28888888888888886 0.2755
0 0.4048309178743961 0.307 0.39516908212560387 0.302 0.37681159420289856 0.297 0.36618357487922704 0.298 0.36038647342995167 0.3 0.3468599033816425 0.31 0.3458937198067633 0.3165 0.34782608695652173 0.3195 0.35942028985507246 0.3255 0.3826086956521739 0.3245 0.4077294685990338 0.3175 0.40869565217391307 0.3125
0 0.4599033816425121 0.2875 0.4502415458937198 0.286 0.42995169082125606 0.2905 0.4106280193236715 0.301 0.4077294685990338 0.305 0.4077294685990338 0.3115 0.4106280193236715 0.315 0.41739130434782606 0.3185 0.43478260869565216 0.321 0.44830917874396137 0.3195 0.4608695652173913 0.3195 0.46956521739130436 0.3175 0.4782608695652174 0.312 0.4811594202898551 0.3065
0 0.4067632850241546 0.2675 0.39516908212560387 0.2675 0.38743961352657 0.27 0.3652173913043478 0.2815 0.36038647342995167 0.2865 0.36328502415458935 0.2915 0.3671497584541063 0.292 0.38164251207729466 0.298 0.3961352657004831 0.3015 0.4028985507246377 0.301 0.41545893719806765 0.2975 0.4251207729468599 0.2925 0.42995169082125606 0.288 0.4280193236714976 0.282 0.42028985507246375 0.274 0.4144927536231884 0.27
0 0.32560386473429953 0.2655 0.31980676328502416 0.268 0.3101449275362319 0.28 0.3111111111111111 0.2875 0.3178743961352657 0.292 0.3294685990338164 0.295 0.3507246376811594 0.294 0.35845410628019325 0.2905 0.36135265700483093 0.2845 0.3671497584541063 0.28 0.3690821256038647 0.277 0.3671497584541063 0.272 0.36038647342995167 0.2685 0.3507246376811594 0.266 0.33816425120772947 0.265
0 0.5632850241545894 0.2925 0.5555555555555556 0.2925 0.5497584541062802 0.2945 0.5294685990338164 0.297 0.5111111111111111 0.3065 0.5101449275362319 0.318 0.5130434782608696 0.321 0.5333333333333333 0.329 0.548792270531401 0.329 0.561352657004831 0.3255 0.5661835748792271 0.3225 0.5700483091787439 0.298 0.5690821256038647 0.295
0 0.46859903381642515 0.2735 0.4647342995169082 0.277 0.463768115942029 0.2885 0.47342995169082125 0.2985 0.48405797101449277 0.3045 0.4956521739130435 0.306 0.5072463768115942 0.3055 0.5159420289855072 0.3025 0.5323671497584541 0.294 0.5342995169082125 0.292 0.5333333333333333 0.2845 0.527536231884058 0.28 0.518840579710145 0.2765 0.5014492753623189 0.2715 0.47246376811594204 0.2725
0 0.5004830917874397 0.2485 0.4927536231884058 0.2435 0.4811594202898551 0.241 0.4647342995169082 0.2415 0.45314009661835747 0.244 0.43478260869565216 0.2545 0.43091787439613527 0.264 0.42318840579710143 0.2675 0.4222222222222222 0.2715 0.45603864734299515 0.2765 0.4628019323671498 0.2765 0.47342995169082125 0.2725 0.485024154589372 0.2725 0.5024154589371981 0.2705 0.5082125603864734 0.265 0.506280193236715 0.255
0 0.5169082125603864 0.241 0.5111111111111111 0.2455 0.5082125603864734 0.255 0.5111111111111111 0.2625 0.5159420289855072 0.266 0.5294685990338164 0.2695 0.5478260869565217 0.2695 0.5652173913043478 0.265 0.5710144927536231 0.26 0.578743961352657 0.25795 0.5841545893719807 0.25415 0.5782608695652174 0.2502 0.5719806763285025 0.248 0.5565217391304348 0.242 0.5429951690821256 0.2395 0.527536231884058 0.239
0 0.5700483091787439 0.266 0.5545893719806764 0.2695 0.5507246376811594 0.2745 0.5516908212560386 0.283 0.5565217391304348 0.291 0.5661835748792271 0.293 0.5710144927536231 0.296 0.5816425120772947 0.296 0.591304347826087 0.294 0.5990338164251208 0.2905 0.6067632850241546 0.2835 0.6077294685990338 0.277 0.6028985507246377 0.2725 0.5932367149758454 0.268 0.5816425120772947 0.266
0 0.6125603864734299 0.2415 0.6028985507246377 0.2445 0.5903381642512078 0.26 0.5932367149758454 0.267 0.6 0.271 0.6106280193236715 0.275 0.6231884057971014 0.2755 0.633816425120773 0.2735 0.6492753623188405 0.266 0.6541062801932367 0.2545 0.6492753623188405 0.2485 0.6405797101449275 0.245 0.6289855072463768 0.2425
0 0.6821256038647343 0.2495 0.6589371980676328 0.254 0.6550724637681159 0.256 0.6521739130434783 0.2635 0.6531400966183575 0.2685 0.6666666666666666 0.2805 0.6792270531400966 0.284 0.693719806763285 0.284 0.7111111111111111 0.28 0.714975845410628 0.278 0.7178743961352657 0.2745 0.7188405797101449 0.2685 0.7178743961352657 0.2595 0.714975845410628 0.256 0.7053140096618358 0.251
0 0.7285024154589372 0.2785 0.7207729468599033 0.2815 0.7159420289855073 0.286 0.714975845410628 0.2955 0.7169082125603865 0.2985 0.7246376811594203 0.304 0.7371980676328502 0.3075 0.7439613526570048 0.3085 0.7545893719806763 0.308 0.7739130434782608 0.2955 0.7719806763285024 0.2865 0.7642512077294686 0.2815 0.7536231884057971 0.278 0.7381642512077294 0.277
0 0.7526570048309179 0.313 0.7410628019323672 0.321 0.7391304347826086 0.327 0.7410628019323672 0.335 0.7565217391304347 0.3385 0.77487922705314 0.3385 0.7874396135265701 0.3355 0.7932367149758454 0.331 0.7932367149758454 0.3215 0.7710144927536232 0.3155
0 0.8492753623188406 0.316 0.8338164251207729 0.3145 0.8028985507246377 0.3195 0.7961352657004831 0.324 0.7961352657004831 0.331 0.8067632850241546 0.3365 0.821256038647343 0.34 0.8376811594202899 0.34 0.8463768115942029 0.338 0.855072463768116 0.326 0.855072463768116 0.321
0 0.9101449275362319 0.322 0.9014492753623189 0.321 0.8908212560386474 0.318 0.8792270531400966 0.318 0.8695652173913043 0.3195 0.855072463768116 0.327 0.8541062801932368 0.338 0.8657004830917875 0.3455 0.8724637681159421 0.347 0.885024154589372 0.3465 0.8946859903381642 0.3445 0.9024154589371981 0.34 0.9101449275362319 0.3255
0 0.9342995169082126 0.3205 0.9207729468599034 0.325 0.9159420289855073 0.3285 0.9130434782608695 0.3335 0.914975845410628 0.343 0.9227053140096618 0.35 0.9323671497584541 0.354 0.9526570048309179 0.355 0.9632850241545894 0.353 0.9710144927536232 0.35 0.978743961352657 0.3425 0.9777777777777777 0.329 0.970048309178744 0.324 0.9468599033816425 0.3205
0 0.9874396135265701 0.325 0.9797101449275363 0.329 0.9768115942028985 0.336 0.978743961352657 0.3425 0.9864734299516909 0.3495 0.9942028985507246 0.353 1.0 0.3535 1.0 0.324
0 0.9942028985507246 0.354 0.9729468599033816 0.3575 0.9690821256038648 0.3595 0.9681159420289855 0.3625 0.9719806763285024 0.3665 0.9768115942028985 0.3785 0.996135265700483 0.388 1.0 0.388 1.0 0.354
0 0.770048309178744 0.272 0.7671497584541063 0.2795 0.7729468599033816 0.287 0.7835748792270532 0.293 0.7874396135265701 0.294 0.8019323671497585 0.294 0.8251207729468599 0.288 0.8270531400966183 0.276 0.8241545893719807 0.2725 0.8135265700483092 0.273 0.7942028985507247 0.268 0.7806763285024154 0.268 0.7729468599033816 0.27
0 0.8338164251207729 0.296 0.8309178743961353 0.294 0.8231884057971014 0.292 0.8164251207729468 0.292 0.8067632850241546 0.2945 0.7903381642512077 0.2945 0.778743961352657 0.296 0.7729468599033816 0.298 0.7690821256038647 0.303 0.7565217391304347 0.308 0.7545893719806763 0.3115 0.7603864734299517 0.3145 0.770048309178744 0.3155 0.7903381642512077 0.32 0.8318840579710145 0.3145 0.8376811594202899 0.3105 0.8376811594202899 0.3035
0 0.8628019323671497 0.2745 0.8531400966183574 0.275 0.8473429951690822 0.2775 0.8396135265700483 0.285 0.8357487922705314 0.293 0.8405797101449275 0.3125 0.8434782608695652 0.3145 0.8521739130434782 0.316 0.8695652173913043 0.314 0.881159420289855 0.311 0.8869565217391304 0.308 0.8927536231884058 0.301 0.8927536231884058 0.2865 0.8908212560386474 0.283 0.885024154589372 0.28
0 0.9516908212560387 0.3005 0.9285024154589372 0.2915 0.9178743961352657 0.291 0.9043478260869565 0.293 0.8995169082125604 0.2955 0.8917874396135266 0.3045 0.8917874396135266 0.315 0.893719806763285 0.3185 0.9033816425120773 0.321 0.9188405797101449 0.321 0.9458937198067633 0.3165 0.9516908212560387 0.314 0.9536231884057971 0.3115 0.9536231884057971 0.3025
0 0.9797101449275363 0.2865 0.966183574879227 0.2895 0.9594202898550724 0.2945 0.9545893719806763 0.302 0.9545893719806763 0.313 0.957487922705314 0.317 0.966183574879227 0.322 0.9729468599033816 0.3235 0.9893719806763285 0.324 1.0 0.3225 1.0 0.2915 0.9971014492753624 0.2915 0.9874396135265701 0.287
0 0.996135265700483 0.271 0.9932367149758454 0.2745 0.9904347826086956 0.28005 0.9946859903381643 0.28795 1.0 0.29145 1.0 0.271
0 0.9120772946859903 0.263 0.893719806763285 0.275 0.8917874396135266 0.278 0.893719806763285 0.284 0.9111111111111111 0.29 0.9294685990338164 0.291 0.936231884057971 0.2905 0.9478260869565217 0.2875 0.9545893719806763 0.2835 0.9536231884057971 0.279 0.936231884057971 0.275
0 1.0 0.2439 0.9855072463768116 0.242 0.9783574879227054 0.24284999999999998 0.9696618357487923 0.24645 0.9679227053140096 0.2622 0.9632850241545894 0.2715 0.9632850241545894 0.275 0.9652173913043478 0.276 0.9719806763285024 0.277 0.9845410628019323 0.2765 0.9922705314009662 0.2745 0.9971014492753624 0.271 1.0 0.271
0 0.9381642512077295 0.237 0.914975845410628 0.243 0.9082125603864735 0.2505 0.9082125603864735 0.2575 0.9111111111111111 0.2615 0.9342995169082126 0.2745 0.9400966183574879 0.2765 0.9526570048309179 0.278 0.9603864734299516 0.275 0.962415458937198 0.27194999999999997 0.9641545893719806 0.26675 0.9688888888888888 0.25739999999999996 0.9685024154589372 0.24894999999999998 0.9681159420289855 0.2445 0.957487922705314 0.238
0 0.8405797101449275 0.2405 0.8376811594202899 0.2425 0.8396135265700483 0.25 0.8376811594202899 0.2575 0.8405797101449275 0.262 0.8666666666666667 0.275 0.8821256038647343 0.278 0.8888888888888888 0.2765 0.8956521739130435 0.2735 0.9082125603864735 0.2635 0.9072463768115943 0.253 0.9014492753623189 0.2455 0.8946859903381642 0.2425 0.8782608695652174 0.2385
0 0.8802898550724638 0.21330000000000002 0.875072463768116 0.21994999999999998 0.8715942028985507 0.2292 0.8736231884057971 0.23515 0.881159420289855 0.2375 0.8966183574879227 0.2425 0.9140096618357488 0.2425 0.9342995169082126 0.2365 0.9381642512077295 0.2325 0.9391304347826087 0.2235 0.9304347826086956 0.2165 0.9140096618357488 0.2145 0.9014492753623189 0.211 0.8917874396135266 0.211
0 1.0 0.206 0.9864734299516909 0.206 0.9797101449275363 0.2075 0.9623188405797102 0.2165 0.9536231884057971 0.2275 0.9536231884057971 0.2305 0.9594202898550724 0.2365 0.9652173913043478 0.238 0.9797101449275363 0.239 1.0 0.2375
0 0.8521739130434782 0.2025 0.842512077294686 0.203 0.8309178743961353 0.2065 0.8222222222222222 0.212 0.8144927536231884 0.2205 0.8135265700483092 0.2275 0.8173913043478261 0.233 0.8260869565217391 0.237 0.8367149758454107 0.2395 0.8560386473429952 0.2395 0.8628019323671497 0.2385 0.8682125603864734 0.23455 0.8710144927536232 0.2312 0.8736231884057971 0.21965 0.8676328502415459 0.211
0 0.7990338164251207 0.219 0.7893719806763285 0.218 0.7690821256038647 0.222 0.7594202898550725 0.2285 0.7594202898550725 0.238 0.7739130434782608 0.2455 0.782608695652174 0.2465 0.7893719806763285 0.246 0.8115942028985508 0.239 0.8115942028985508 0.2265 0.808695652173913 0.223
0 0.7217391304347827 0.2165 0.7043478260869566 0.2205 0.6946859903381642 0.225 0.6908212560386473 0.228 0.6898550724637681 0.235 0.693719806763285 0.241 0.706280193236715 0.247 0.7188405797101449 0.2505 0.7323671497584541 0.2515 0.7478260869565218 0.248 0.7468599033816425 0.24 0.7536231884057971 0.233 0.7536231884057971 0.2285 0.748792270531401 0.2205 0.744927536231884 0.2175 0.7391304347826086 0.2165
0 0.7468599033816425 0.249 0.7352657004830918 0.251 0.7275362318840579 0.254 0.7217391304347827 0.259 0.7217391304347827 0.2675 0.7294685990338164 0.272 0.744927536231884 0.276 0.7584541062801933 0.277 0.7710144927536232 0.2705 0.77487922705314 0.2625 0.7739130434782608 0.256 0.770048309178744 0.252 0.7642512077294686 0.2495
0 0.6376811594202898 0.22 0.6270531400966184 0.226 0.6222222222222222 0.231 0.6222222222222222 0.237 0.6260869565217392 0.24 0.6483091787439613 0.2475 0.6830917874396135 0.247 0.6859903381642513 0.245 0.6850241545893719 0.2295 0.6792270531400966 0.2225 0.6714975845410628 0.219 0.6589371980676328 0.217 0.6463768115942029 0.218
0 0.6115942028985507 0.22 0.6096618357487923 0.2185 0.6040579710144928 0.21445 0.5951690821256038 0.2135 0.5855072463768116 0.2145 0.5661835748792271 0.2205 0.5468599033816425 0.2245 0.5458937198067633 0.229 0.5516908212560386 0.2335 0.5632850241545894 0.2365 0.5855072463768116 0.2395 0.5961352657004831 0.2395 0.6086956521739131 0.2375 0.6125603864734299 0.232
0 0.6019323671497585 0.183 0.5942028985507246 0.1875 0.5855072463768116 0.197 0.5864734299516908 0.2065 0.5942028985507246 0.212 0.6048309178743961 0.214 0.6154589371980677 0.218 0.633816425120773 0.2195 0.6434782608695652 0.218 0.6628019323671498 0.211 0.663768115942029 0.205 0.6589371980676328 0.197 0.6483091787439613 0.1905 0.6405797101449275 0.1885 0.6309178743961352 0.184 0.6173913043478261 0.1815 0.6096618357487923 0.1815
0 0.5082125603864734 0.197 0.5024154589371981 0.203 0.5024154589371981 0.2095 0.5111111111111111 0.2165 0.5285024154589372 0.223 0.5342995169082125 0.224 0.5478260869565217 0.223 0.5565217391304348 0.218 0.5661835748792271 0.2085 0.5671497584541063 0.205 0.5623188405797102 0.2 0.5584541062801932 0.198 0.5323671497584541 0.194 0.518840579710145 0.194
0 0.44830917874396137 0.2125 0.4386473429951691 0.211 0.4241545893719807 0.2125 0.4115942028985507 0.219 0.4106280193236715 0.229 0.41739130434782606 0.236 0.41932367149758454 0.243 0.45217391304347826 0.2365 0.45893719806763283 0.2305 0.4608695652173913 0.225 0.45603864734299515 0.2165
0 0.3526570048309179 0.23 0.34782608695652173 0.2325 0.3468599033816425 0.236 0.3391304347826087 0.2435 0.3391304347826087 0.2485 0.34396135265700484 0.2575 0.3507246376811594 0.2645 0.36618357487922704 0.2705 0.37584541062801935 0.2705 0.38743961352657 0.2685 0.39903381642512076 0.265 0.40869565217391307 0.26 0.4106280193236715 0.253 0.4067632850241546 0.2465 0.3893719806763285 0.234 0.37681159420289856 0.231
0 0.7458937198067633 0.188 0.7410628019323672 0.197 0.740096618357488 0.204 0.7420289855072464 0.21 0.7516908212560387 0.218 0.7613526570048309 0.2205 0.7758454106280194 0.2205 0.7884057971014493 0.218 0.8048309178743961 0.2115 0.808695652173913 0.2075 0.8096618357487922 0.201 0.8057971014492754 0.197 0.7942028985507247 0.1915 0.770048309178744 0.187 0.7507246376811594 0.1865
0 0.7342995169082126 0.174 0.7246376811594203 0.17 0.714975845410628 0.1695 0.7072463768115942 0.1705 0.6956521739130435 0.1745 0.6782608695652174 0.185 0.6772946859903382 0.191 0.6714975845410628 0.196 0.672463768115942 0.1995 0.6763285024154589 0.201 0.6869565217391305 0.202 0.6985507246376812 0.2055 0.714975845410628 0.2055 0.7323671497584541 0.2005 0.740096618357488 0.1955 0.7439613526570048 0.186 0.7420289855072464 0.1815
0 0.9062801932367149 0.192 0.9043478260869565 0.1955 0.9053140096618357 0.207 0.9082125603864735 0.2115 0.9120772946859903 0.213 0.9439613526570049 0.2175 0.9642512077294686 0.2145 0.9758454106280193 0.2085 0.9777777777777777 0.201 0.9681159420289855 0.192 0.9526570048309179 0.1845 0.9342995169082126 0.184 0.9256038647342996 0.187 0.9111111111111111 0.1895
0 0.991304347826087 0.1685 0.9671497584541063 0.1775 0.9632850241545894 0.182 0.9632850241545894 0.1865 0.9719806763285024 0.195 0.9797101449275363 0.2 0.9893719806763285 0.203 1.0 0.204 1.0 0.1685
0 0.9893719806763285 0.1385 0.9826086956521739 0.145 0.9826086956521739 0.1595 0.9884057971014493 0.166 0.9932367149758454 0.1675 1.0 0.1675 1.0 0.1385
0 0.936231884057971 0.1435 0.9256038647342996 0.147 0.9198067632850242 0.1505 0.9120772946859903 0.159 0.9111111111111111 0.164 0.9140096618357488 0.168 0.9333333333333333 0.182 0.9526570048309179 0.1825 0.961352657004831 0.1795 0.9739130434782609 0.171 0.9748792270531401 0.156 0.9681159420289855 0.148 0.961352657004831 0.1435
0 0.8589371980676328 0.179 0.855072463768116 0.183 0.8533333333333334 0.1906 0.8521739130434782 0.1955 0.8521739130434782 0.2015 0.8560386473429952 0.2055 0.8647342995169082 0.2095 0.8734299516908213 0.2105 0.8869565217391304 0.2105 0.9004830917874396 0.208 0.9033816425120773 0.2055 0.9033816425120773 0.1955 0.9072463768115943 0.19 0.9043478260869565 0.1845 0.9004830917874396 0.1825 0.8763285024154589 0.177
0 0.8599033816425121 0.1575 0.8579710144927536 0.16 0.8589371980676328 0.1665 0.8666666666666667 0.173 0.8753623188405797 0.177 0.9130434782608695 0.186 0.9207729468599034 0.1865 0.927536231884058 0.1845 0.9294685990338164 0.182 0.927536231884058 0.1775 0.9130434782608695 0.167 0.9072463768115943 0.157 0.8975845410628019 0.151 0.8927536231884058 0.15 0.8792270531400966 0.151 0.8657004830917875 0.1545
0 0.770048309178744 0.1575 0.7594202898550725 0.157 0.7478260869565218 0.159 0.7391304347826086 0.166 0.7371980676328502 0.175 0.7420289855072464 0.181 0.748792270531401 0.185 0.7690821256038647 0.185 0.7806763285024154 0.181 0.7864734299516908 0.176 0.7903381642512077 0.1705 0.7893719806763285 0.1655 0.7835748792270532 0.162
0 0.6473429951690821 0.1565 0.633816425120773 0.1605 0.6270531400966184 0.1645 0.6251207729468599 0.1695 0.6260869565217392 0.174 0.6318840579710145 0.184 0.6463768115942029 0.19 0.6579710144927536 0.1905 0.6763285024154589 0.187 0.6869565217391305 0.178 0.6888888888888889 0.172 0.6850241545893719 0.166 0.6743961352657005 0.16 0.6628019323671498 0.1575
0 0.5342995169082125 0.1605 0.527536231884058 0.164 0.523671497584541 0.1725 0.5246376811594203 0.18 0.5304347826086957 0.1885 0.5400966183574879 0.195 0.548792270531401 0.197 0.5594202898550724 0.197 0.5748792270531401 0.1935 0.5835748792270531 0.19 0.5903381642512078 0.1845 0.591304347826087 0.1795 0.5893719806763285 0.1775 0.5797101449275363 0.1735 0.5661835748792271 0.1625 0.5449275362318841 0.16
0 0.6106280193236715 0.145 0.5932367149758454 0.148 0.578743961352657 0.1485 0.5700483091787439 0.1525 0.5671497584541063 0.157 0.5671497584541063 0.163 0.5739130434782609 0.17 0.5855072463768116 0.177 0.5951690821256038 0.1775 0.6164251207729469 0.1715 0.6241545893719807 0.1665 0.6251207729468599 0.16 0.6222222222222222 0.153 0.6183574879227053 0.1485
0 0.6927536231884058 0.1375 0.6879227053140097 0.14 0.6782608695652174 0.1505 0.6743961352657005 0.158 0.6772946859903382 0.1615 0.6869565217391305 0.165 0.7043478260869566 0.166 0.7256038647342995 0.1655 0.7352657004830918 0.1635 0.7468599033816425 0.155 0.7468599033816425 0.1535 0.7381642512077294 0.1485 0.736231884057971 0.1455 0.7265700483091787 0.1405 0.7111111111111111 0.137
0 0.6608695652173913 0.1295 0.642512077294686 0.134 0.6357487922705314 0.1375 0.6328502415458938 0.143 0.6347826086956522 0.1465 0.6454106280193237 0.154 0.6531400966183575 0.1565 0.6705314009661836 0.1585 0.6753623188405797 0.156 0.6801932367149759 0.148 0.6908212560386473 0.1385 0.6927536231884058 0.1345 0.6859903381642513 0.1305
0 0.7652173913043478 0.121 0.7526570048309179 0.121 0.748792270531401 0.122 0.7333333333333333 0.131 0.7323671497584541 0.135 0.7352657004830918 0.1415 0.7439613526570048 0.1495 0.7507246376811594 0.152 0.77487922705314 0.1495 0.7816425120772947 0.1475 0.7884057971014493 0.1435 0.7893719806763285 0.1375 0.7855072463768116 0.1295 0.7768115942028986 0.1235
0 0.8714975845410629 0.129 0.8618357487922705 0.127 0.8521739130434782 0.127 0.8444444444444444 0.13 0.8338164251207729 0.1415 0.8231884057971014 0.1495 0.8231884057971014 0.1545 0.8299516908212561 0.16 0.8386473429951691 0.16 0.8444444444444444 0.1585 0.8599033816425121 0.1575 0.8685990338164251 0.1535 0.8888888888888888 0.149 0.8888888888888888 0.1395 0.8821256038647343 0.134
0 0.936231884057971 0.1215 0.927536231884058 0.1275 0.9227053140096618 0.133 0.9227053140096618 0.1355 0.9294685990338164 0.14 0.9420289855072463 0.1425 0.961352657004831 0.143 0.9710144927536232 0.142 0.978743961352657 0.1395 0.9835748792270531 0.1345 0.9758454106280193 0.123 0.9690821256038648 0.1195 0.9623188405797102 0.118 0.9526570048309179 0.118
0 0.996135265700483 0.1115 0.9806763285024155 0.1185 0.9777777777777777 0.125 0.9826086956521739 0.133 0.9903381642512077 0.137 1.0 0.138 1.0 0.1115
0 0.8676328502415459 0.1045 0.863768115942029 0.1075 0.863768115942029 0.1165 0.8676328502415459 0.124 0.8743961352657005 0.13 0.8898550724637682 0.137 0.9072463768115943 0.1375 0.9169082125603865 0.1355 0.9323671497584541 0.124 0.9293719806763285 0.11995 0.9234782608695652 0.11395000000000001 0.9141062801932367 0.10925 0.9024154589371981 0.105 0.8782608695652174 0.103
0 0.8048309178743961 0.1145 0.7971014492753623 0.116 0.7903381642512077 0.12 0.7884057971014493 0.125 0.7903381642512077 0.143 0.7942028985507247 0.1465 0.8202898550724638 0.147 0.8289855072463768 0.145 0.8338164251207729 0.1415 0.8434782608695652 0.131 0.842512077294686 0.127 0.8270531400966183 0.119 0.8135265700483092 0.115
0 0.8193236714975846 0.089 0.8067632850241546 0.094 0.8048309178743961 0.098 0.8057971014492754 0.1045 0.8115942028985508 0.1135 0.8328502415458937 0.1205 0.842512077294686 0.1205 0.851207729468599 0.119 0.8599033816425121 0.115 0.8618357487922705 0.112 0.8608695652173913 0.1055 0.855072463768116 0.0985 0.8473429951690822 0.0935 0.8318840579710145 0.0885
0 0.8009661835748793 0.102 0.7922705314009661 0.0965 0.7777777777777778 0.092 0.7681159420289855 0.0915 0.7526570048309179 0.094 0.7429951690821256 0.0985 0.7391304347826086 0.1025 0.7381642512077294 0.1115 0.7352657004830918 0.1145 0.7371980676328502 0.1195 0.744927536231884 0.1205 0.7768115942028986 0.1205 0.7922705314009661 0.1175 0.8038647342995169 0.112 0.8038647342995169 0.1065
0 0.9816425120772947 0.0845 0.9632850241545894 0.091 0.9555555555555556 0.0925 0.9536231884057971 0.0945 0.9507246376811594 0.1075 0.9526570048309179 0.1115 0.9584541062801932 0.1155 0.9642512077294686 0.1165 0.9806763285024155 0.116 0.996135265700483 0.1115 1.0 0.1115 1.0 0.0915 0.9971014492753624 0.0915
0 0.6772946859903382 0.095 0.6560386473429952 0.1055 0.6512077294685991 0.1135 0.6521739130434783 0.121 0.6560386473429952 0.125 0.6647342995169082 0.129 0.6734299516908212 0.13 0.693719806763285 0.1295 0.7091787439613526 0.126 0.7159420289855073 0.1225 0.7178743961352657 0.114 0.7082125603864734 0.1045 0.6898550724637681 0.098 0.6859903381642513 0.095
0 0.9835748792270531 0.065 0.9642512077294686 0.0625 0.9536231884057971 0.0625 0.9439613526570049 0.0635 0.9323671497584541 0.067 0.9256038647342996 0.0705 0.9194202898550725 0.07545 0.927536231884058 0.0845 0.936231884057971 0.089 0.9468599033816425 0.0915 0.9603864734299516 0.0915 0.9681159420289855 0.0895 0.9777777777777777 0.0855 0.9804830917874395 0.08025 0.9837681159420291 0.069
0 0.9951690821256038 0.034 0.9835748792270531 0.0375 0.9768115942028985 0.041 0.9739130434782609 0.044 0.9729468599033816 0.05 0.978743961352657 0.062 0.9884057971014493 0.066 1.0 0.0665 1.0 0.034
0 0.9797101449275363 0.0 0.9759420289855073 0.00095 0.9707246376811595 0.0029500000000000004 0.966183574879227 0.006 0.9634782608695652 0.0101 0.9681159420289855 0.014 0.9776811594202899 0.0289 1.0 0.0312 1.0 0.0
0 0.9298550724637681 0.0 0.9420289855072463 0.002 0.9497584541062802 0.003 0.966183574879227 0.0035 0.970048309178744 0.002 0.9769082125603865 0.0
0 0.8714975845410629 0.0 0.8960386473429951 0.0 0.9024154589371981 0.002 0.9111111111111111 0.0045 0.9159420289855073 0.01 0.9169082125603865 0.018 0.9130434782608695 0.0245 0.9082125603864735 0.027 0.885024154589372 0.0305 0.8724637681159421 0.03 0.8628019323671497 0.0275 0.8589371980676328 0.021 0.8589371980676328 0.0125 0.8647342995169082 0.0045 0.868792270531401 0.00135
0 0.9111111111111111 0.029 0.9014492753623189 0.031 0.8869565217391304 0.0385 0.8840579710144928 0.0415 0.8840579710144928 0.049 0.8839613526570048 0.0535 0.8888888888888888 0.057 0.8946859903381642 0.061 0.9101449275362319 0.064 0.9227053140096618 0.065 0.9371980676328503 0.062 0.9449275362318841 0.058 0.9478260869565217 0.052 0.9478260869565217 0.045 0.9429951690821256 0.037 0.936231884057971 0.033 0.9207729468599034 0.029
0 0.8077294685990338 0.0 0.8 0.012 0.8 0.0225 0.8077294685990338 0.026 0.8270531400966183 0.0265 0.8386473429951691 0.025 0.8502415458937198 0.0205 0.8541062801932368 0.015 0.8531400966183574 0.0105 0.8473429951690822 0.0045 0.8396135265700483 0.002 0.8336231884057971 0.00015
0 0.8077294685990338 0.037 0.8038647342995169 0.0495 0.8067632850241546 0.052 0.8541062801932368 0.055 0.8676328502415459 0.0525 0.8714975845410629 0.049 0.8714975845410629 0.0415 0.8647342995169082 0.032 0.8560386473429952 0.028 0.8454106280193237 0.0265 0.8280193236714976 0.0275
0 0.851207729468599 0.059 0.8463768115942029 0.0615 0.842512077294686 0.073 0.8473429951690822 0.082 0.8579710144927536 0.09 0.8695652173913043 0.093 0.8801932367149758 0.093 0.8927536231884058 0.0905 0.9033816425120773 0.085 0.9082125603864735 0.08 0.9072463768115943 0.072 0.9014492753623189 0.0665 0.893719806763285 0.0625 0.8782608695652174 0.059 0.8599033816425121 0.0575
0 0.7971014492753623 0.057 0.7835748792270532 0.0675 0.7816425120772947 0.0845 0.7903381642512077 0.0885 0.8057971014492754 0.0905 0.8154589371980676 0.09 0.8299516908212561 0.087 0.8357487922705314 0.084 0.8367149758454107 0.0765 0.8347826086956521 0.072 0.8289855072463768 0.0665 0.8135265700483092 0.0585 0.8067632850241546 0.057
0 0.7526570048309179 0.048 0.7458937198067633 0.0495 0.736231884057971 0.057 0.7333333333333333 0.0655 0.7275362318840579 0.0715 0.7275362318840579 0.0775 0.7294685990338164 0.0805 0.7381642512077294 0.084 0.748792270531401 0.085 0.7681159420289855 0.0845 0.7768115942028986 0.0825 0.7816425120772947 0.079 0.782608695652174 0.067 0.7758454106280194 0.0565
0 0.7526570048309179 0.0275 0.7439613526570048 0.0315 0.7410628019323672 0.036 0.7497584541062802 0.047 0.7594202898550725 0.0515 0.77487922705314 0.0555 0.7903381642512077 0.055 0.7971014492753623 0.0535 0.8009661835748793 0.0505 0.8048309178743961 0.0415 0.8048309178743961 0.037 0.7971014492753623 0.0295 0.7845410628019324 0.0245 0.7681159420289855 0.025
0 0.7153623188405797 0.019350000000000003 0.7236714975845411 0.0215 0.7294685990338164 0.0235 0.7545893719806763 0.0265 0.7864734299516908 0.0235 0.7951690821256039 0.0195 0.7971014492753623 0.013 0.7932367149758454 0.0065 0.7874396135265701 0.002 0.7775845410628018 0.00095 0.7488888888888889 0.0 0.7381642512077294 0.0015 0.7276328502415459 0.00425 0.7218357487922705 0.013949999999999999
0 0.6657004830917874 0.0 0.6657004830917874 0.01 0.6753623188405797 0.016 0.6975845410628019 0.0195 0.7146859903381643 0.01765 0.7207729468599033 0.01385 0.7260869565217392 0.00555 0.7294685990338164 0.0
0 0.6683091787439615 0.01775 0.6540096618357488 0.0221 0.6462801932367149 0.02965 0.6465700483091787 0.03665 0.6512077294685991 0.041 0.6579710144927536 0.0465 0.6666666666666666 0.05 0.6850241545893719 0.0505 0.7004830917874396 0.048 0.7178743961352657 0.039 0.7207729468599033 0.034 0.7188405797101449 0.027 0.714975845410628 0.0245 0.7014492753623188 0.0205 0.6859903381642513 0.018
0 0.2898550724637681 0.095 0.28405797101449276 0.0935 0.26666666666666666 0.093 0.25217391304347825 0.096 0.2463768115942029 0.0985 0.24057971014492754 0.1035 0.2396135265700483 0.107 0.24154589371980675 0.1155 0.2463768115942029 0.121 0.25120772946859904 0.1225 0.28405797101449276 0.122 0.2985507246376812 0.116 0.3033816425120773 0.112 0.30144927536231886 0.1015
0 0.6415458937198067 0.0045 0.6318840579710145 0.0035 0.6193236714975845 0.005 0.6048309178743961 0.0095 0.5942028985507246 0.0175 0.5980676328502416 0.024 0.6057971014492753 0.0275 0.6202898550724638 0.031 0.6405797101449275 0.031 0.64512077294686 0.0286 0.6547826086956522 0.02135 0.6570048309178744 0.017 0.6483091787439613 0.007
0 0.5516908212560386 0.0 0.5526570048309178 0.006 0.557487922705314 0.01 0.5719806763285025 0.0135 0.5845410628019324 0.015 0.5990338164251208 0.013 0.6144927536231884 0.006 0.6183574879227053 0.0025 0.6183574879227053 0.0
0 0.6241545893719807 0.0 0.6271497584541063 0.0016 0.6471497584541063 0.00435 0.6620289855072464 0.00285 0.664927536231884 0.0016 0.6657004830917874 0.0
0 0.5565217391304348 0.024 0.5497584541062802 0.026 0.5410628019323671 0.032 0.5410628019323671 0.039 0.5458937198067633 0.0465 0.5526570048309178 0.0525 0.557487922705314 0.055 0.5739130434782609 0.058 0.5845410628019324 0.058 0.6028985507246377 0.054 0.6077294685990338 0.048 0.6096618357487923 0.039 0.6077294685990338 0.034 0.6009661835748792 0.0275 0.5932367149758454 0.024 0.5864734299516908 0.023 0.5690821256038647 0.0225
0 0.6193236714975845 0.034 0.6115942028985507 0.0385 0.6086956521739131 0.043 0.6057971014492753 0.053 0.6096618357487923 0.057 0.6173913043478261 0.06 0.6328502415458938 0.0615 0.6628019323671498 0.0605 0.6666666666666666 0.0575 0.6657004830917874 0.0515 0.6434782608695652 0.0355 0.6347826086956522 0.033
0 0.7246376811594203 0.0395 0.7217391304347827 0.0395 0.6898550724637681 0.052 0.6850241545893719 0.059 0.6850241545893719 0.0615 0.6898550724637681 0.066 0.702415458937198 0.0705 0.714975845410628 0.073 0.7256038647342995 0.072 0.7304347826086957 0.0695 0.7342995169082126 0.0645 0.7352657004830918 0.0525 0.7294685990338164 0.0425
0 0.6415458937198067 0.0675 0.6318840579710145 0.0745 0.6318840579710145 0.081 0.6347826086956522 0.0835 0.6531400966183575 0.092 0.6695652173913044 0.0955 0.6850241545893719 0.0955 0.693719806763285 0.098 0.6985507246376812 0.092 0.6965217391304348 0.07965000000000001 0.6941062801932367 0.07565000000000001 0.6806763285024154 0.06665 0.6705314009661836 0.062 0.6608695652173913 0.0615
0 0.5951690821256038 0.0695 0.58743961352657 0.067 0.5719806763285025 0.067 0.557487922705314 0.0715 0.5342995169082125 0.075 0.5285024154589372 0.077 0.5227053140096618 0.0815 0.5217391304347826 0.085 0.523671497584541 0.0885 0.5342995169082125 0.097 0.5410628019323671 0.1 0.5516908212560386 0.1005 0.5748792270531401 0.0955 0.5922705314009662 0.085 0.6048309178743961 0.0805 0.6028985507246377 0.0745
0 0.6019323671497585 0.0815 0.5951690821256038 0.0835 0.5855072463768116 0.09 0.5826086956521739 0.104 0.5942028985507246 0.108 0.6077294685990338 0.11 0.6270531400966184 0.11 0.6405797101449275 0.1075 0.6483091787439613 0.1015 0.6483091787439613 0.094 0.6415458937198067 0.0865 0.6318840579710145 0.082 0.6144927536231884 0.0805
0 0.527536231884058 0.065 0.5169082125603864 0.063 0.4995169082125604 0.062 0.48792270531400966 0.063 0.47439613526570046 0.066 0.4676328502415459 0.07 0.46570048309178746 0.074 0.4666666666666667 0.0805 0.47342995169082125 0.0875 0.48695652173913045 0.091 0.5111111111111111 0.0895 0.5323671497584541 0.0735 0.5323671497584541 0.068
0 0.45893719806763283 0.0075 0.4492753623188406 0.0095 0.4454106280193237 0.013 0.4454106280193237 0.0235 0.45217391304347826 0.038 0.4628019323671498 0.0425 0.46570048309178746 0.0455 0.4811594202898551 0.0485 0.4985507246376812 0.04 0.5053140096618357 0.0345 0.506280193236715 0.0275 0.5043478260869565 0.021 0.4966183574879227 0.012 0.48792270531400966 0.0075 0.4811594202898551 0.0065
0 0.3893719806763285 0.0 0.3903381642512077 0.0055 0.39710144927536234 0.008 0.4144927536231884 0.0075 0.42995169082125606 0.0055 0.4396135265700483 0.0025 0.4396135265700483 0.0
0 0.3207729468599034 0.0 0.3207729468599034 0.0025 0.33043478260869563 0.0105 0.3391304347826087 0.015 0.34879227053140094 0.018 0.3739130434782609 0.018 0.38067632850241545 0.015 0.3855072463768116 0.01 0.3864734299516908 0.0
0 0.3710144927536232 0.0205 0.3642512077294686 0.024 0.36135265700483093 0.0295 0.36328502415458935 0.033 0.37777777777777777 0.0455 0.38454106280193234 0.0495 0.39516908212560387 0.053 0.42289855072463767 0.05375 0.44183574879227056 0.048350000000000004 0.4399033816425121 0.03735 0.43768115942028984 0.0325 0.43381642512077295 0.0285 0.42318840579710143 0.0225 0.4077294685990338 0.0185 0.38743961352657 0.018
0 0.4115942028985507 0.071 0.3932367149758454 0.0655 0.3748792270531401 0.0655 0.36038647342995167 0.0675 0.3536231884057971 0.0695 0.34492753623188405 0.0755 0.34396135265700484 0.0845 0.3458937198067633 0.088 0.3565217391304348 0.095 0.3671497584541063 0.0985 0.3932367149758454 0.096 0.4057971014492754 0.0915 0.4115942028985507 0.0875 0.41739130434782606 0.077
0 0.42028985507246375 0.0765 0.41545893719806765 0.0795 0.4096618357487923 0.0925 0.4096618357487923 0.097 0.41352657004830917 0.103 0.41932367149758454 0.1055 0.43478260869565216 0.1065 0.45507246376811594 0.1065 0.4608695652173913 0.1055 0.47053140096618357 0.0975 0.47246376811594204 0.092 0.47246376811594204 0.086 0.4666666666666667 0.08 0.4618357487922705 0.0775 0.4463768115942029 0.0745 0.43091787439613527 0.0745
0 0.4830917874396135 0.094 0.47053140096618357 0.099 0.4618357487922705 0.106 0.4618357487922705 0.1125 0.4676328502415459 0.12 0.4792270531400966 0.1255 0.49178743961352656 0.1285 0.5207729468599034 0.1275 0.5294685990338164 0.1235 0.5342995169082125 0.115 0.5352657004830917 0.1065 0.523671497584541 0.098 0.5101449275362319 0.0935 0.49178743961352656 0.0925
0 0.557487922705314 0.101 0.5449275362318841 0.1025 0.5391304347826087 0.106 0.5333333333333333 0.117 0.5333333333333333 0.1255 0.5381642512077295 0.131 0.548792270531401 0.137 0.5555555555555556 0.138 0.5681159420289855 0.1355 0.5835748792270531 0.1265 0.5942028985507246 0.1165 0.5903381642512078 0.1095 0.5816425120772947 0.1045
0 0.6289855072463768 0.1135 0.621256038647343 0.1115 0.6096618357487923 0.111 0.5951690821256038 0.116 0.5729468599033817 0.1345 0.5729468599033817 0.1435 0.5777777777777777 0.148 0.591304347826087 0.1485 0.5980676328502416 0.1475 0.6125603864734299 0.1415 0.6367149758454106 0.134 0.642512077294686 0.126 0.6386473429951691 0.1205
0 0.4927536231884058 0.1295 0.4811594202898551 0.1345 0.47246376811594204 0.1425 0.4714975845410628 0.1505 0.47342995169082125 0.1525 0.48695652173913045 0.1565 0.5159420289855072 0.1585 0.5246376811594203 0.1625 0.5323671497584541 0.1615 0.5352657004830917 0.1595 0.5342995169082125 0.144 0.5198067632850242 0.1305 0.5120772946859904 0.1285
0 0.4106280193236715 0.131 0.4038647342995169 0.1335 0.39516908212560387 0.142 0.4 0.1525 0.4096618357487923 0.1605 0.41642512077294686 0.164 0.43381642512077295 0.1685 0.4396135265700483 0.1685 0.45410628019323673 0.164 0.463768115942029 0.151 0.4618357487922705 0.1385 0.4570048309178744 0.134 0.4473429951690821 0.1305 0.4251207729468599 0.1295
0 0.4454106280193237 0.1685 0.4454106280193237 0.1715 0.45314009661835747 0.181 0.45410628019323673 0.186 0.4628019323671498 0.1935 0.47246376811594204 0.197 0.4830917874396135 0.1985 0.4995169082125604 0.198 0.5101449275362319 0.196 0.523671497584541 0.191 0.5246376811594203 0.185 0.5217391304347826 0.182 0.5043478260869565 0.173 0.5033816425120773 0.168 0.5004830917874397 0.166 0.4579710144927536 0.165 0.4502415458937198 0.166
0 0.4067632850241546 0.175 0.3748792270531401 0.175 0.3516908212560386 0.1835 0.34299516908212563 0.1935 0.34396135265700484 0.2015 0.3516908212560386 0.207 0.36618357487922704 0.2115 0.37584541062801935 0.212 0.39420289855072466 0.2095 0.4057971014492754 0.204 0.41642512077294686 0.1945 0.41642512077294686 0.1875 0.4115942028985507 0.177
0 0.3285024154589372 0.1575 0.3285024154589372 0.166 0.3314009661835749 0.169 0.3391304347826087 0.1725 0.3468599033816425 0.174 0.37584541062801935 0.174 0.38164251207729466 0.173 0.4057971014492754 0.165 0.4096618357487923 0.1625 0.4038647342995169 0.1555 0.37777777777777777 0.1455 0.36328502415458935 0.1435 0.34782608695652173 0.1435 0.34009661835748795 0.145 0.3333333333333333 0.149
0 0.28695652173913044 0.144 0.27246376811594203 0.1495 0.26570048309178745 0.1555 0.2647342995169082 0.1585 0.26763285024154587 0.1645 0.27246376811594203 0.169 0.28888888888888886 0.1755 0.30531400966183575 0.1765 0.314975845410628 0.1755 0.31980676328502416 0.174 0.32753623188405795 0.167 0.32753623188405795 0.1555 0.32560386473429953 0.151 0.3169082125603865 0.146 0.30144927536231886 0.1435
0 0.25217391304347825 0.1845 0.24444444444444444 0.1955 0.24444444444444444 0.1985 0.25507246376811593 0.2035 0.27246376811594203 0.2075 0.30821256038647343 0.207 0.314975845410628 0.206 0.3188405797101449 0.204 0.31980676328502416 0.196 0.3178743961352657 0.191 0.3101449275362319 0.182 0.30434782608695654 0.179 0.2946859903381642 0.177 0.2821256038647343 0.1765 0.2599033816425121 0.1805
0 0.27053140096618356 0.2165 0.26666666666666666 0.2255 0.27053140096618356 0.229 0.28502415458937197 0.2365 0.2995169082125604 0.2395 0.3169082125603865 0.24 0.32753623188405795 0.244 0.3323671497584541 0.2435 0.3352657004830918 0.241 0.3352657004830918 0.2225 0.33043478260869563 0.216 0.32367149758454106 0.2115 0.3130434782608696 0.208 0.2985507246376812 0.2075 0.2927536231884058 0.2085
0 0.2289855072463768 0.204 0.21835748792270532 0.208 0.2144927536231884 0.2125 0.2144927536231884 0.219 0.21739130434782608 0.2255 0.221256038647343 0.23 0.23768115942028986 0.2385 0.2463768115942029 0.2385 0.2541062801932367 0.2355 0.2647342995169082 0.228 0.26956521739130435 0.213 0.2647342995169082 0.2085 0.2531400966183575 0.2045
0 0.16231884057971013 0.199 0.1565217391304348 0.202 0.15265700483091788 0.2095 0.15072463768115943 0.2175 0.15458937198067632 0.2255 0.16618357487922705 0.234 0.17777777777777778 0.2365 0.18647342995169083 0.236 0.20193236714975846 0.232 0.2135265700483092 0.2275 0.2144927536231884 0.221 0.21159420289855072 0.2125 0.19420289855072465 0.2035 0.16908212560386474 0.199
0 0.0927536231884058 0.224 0.08985507246376812 0.231 0.09371980676328502 0.237 0.11594202898550725 0.246 0.14879227053140096 0.246 0.16135265700483092 0.238 0.16231884057971013 0.2325 0.15458937198067632 0.2255 0.15265700483091788 0.2205 0.14009661835748793 0.214 0.12657004830917876 0.213 0.11690821256038647 0.2145
0 0.15555555555555556 0.166 0.14492753623188406 0.1665 0.12077294685990338 0.171 0.11014492753623188 0.175 0.10144927536231885 0.1805 0.09855072463768116 0.184 0.09951690821256039 0.192 0.10434782608695652 0.1965 0.11594202898550725 0.2015 0.1246376811594203 0.2035 0.14009661835748793 0.204 0.15265700483091788 0.2025 0.16521739130434782 0.197 0.17004830917874397 0.19 0.17004830917874397 0.1805 0.16328502415458937 0.171
0 0.18647342995169083 0.1495 0.18164251207729468 0.154 0.18164251207729468 0.166 0.18454106280193236 0.171 0.19420289855072465 0.1765 0.20483091787439614 0.1785 0.21545893719806763 0.178 0.24444444444444444 0.171 0.24734299516908212 0.1645 0.24541062801932367 0.158 0.24154589371980675 0.1555 0.23285024154589373 0.1535 0.2222222222222222 0.1485 0.20869565217391303 0.1465 0.19806763285024154 0.146 0.19033816425120773 0.1475
0 0.24154589371980675 0.1265 0.23285024154589373 0.1295 0.22608695652173913 0.1355 0.2222222222222222 0.1415 0.2222222222222222 0.1475 0.23285024154589373 0.1525 0.24541062801932367 0.1545 0.26280193236714977 0.154 0.2821256038647343 0.1455 0.28405797101449276 0.1435 0.28309178743961355 0.1365 0.28019323671497587 0.1335 0.263768115942029 0.1265 0.2560386473429952 0.1255
0 0.11690821256038647 0.122 0.10628019323671498 0.1255 0.0927536231884058 0.134 0.09082125603864734 0.1435 0.0927536231884058 0.146 0.10144927536231885 0.1505 0.10917874396135266 0.152 0.1323671497584541 0.1525 0.1391304347826087 0.1515 0.15265700483091788 0.147 0.15942028985507245 0.143 0.15942028985507245 0.138 0.1497584541062802 0.13 0.13333333333333333 0.1225 0.12753623188405797 0.1215
0 0.1536231884057971 0.1195 0.14879227053140096 0.1275 0.1603864734299517 0.14 0.16521739130434782 0.1425 0.1855072463768116 0.146 0.20966183574879227 0.1445 0.2135265700483092 0.1365 0.21256038647342995 0.1285 0.19516908212560385 0.1155 0.1826086956521739 0.113 0.17004830917874397 0.1135 0.1603864734299517 0.116
0 0.21545893719806763 0.0965 0.20483091787439614 0.099 0.1961352657004831 0.1035 0.19420289855072465 0.106 0.1961352657004831 0.1145 0.2106280193236715 0.1265 0.22318840579710145 0.1295 0.2318840579710145 0.1295 0.2492753623188406 0.1235 0.24347826086956523 0.117 0.24057971014492754 0.11 0.24444444444444444 0.0985 0.24154589371980675 0.097 0.23285024154589373 0.096
0 0.2995169082125604 0.116 0.28599033816425123 0.1225 0.28309178743961355 0.1305 0.28405797101449276 0.1375 0.2898550724637681 0.142 0.314975845410628 0.146 0.3217391304347826 0.1445 0.3342995169082126 0.138 0.33719806763285026 0.1345 0.33719806763285026 0.128 0.3294685990338164 0.122 0.314975845410628 0.119 0.30821256038647343 0.116
0 0.391304347826087 0.1045 0.38067632850241545 0.1045 0.3710144927536232 0.1065 0.34782608695652173 0.117 0.3391304347826087 0.1255 0.3391304347826087 0.1305 0.34299516908212563 0.1345 0.35942028985507246 0.1395 0.3710144927536232 0.1415 0.38357487922705313 0.142 0.3961352657004831 0.1395 0.4077294685990338 0.1295 0.4077294685990338 0.1205 0.40096618357487923 0.1075
0 0.33719806763285026 0.0875 0.32560386473429953 0.088 0.3159420289855073 0.0905 0.30917874396135264 0.0945 0.30241545893719807 0.1015 0.30434782608695654 0.111 0.3111111111111111 0.116 0.31980676328502416 0.119 0.33043478260869563 0.1195 0.34492753623188405 0.1175 0.3652173913043478 0.1075 0.36618357487922704 0.0995 0.3468599033816425 0.089
0 0.26859903381642514 0.0555 0.25024154589371983 0.0615 0.24444444444444444 0.065 0.24154589371980675 0.072 0.24347826086956523 0.0765 0.25507246376811593 0.0855 0.26763285024154587 0.091 0.2995169082125604 0.0955 0.3072463768115942 0.093 0.30821256038647343 0.0905 0.30628019323671496 0.088 0.314975845410628 0.085 0.3178743961352657 0.0805 0.3188405797101449 0.0755 0.3120772946859903 0.0625 0.30434782608695654 0.057 0.2956521739130435 0.0545
0 0.09468599033816426 0.095 0.08985507246376812 0.0975 0.08309178743961353 0.1065 0.0821256038647343 0.1115 0.08695652173913043 0.1165 0.11207729468599034 0.1205 0.13623188405797101 0.121 0.14879227053140096 0.1155 0.14782608695652175 0.111 0.14396135265700483 0.1075 0.1294685990338164 0.099 0.11207729468599034 0.0945 0.09951690821256039 0.094
0 0.14396135265700483 0.077 0.13429951690821257 0.0815 0.13043478260869565 0.0855 0.1285024154589372 0.092 0.13333333333333333 0.1005 0.14202898550724638 0.106 0.1497584541062802 0.108 0.1855072463768116 0.1085 0.20193236714975846 0.1 0.2028985507246377 0.0935 0.20096618357487922 0.0905 0.1932367149758454 0.088 0.17777777777777778 0.08 0.17294685990338166 0.0755 0.1536231884057971 0.0745
0 0.2251207729468599 0.0575 0.21256038647342995 0.0565 0.1932367149758454 0.0585 0.17971014492753623 0.0655 0.1758454106280193 0.075 0.178743961352657 0.0805 0.1932367149758454 0.088 0.2 0.09 0.21932367149758455 0.09 0.23285024154589373 0.087 0.24347826086956523 0.0805 0.24154589371980675 0.065 0.2357487922705314 0.061
0 0.1323671497584541 0.055 0.11884057971014493 0.053 0.10917874396135266 0.053 0.09371980676328502 0.0555 0.08792270531400966 0.059 0.08599033816425121 0.063 0.08599033816425121 0.081 0.09468599033816426 0.089 0.1178743961352657 0.0865 0.12560386473429952 0.0845 0.15169082125603864 0.074 0.1536231884057971 0.071 0.15265700483091788 0.0645
0 0.13623188405797101 0.0315 0.12753623188405797 0.04 0.1285024154589372 0.0455 0.13429951690821257 0.0545 0.15072463768115943 0.063 0.15942028985507245 0.0645 0.17777777777777778 0.064 0.18937198067632852 0.0595 0.2038647342995169 0.051 0.20579710144927535 0.0475 0.2038647342995169 0.041 0.18840579710144928 0.033 0.16328502415458937 0.028 0.15265700483091788 0.0285
0 0.28405797101449276 0.018 0.2772946859903382 0.0185 0.25507246376811593 0.0255 0.24734299516908212 0.0415 0.25120772946859904 0.0485 0.2589371980676328 0.0525 0.26763285024154587 0.054 0.2966183574879227 0.0535 0.3072463768115942 0.051 0.3111111111111111 0.049 0.3140096618357488 0.0445 0.3140096618357488 0.036 0.30917874396135264 0.03 0.28888888888888886 0.019
0 0.21256038647342995 0.015 0.20096618357487922 0.0215 0.19806763285024154 0.0255 0.19806763285024154 0.034 0.2028985507246377 0.038 0.21545893719806763 0.0425 0.23091787439613526 0.0425 0.2463768115942029 0.04 0.2531400966183575 0.0315 0.2531400966183575 0.024 0.25024154589371983 0.02 0.24444444444444444 0.017 0.2318840579710145 0.014 0.221256038647343 0.0135
0 0.2463768115942029 0.0065 0.2531400966183575 0.012 0.263768115942029 0.015 0.28695652173913044 0.0165 0.2946859903381642 0.0145 0.30144927536231886 0.0105 0.30434782608695654 0.007 0.30821256038647343 0.0055 0.3101449275362319 0.0 0.24734299516908212 0.0
0 0.14492753623188406 0.0 0.14589371980676327 0.007 0.1565217391304348 0.016 0.1671497584541063 0.0195 0.18454106280193236 0.0225 0.1932367149758454 0.0225 0.20096618357487922 0.0205 0.21642512077294687 0.012 0.22318840579710145 0.006 0.21932367149758455 0.0
0 0.07922705314009662 0.0175 0.08019323671497584 0.0245 0.08695652173913043 0.032 0.09371980676328502 0.035 0.11207729468599034 0.0375 0.12077294685990338 0.0375 0.13043478260869565 0.033 0.157487922705314 0.027 0.16521739130434782 0.0215 0.1536231884057971 0.0155 0.14589371980676327 0.0085 0.1294685990338164 0.0075 0.11014492753623188 0.0045 0.09855072463768116 0.0055 0.08599033816425121 0.0095 0.08115942028985507 0.013
0 0.221256038647343 0.0 0.221256038647343 0.002 0.22801932367149758 0.0055 0.2396135265700483 0.006 0.24541062801932367 0.003 0.24541062801932367 0.0
0 0.08405797101449275 0.0 0.08405797101449275 0.0025 0.09371980676328502 0.006 0.11014492753623188 0.0045 0.12753623188405797 0.0065 0.13333333333333333 0.0055 0.14009661835748793 0.0025 0.14009661835748793 0.0
