0 0.33444444444444443 0.279 0.32555555555555554 0.2795 0.31666666666666665 0.2815 0.3088888888888889 0.285 0.3 0.2935 0.29777777777777775 0.3 0.3088888888888889 0.311 0.3211111111111111 0.3165 0.3388888888888889 0.318 0.35444444444444445 0.3165 0.36444444444444446 0.313 0.38 0.303 0.38 0.299 0.3888888888888889 0.291 0.38666666666666666 0.2885 0.3688888888888889 0.283 0.35333333333333333 0.28
0 0.7522222222222222 0.4575 0.7177777777777777 0.4595 0.6944444444444444 0.47 0.6911111111111111 0.474 0.6911111111111111 0.479 0.7033333333333334 0.4875 0.7088888888888889 0.4895 0.7355555555555555 0.493 0.7533333333333333 0.4915 0.7655555555555555 0.4865 0.7655555555555555 0.471
0 0.027777777777777776 0.348 0.012222222222222223 0.347 0.0 0.3485 0.0 0.3775 0.014444444444444444 0.377 0.027777777777777776 0.3745 0.04666666666666667 0.365 0.04666666666666667 0.36 0.03777777777777778 0.3525
0 0.015555555555555555 0.318 0.0 0.3195 0.0 0.345 0.013333333333333334 0.3455 0.022222222222222223 0.3445 0.034444444444444444 0.339 0.043333333333333335 0.322 0.03111111111111111 0.322 0.021111111111111112 0.3185
0 0.8255555555555556 0.634 0.8177777777777778 0.6345 0.8011111111111111 0.642 0.7922222222222223 0.65 0.79 0.6555 0.79 0.6635 0.7933333333333333 0.668 0.8011111111111111 0.672 0.8122222222222222 0.6745 0.8388888888888889 0.6735 0.8555555555555555 0.6675 0.8577777777777778 0.6645 0.8577777777777778 0.6535 0.8522222222222222 0.645 0.8455555555555555 0.6425 0.8366666666666667 0.636
0 0.8966666666666666 0.611 0.8866666666666667 0.619 0.8866666666666667 0.6235 0.89 0.627 0.89 0.6345 0.9011111111111111 0.6405 0.9255555555555556 0.647 0.9555555555555556 0.6465 0.9611111111111111 0.6435 0.9633333333333334 0.63 0.96 0.6225 0.9511111111111111 0.6145 0.9455555555555556 0.6125 0.9222222222222223 0.6115 0.9088888888888889 0.6085
0 0.8555555555555555 0.6145 0.8333333333333334 0.6245 0.8322222222222222 0.628 0.8355555555555556 0.6335 0.8477777777777777 0.642 0.8566666666666667 0.644 0.8677777777777778 0.644 0.8877777777777778 0.635 0.89 0.6265 0.8855555555555555 0.6215 0.8755555555555555 0.6165 0.8666666666666667 0.6145
0 0.8577777777777778 0.5955 0.8466666666666667 0.5955 0.8333333333333334 0.592 0.8044444444444444 0.5925 0.7922222222222223 0.5955 0.7855555555555556 0.6 0.7855555555555556 0.609 0.7933333333333333 0.618 0.8011111111111111 0.6235 0.8111111111111111 0.626 0.8277777777777777 0.6255 0.8344444444444444 0.6235 0.84 0.619 0.8522222222222222 0.6155 0.8588888888888889 0.607 0.8644444444444445 0.604 0.8633333333333333 0.6
0 0.7688888888888888 0.616 0.7622222222222222 0.6185 0.76 0.621 0.7566666666666667 0.6355 0.76 0.6375 0.7677777777777778 0.639 0.7666666666666667 0.6425 0.7877777777777778 0.6495 0.7966666666666666 0.6465 0.8 0.643 0.7977777777777778 0.623 0.7833333333333333 0.6175
0 0.7066666666666667 0.631 0.6955555555555556 0.634 0.6866666666666666 0.6395 0.6844444444444444 0.648 0.6888888888888889 0.655 0.6944444444444444 0.658 0.71 0.6625 0.7244444444444444 0.664 0.7377777777777778 0.6635 0.7444444444444445 0.6605 0.7511111111111111 0.651 0.7522222222222222 0.641 0.7488888888888889 0.6355 0.7322222222222222 0.6305 0.7166666666666667 0.63
0 0.6522222222222223 0.6455 0.6355555555555555 0.65 0.6255555555555555 0.655 0.6244444444444445 0.6665 0.6266666666666667 0.6705 0.6322222222222222 0.675 0.6455555555555555 0.679 0.6588888888888889 0.6795 0.6833333333333333 0.678 0.6955555555555556 0.674 0.6988888888888889 0.6705 0.69 0.656 0.68 0.6485 0.6655555555555556 0.6455
0 0.6566666666666666 0.615 0.6411111111111111 0.6145 0.62 0.616 0.6011111111111112 0.619 0.5911111111111111 0.623 0.5866666666666667 0.629 0.5888888888888889 0.639 0.5922222222222222 0.643 0.6055555555555555 0.6505 0.6177777777777778 0.652 0.6288888888888889 0.6515 0.6477777777777778 0.6465 0.6588888888888889 0.6415 0.67 0.6295 0.6711111111111111 0.6235
0 0.54 0.638 0.5288888888888889 0.6455 0.5288888888888889 0.652 0.5344444444444445 0.658 0.5455555555555556 0.6625 0.5611111111111111 0.6655 0.5777777777777777 0.6655 0.5877777777777777 0.663 0.5933333333333334 0.659 0.5977777777777777 0.6515 0.5933333333333334 0.642 0.5855555555555556 0.639 0.57 0.6365 0.5533333333333333 0.636
0 0.4677777777777778 0.6185 0.46 0.6235 0.4588888888888889 0.644 0.46111111111111114 0.6465 0.4666666666666667 0.6485 0.4822222222222222 0.651 0.5144444444444445 0.651 0.5222222222222223 0.65 0.5266666666666666 0.648 0.5355555555555556 0.6395 0.5355555555555556 0.6315 0.5333333333333333 0.629 0.49777777777777776 0.617 0.4822222222222222 0.616
0 0.4722222222222222 0.651 0.45555555555555555 0.6485 0.44555555555555554 0.65 0.43555555555555553 0.655 0.4288888888888889 0.6705 0.43777777777777777 0.676 0.4577777777777778 0.6765 0.4766666666666667 0.6695 0.48333333333333334 0.6625 0.48444444444444446 0.658
0 0.3933333333333333 0.6425 0.38555555555555554 0.6425 0.3688888888888889 0.645 0.3622222222222222 0.649 0.36 0.6535 0.3611111111111111 0.674 0.3655555555555556 0.6785 0.37333333333333335 0.682 0.38555555555555554 0.6835 0.4077777777777778 0.6805 0.41444444444444445 0.678 0.4266666666666667 0.6675 0.43 0.6555 0.4266666666666667 0.65
0 0.4488888888888889 0.614 0.43666666666666665 0.614 0.4222222222222222 0.617 0.4122222222222222 0.621 0.40444444444444444 0.628 0.3977777777777778 0.631 0.39555555555555555 0.6355 0.4022222222222222 0.6425 0.4211111111111111 0.649 0.43 0.65 0.4411111111111111 0.6495 0.4533333333333333 0.644 0.45666666666666667 0.6355 0.45666666666666667 0.6265 0.45444444444444443 0.619
0 0.5244444444444445 0.5925 0.51 0.596 0.5022222222222222 0.606 0.5022222222222222 0.612 0.5066666666666667 0.619 0.5311111111111111 0.6275 0.5366666666666666 0.628 0.5444444444444444 0.627 0.5555555555555556 0.623 0.5633333333333334 0.6155 0.5644444444444444 0.611 0.5566666666666666 0.597 0.5433333333333333 0.593
0 0.5688888888888889 0.591 0.5644444444444444 0.599 0.5666666666666667 0.6115 0.5755555555555556 0.616 0.5833333333333334 0.6175 0.6033333333333334 0.617 0.6244444444444445 0.612 0.6333333333333333 0.6075 0.6344444444444445 0.5995 0.6277777777777778 0.5955 0.5877777777777777 0.5885 0.5766666666666667 0.5885
0 0.67 0.5785 0.6511111111111111 0.5875 0.6466666666666666 0.592 0.6455555555555555 0.6 0.6533333333333333 0.6055 0.6711111111111111 0.6115 0.6888888888888889 0.6155 0.7 0.6155 0.7077777777777777 0.614 0.7144444444444444 0.611 0.72 0.6035 0.72 0.599 0.7144444444444444 0.595 0.71 0.586 0.7044444444444444 0.582 0.6933333333333334 0.578
0 0.9188888888888889 0.5765 0.91 0.5795 0.8988888888888888 0.5885 0.8977777777777778 0.5995 0.9044444444444445 0.606 0.9144444444444444 0.61 0.9244444444444444 0.6115 0.9455555555555556 0.6115 0.96 0.608 0.97 0.6035 0.9722222222222222 0.601 0.9711111111111111 0.5925 0.9577777777777777 0.5845 0.9411111111111111 0.5775 0.93 0.576
0 0.9322222222222222 0.5355 0.91 0.546 0.9077777777777778 0.5495 0.9088888888888889 0.5605 0.9155555555555556 0.569 0.9233333333333333 0.5725 0.9255555555555556 0.5755 0.9388888888888889 0.5775 0.9533333333333334 0.5775 0.9788888888888889 0.5725 0.9855555555555555 0.568 0.9866666666666667 0.559 0.9744444444444444 0.545 0.9666666666666667 0.541
0 0.8111111111111111 0.541 0.8 0.5455 0.8 0.5555 0.8133333333333334 0.5645 0.8266666666666667 0.571 0.83 0.5745 0.8388888888888889 0.5745 0.8511111111111112 0.569 0.86 0.56 0.8633333333333333 0.5545 0.8611111111111112 0.5465 0.8577777777777778 0.544 0.8488888888888889 0.5415 0.8355555555555556 0.5395
0 0.7077777777777777 0.5215 0.69 0.528 0.6811111111111111 0.536 0.6822222222222222 0.546 0.69 0.5525 0.7044444444444444 0.557 0.7311111111111112 0.5575 0.7433333333333333 0.556 0.7522222222222222 0.5525 0.7611111111111111 0.545 0.7588888888888888 0.533 0.7433333333333333 0.525 0.7222222222222222 0.521
0 0.6222222222222222 0.5095 0.6033333333333334 0.518 0.6022222222222222 0.527 0.6044444444444445 0.5305 0.6088888888888889 0.5335 0.6344444444444445 0.5415 0.6466666666666666 0.5425 0.6644444444444444 0.5415 0.6744444444444444 0.5375 0.6766666666666666 0.534 0.6766666666666666 0.5245 0.6711111111111111 0.517 0.6522222222222223 0.509 0.6344444444444445 0.508
0 0.5888888888888889 0.523 0.5777777777777777 0.522 0.5566666666666666 0.525 0.5422222222222223 0.531 0.5333333333333333 0.5375 0.5333333333333333 0.545 0.5411111111111111 0.55 0.55 0.553 0.5666666666666667 0.556 0.5811111111111111 0.5555 0.6088888888888889 0.548 0.6111111111111112 0.542 0.6066666666666667 0.532 0.5955555555555555 0.525
0 0.6077777777777778 0.5505 0.5963333333333334 0.55275 0.5798888888888889 0.55775 0.5844444444444444 0.565 0.5911111111111111 0.5725 0.6088888888888889 0.584 0.62 0.5875 0.6322222222222222 0.588 0.6511111111111111 0.5855 0.6622222222222223 0.5815 0.6677777777777778 0.576 0.6666666666666666 0.568 0.6588888888888889 0.558 0.6466666666666666 0.552 0.6311111111111111 0.549
0 0.5455555555555556 0.5525 0.5188888888888888 0.556 0.5077777777777778 0.563 0.5077777777777778 0.5715 0.5177777777777778 0.577 0.5344444444444445 0.5815 0.5522222222222222 0.5805 0.57 0.576 0.5755555555555556 0.573 0.5711111111111111 0.56 0.5633333333333334 0.556
0 0.3788888888888889 0.626 0.3522222222222222 0.6265 0.34444444444444444 0.6255 0.3233333333333333 0.626 0.31222222222222223 0.6275 0.30333333333333334 0.6305 0.2966666666666667 0.637 0.2966666666666667 0.6425 0.3022222222222222 0.6505 0.31555555555555553 0.6565 0.33 0.6565 0.3566666666666667 0.652 0.3655555555555556 0.6455 0.3788888888888889 0.643 0.3888888888888889 0.6375 0.39111111111111113 0.6335
0 0.22555555555555556 0.663 0.22444444444444445 0.667 0.23 0.672 0.25333333333333335 0.679 0.30333333333333334 0.6815 0.3088888888888889 0.6805 0.3188888888888889 0.675 0.3188888888888889 0.665 0.31444444444444447 0.6575 0.30666666666666664 0.6525 0.29333333333333333 0.648 0.2811111111111111 0.648 0.27 0.651 0.26 0.652
0 0.38666666666666666 0.588 0.3788888888888889 0.59 0.3522222222222222 0.589 0.3411111111111111 0.592 0.3233333333333333 0.601 0.3211111111111111 0.6095 0.3244444444444444 0.6145 0.3333333333333333 0.6195 0.3522222222222222 0.6255 0.37444444444444447 0.625 0.3844444444444444 0.6205 0.3988888888888889 0.6075 0.3988888888888889 0.6035 0.3888888888888889 0.5935
0 0.44222222222222224 0.5815 0.43222222222222223 0.5805 0.41555555555555557 0.5815 0.4088888888888889 0.5835 0.4033333333333333 0.5885 0.4022222222222222 0.5995 0.40555555555555556 0.6075 0.4111111111111111 0.612 0.42 0.615 0.43 0.615 0.45 0.612 0.4622222222222222 0.6075 0.4677777777777778 0.6035 0.4688888888888889 0.5965 0.4633333333333333 0.59 0.4533333333333333 0.5845
0 0.2577777777777778 0.6145 0.2411111111111111 0.619 0.23444444444444446 0.63 0.23555555555555555 0.639 0.24 0.6475 0.24666666666666667 0.652 0.24666666666666667 0.6545 0.26 0.651 0.2733333333333333 0.65 0.2833333333333333 0.647 0.2966666666666667 0.6335 0.2966666666666667 0.6255 0.2922222222222222 0.621 0.2877777777777778 0.619
0 0.24888888888888888 0.5925 0.2411111111111111 0.5985 0.2411111111111111 0.6075 0.24888888888888888 0.6125 0.28 0.617 0.29444444444444445 0.617 0.3088888888888889 0.6155 0.31777777777777777 0.6115 0.3188888888888889 0.6005 0.31555555555555553 0.5905 0.3111111111111111 0.5875 0.29333333333333333 0.584 0.2822222222222222 0.584 0.2611111111111111 0.5875
0 0.17222222222222222 0.6405 0.1688888888888889 0.646 0.17 0.656 0.17222222222222222 0.6585 0.18333333333333332 0.662 0.1922222222222222 0.6635 0.22333333333333333 0.663 0.2311111111111111 0.6615 0.23666666666666666 0.6585 0.2388888888888889 0.6555 0.2388888888888889 0.6475 0.23444444444444446 0.639 0.22777777777777777 0.635 0.21333333333333335 0.6335 0.1988888888888889 0.6335 0.18444444444444444 0.636
0 0.13333333333333333 0.6565 0.12666666666666668 0.6655 0.12555555555555556 0.6755 0.12666666666666668 0.6775 0.13666666666666666 0.6825 0.1511111111111111 0.6845 0.16555555555555557 0.684 0.20222222222222222 0.6755 0.2011111111111111 0.67 0.19333333333333333 0.6645 0.17 0.6575 0.16555555555555557 0.655 0.15 0.653 0.1411111111111111 0.654
0 0.06 0.657 0.056666666666666664 0.6645 0.05 0.6715 0.051111111111111114 0.6775 0.05555555555555555 0.6815 0.09555555555555556 0.6835 0.10777777777777778 0.682 0.12222222222222222 0.6775 0.12444444444444444 0.674 0.12444444444444444 0.664 0.12111111111111111 0.662 0.10666666666666667 0.661 0.09888888888888889 0.6565 0.08333333333333333 0.652 0.07222222222222222 0.6525
0 0.09888888888888889 0.614 0.0811111111111111 0.616 0.06666666666666667 0.6205 0.06222222222222222 0.626 0.06111111111111111 0.633 0.06777777777777778 0.643 0.07666666666666666 0.649 0.11 0.6615 0.12555555555555556 0.659 0.13111111111111112 0.655 0.13444444444444445 0.6435 0.1322222222222222 0.6265 0.12666666666666668 0.622 0.11666666666666667 0.6175
0 0.13333333333333333 0.6265 0.13111111111111112 0.628 0.13333333333333333 0.6435 0.13 0.653 0.13666666666666666 0.6545 0.15444444444444444 0.651 0.16444444444444445 0.647 0.16777777777777778 0.644 0.16777777777777778 0.6375 0.16333333333333333 0.635
0 0.1288888888888889 0.609 0.11888888888888889 0.6155 0.13111111111111112 0.6245 0.15 0.632 0.17888888888888888 0.636 0.18777777777777777 0.635 0.2 0.6305 0.20555555555555555 0.6235 0.20555555555555555 0.6185 0.19666666666666666 0.609 0.17222222222222222 0.6055 0.14222222222222222 0.6065
0 0.17444444444444446 0.579 0.16666666666666666 0.583 0.16666666666666666 0.589 0.1622222222222222 0.596 0.16555555555555557 0.6 0.17777777777777778 0.6045 0.1988888888888889 0.606 0.2222222222222222 0.6035 0.2388888888888889 0.596 0.24222222222222223 0.5915 0.2222222222222222 0.582 0.2111111111111111 0.5795 0.19 0.5775
0 0.07888888888888888 0.581 0.07666666666666666 0.5845 0.08 0.587 0.09 0.5905 0.09777777777777778 0.598 0.11222222222222222 0.602 0.13555555555555557 0.6035 0.15333333333333332 0.6 0.16111111111111112 0.5955 0.16333333333333333 0.583 0.15555555555555556 0.5785 0.14222222222222222 0.5745 0.10666666666666667 0.573
0 0.04777777777777778 0.5845 0.034444444444444444 0.5905 0.024444444444444446 0.5995 0.024444444444444446 0.605 0.03 0.611 0.043333333333333335 0.6155 0.06111111111111111 0.617 0.07555555555555556 0.617 0.09222222222222222 0.614 0.10333333333333333 0.6075 0.10333333333333333 0.601 0.08777777777777777 0.59 0.06888888888888889 0.5835 0.05333333333333334 0.5835
0 0.0 0.659 0.0 0.6915 0.02 0.6915 0.04555555555555556 0.6855 0.05 0.682 0.04666666666666667 0.671 0.03666666666666667 0.6635 0.027777777777777776 0.663 0.02 0.665 0.014444444444444444 0.663 0.012222222222222223 0.6595
0 0.05444444444444444 0.631 0.04555555555555556 0.6295 0.03 0.6295 0.015555555555555555 0.6325 0.006666666666666667 0.6385 0.0044444444444444444 0.6425 0.0 0.643 0.0 0.6505 0.0044444444444444444 0.651 0.008888888888888889 0.6565 0.013333333333333334 0.6585 0.013333333333333334 0.6635 0.022222222222222223 0.6635 0.05555555555555555 0.6575 0.06777777777777778 0.652 0.07111111111111111 0.6465 0.06222222222222222 0.635
0 0.0 0.6165 0.0 0.641 0.0044444444444444444 0.641 0.006666666666666667 0.6375 0.013333333333333334 0.635 0.015555555555555555 0.632 0.013333333333333334 0.62 0.005555555555555556 0.6165
0 0.022222222222222223 0.579 0.0 0.582 0.0 0.614 0.0044444444444444444 0.614 0.015555555555555555 0.6085 0.022222222222222223 0.602 0.025555555555555557 0.5945
0 0.0 0.5505 0.0 0.58 0.015555555555555555 0.5795 0.022222222222222223 0.578 0.03 0.5735 0.03111111111111111 0.5685 0.02666666666666667 0.5605 0.017777777777777778 0.553 0.012222222222222223 0.551
0 0.051111111111111114 0.55 0.04 0.554 0.03222222222222222 0.559 0.03111111111111111 0.569 0.03333333333333333 0.5725 0.04777777777777778 0.576 0.05555555555555555 0.5795 0.06555555555555556 0.5805 0.08333333333333333 0.5795 0.10777777777777778 0.565 0.10888888888888888 0.5555 0.10666666666666667 0.5525 0.10333333333333333 0.5515 0.08333333333333333 0.552 0.06777777777777778 0.549
0 0.10888888888888888 0.5565 0.1111111111111111 0.564 0.12 0.5725 0.13777777777777778 0.573 0.17555555555555555 0.5645 0.18 0.562 0.17888888888888888 0.5575 0.17333333333333334 0.555 0.17 0.551 0.15222222222222223 0.55 0.1388888888888889 0.5465 0.12111111111111111 0.548 0.11222222222222222 0.5525
0 0.07444444444444444 0.5175 0.06333333333333334 0.52 0.05444444444444444 0.525 0.04888888888888889 0.5375 0.05555555555555555 0.544 0.06333333333333334 0.5475 0.08222222222222222 0.551 0.10111111111111111 0.55 0.10888888888888888 0.547 0.11777777777777777 0.5465 0.12222222222222222 0.543 0.12222222222222222 0.5325 0.11777777777777777 0.526 0.10666666666666667 0.521 0.08555555555555555 0.517
0 0.0 0.5095 0.0 0.5415 0.02 0.5415 0.024444444444444446 0.5395 0.03777777777777778 0.5375 0.04722222222222222 0.5344 0.042222222222222223 0.529 0.04555555555555556 0.5255 0.044444444444444446 0.5225 0.03888888888888889 0.5175 0.028888888888888888 0.5135 0.013333333333333334 0.5095
0 0.23 0.5475 0.21888888888888888 0.5525 0.22111111111111112 0.566 0.22444444444444445 0.5715 0.24333333333333335 0.5805 0.2477777777777778 0.5815 0.2611111111111111 0.5815 0.2777777777777778 0.577 0.2866666666666667 0.572 0.28888888888888886 0.5695 0.2866666666666667 0.5575 0.2788888888888889 0.5525 0.2633333333333333 0.549 0.2411111111111111 0.547
0 0.14 0.5225 0.13555555555555557 0.5285 0.13444444444444445 0.539 0.1388888888888889 0.5435 0.14777777777777779 0.5465 0.16777777777777778 0.549 0.18888888888888888 0.5475 0.1988888888888889 0.5455 0.20555555555555555 0.5425 0.21666666666666667 0.541 0.21444444444444444 0.5375 0.20222222222222222 0.533 0.1922222222222222 0.5225 0.18 0.5185 0.1711111111111111 0.517 0.15222222222222223 0.5175 0.14555555555555555 0.519
0 0.25222222222222224 0.509 0.2288888888888889 0.512 0.21888888888888888 0.5145 0.2088888888888889 0.5205 0.2088888888888889 0.527 0.21333333333333335 0.5315 0.22333333333333333 0.535 0.24333333333333335 0.539 0.2577777777777778 0.5395 0.27444444444444444 0.537 0.2811111111111111 0.5335 0.2822222222222222 0.5205 0.27666666666666667 0.514 0.2688888888888889 0.5105 0.2611111111111111 0.509
0 0.36 0.52 0.3411111111111111 0.5285 0.3411111111111111 0.541 0.3511111111111111 0.5475 0.3655555555555556 0.553 0.38222222222222224 0.5555 0.39444444444444443 0.555 0.4122222222222222 0.549 0.41888888888888887 0.5435 0.41888888888888887 0.532 0.40555555555555556 0.525 0.3788888888888889 0.5205
0 0.36 0.5525 0.35777777777777775 0.5535 0.3422222222222222 0.5545 0.3322222222222222 0.5575 0.32555555555555554 0.562 0.3244444444444444 0.57 0.3333333333333333 0.581 0.3422222222222222 0.585 0.35777777777777775 0.5885 0.3655555555555556 0.5885 0.3888888888888889 0.584 0.4077777777777778 0.5735 0.4088888888888889 0.5685 0.40555555555555556 0.562 0.4011111111111111 0.5595 0.3888888888888889 0.5565 0.37777777777777777 0.556
0 0.06111111111111111 0.363 0.052222222222222225 0.3645 0.044444444444444446 0.37 0.03888888888888889 0.383 0.03888888888888889 0.3915 0.04555555555555556 0.401 0.056666666666666664 0.4035 0.06777777777777778 0.404 0.08666666666666667 0.4015 0.09555555555555556 0.3975 0.1111111111111111 0.382 0.11222222222222222 0.3755 0.10555555555555556 0.3695 0.09222222222222222 0.3655 0.07777777777777778 0.3635
0 0.4988888888888889 0.5515 0.4911111111111111 0.5505 0.4822222222222222 0.554 0.46555555555555556 0.557 0.45666666666666667 0.5605 0.44666666666666666 0.5695 0.44666666666666666 0.576 0.45444444444444443 0.581 0.47 0.584 0.4866666666666667 0.584 0.5 0.58 0.5044444444444445 0.5765 0.5066666666666667 0.5715 0.5044444444444445 0.5565
0 0.43 0.527 0.42444444444444446 0.53 0.4211111111111111 0.537 0.4211111111111111 0.5415 0.43 0.549 0.46 0.553 0.46444444444444444 0.5545 0.4822222222222222 0.5535 0.4866666666666667 0.55 0.4855555555555556 0.5405 0.47555555555555556 0.532 0.46555555555555556 0.5275 0.45444444444444443 0.525 0.43777777777777777 0.525
0 0.30777777777777776 0.493 0.2866666666666667 0.5005 0.2788888888888889 0.511 0.2811111111111111 0.517 0.29888888888888887 0.5245 0.3088888888888889 0.5265 0.3388888888888889 0.527 0.3477777777777778 0.5255 0.35555555555555557 0.5225 0.35888888888888887 0.519 0.35777777777777775 0.5095 0.3477777777777778 0.4995 0.3333333333333333 0.493
0 0.20444444444444446 0.481 0.18666666666666668 0.481 0.1811111111111111 0.482 0.17333333333333334 0.485 0.16777777777777778 0.49 0.16666666666666666 0.5055 0.1688888888888889 0.51 0.17666666666666667 0.516 0.18666666666666668 0.519 0.21222222222222223 0.516 0.22 0.514 0.23333333333333334 0.5075 0.2388888888888889 0.5025 0.2388888888888889 0.4955 0.23555555555555555 0.4905 0.22333333333333333 0.485
0 0.25666666666666665 0.476 0.2411111111111111 0.4775 0.23666666666666666 0.4795 0.23444444444444446 0.483 0.23444444444444446 0.4875 0.24 0.4955 0.2411111111111111 0.506 0.24666666666666667 0.5085 0.2577777777777778 0.5075 0.27666666666666667 0.503 0.2833333333333333 0.4985 0.2833333333333333 0.494 0.27666666666666667 0.4815 0.2688888888888889 0.478
0 0.09888888888888889 0.485 0.08666666666666667 0.49 0.07 0.5015 0.07111111111111111 0.506 0.08333333333333333 0.508 0.09555555555555556 0.5145 0.11333333333333333 0.518 0.13 0.5185 0.14444444444444443 0.516 0.15222222222222223 0.51 0.15222222222222223 0.5025 0.14333333333333334 0.49 0.13555555555555557 0.4855 0.11444444444444445 0.486
0 0.0 0.4725 0.0 0.5025 0.0044444444444444444 0.5025 0.01888888888888889 0.496 0.022222222222222223 0.489 0.012222222222222223 0.475 0.005555555555555556 0.4725
0 0.051111111111111114 0.463 0.028888888888888888 0.4645 0.02 0.4665 0.016666666666666666 0.4705 0.014444444444444444 0.477 0.016666666666666666 0.483 0.027777777777777776 0.488 0.028888888888888888 0.491 0.035555555555555556 0.4925 0.04888888888888889 0.492 0.07 0.4775 0.07111111111111111 0.47 0.06888888888888889 0.4665
0 0.08222222222222222 0.4585 0.07777777777777778 0.4625 0.07666666666666666 0.4675 0.09 0.478 0.1 0.4825 0.11888888888888889 0.485 0.13333333333333333 0.483 0.13555555555555557 0.4795 0.14444444444444443 0.4755 0.14555555555555555 0.4705 0.1388888888888889 0.4625 0.12666666666666668 0.4585 0.09444444444444444 0.4575
0 0.0 0.447 0.0 0.456 0.0033333333333333335 0.456 0.011111111111111112 0.461 0.01888888888888889 0.4635 0.057777777777777775 0.462 0.06111111111111111 0.457 0.06 0.444 0.05555555555555555 0.4395 0.042222222222222223 0.437 0.028888888888888888 0.437 0.013333333333333334 0.441 0.006666666666666667 0.4455
0 0.0 0.424 0.0 0.4465 0.0044444444444444444 0.4465 0.012222222222222223 0.4395 0.012222222222222223 0.432 0.0044444444444444444 0.424
0 0.028888888888888888 0.4015 0.021111111111111112 0.4045 0.008888888888888889 0.407 0.0033333333333333335 0.41 0.0 0.41 0.0 0.422 0.0044444444444444444 0.4225 0.008888888888888889 0.428 0.025555555555555557 0.434 0.057777777777777775 0.4385 0.06555555555555556 0.434 0.07111111111111111 0.425 0.07111111111111111 0.418 0.06222222222222222 0.406 0.04888888888888889 0.402 0.042222222222222223 0.401
0 0.07777777777777778 0.4185 0.07111111111111111 0.4235 0.07111111111111111 0.4275 0.06666666666666667 0.434 0.06888888888888889 0.441 0.07555555555555556 0.447 0.09777777777777778 0.457 0.11777777777777777 0.458 0.12666666666666668 0.4565 0.13777777777777778 0.453 0.15222222222222223 0.445 0.15444444444444444 0.4385 0.1511111111111111 0.431 0.13555555555555557 0.422 0.12222222222222222 0.4215 0.10777777777777778 0.418 0.08222222222222222 0.4175
0 0.18777777777777777 0.422 0.17777777777777778 0.4215 0.16666666666666666 0.4235 0.15444444444444444 0.4305 0.15444444444444444 0.443 0.1511111111111111 0.452 0.15222222222222223 0.4555 0.15888888888888889 0.459 0.17888888888888888 0.459 0.20444444444444446 0.456 0.22 0.449 0.22555555555555556 0.4435 0.22555555555555556 0.439 0.22 0.4325 0.2011111111111111 0.425
0 0.22555555555555556 0.443 0.22 0.449 0.21555555555555556 0.451 0.21555555555555556 0.454 0.23333333333333334 0.4645 0.25666666666666665 0.4685 0.2833333333333333 0.4695 0.29333333333333333 0.4655 0.2966666666666667 0.463 0.29777777777777775 0.4495 0.29444444444444445 0.446 0.2733333333333333 0.439 0.26555555555555554 0.438 0.2388888888888889 0.4405
0 0.29444444444444445 0.4645 0.2822222222222222 0.472 0.2777777777777778 0.478 0.2811111111111111 0.4865 0.2866666666666667 0.489 0.30333333333333334 0.492 0.33666666666666667 0.492 0.3466666666666667 0.4905 0.3566666666666667 0.4845 0.3566666666666667 0.4785 0.35333333333333333 0.473 0.3488888888888889 0.471 0.3211111111111111 0.4655 0.31777777777777777 0.463 0.31222222222222223 0.462 0.3055555555555556 0.462
0 0.30666666666666664 0.446 0.30666666666666664 0.456 0.3188888888888889 0.4635 0.3388888888888889 0.4695 0.3511111111111111 0.471 0.36333333333333334 0.4705 0.3688888888888889 0.4685 0.37 0.4665 0.3788888888888889 0.4665 0.38666666666666666 0.4635 0.3811111111111111 0.452 0.37666666666666665 0.4485 0.35444444444444445 0.4405 0.3377777777777778 0.438 0.32555555555555554 0.4375
0 0.28888888888888886 0.419 0.2733333333333333 0.4235 0.2677777777777778 0.4275 0.2677777777777778 0.4315 0.2722222222222222 0.437 0.28555555555555556 0.4435 0.29 0.4445 0.3055555555555556 0.4445 0.31333333333333335 0.443 0.32666666666666666 0.435 0.3288888888888889 0.4265 0.32666666666666666 0.425 0.3088888888888889 0.4225 0.3011111111111111 0.419
0 0.26555555555555554 0.399 0.2388888888888889 0.399 0.23333333333333334 0.4 0.22444444444444445 0.4045 0.2222222222222222 0.413 0.22666666666666666 0.4215 0.2311111111111111 0.425 0.2411111111111111 0.4275 0.2477777777777778 0.4325 0.2577777777777778 0.432 0.2611111111111111 0.4305 0.26799999999999996 0.42535 0.27444444444444444 0.4225 0.2833333333333333 0.413 0.2833333333333333 0.408 0.2788888888888889 0.4035
0 0.16666666666666666 0.3955 0.16666666666666666 0.4045 0.1711111111111111 0.4125 0.19444444444444445 0.424 0.20444444444444446 0.425 0.2111111111111111 0.4165 0.22 0.412 0.2222222222222222 0.4085 0.22 0.3965 0.21222222222222223 0.3925 0.19444444444444445 0.3915 0.18666666666666668 0.394 0.17555555555555555 0.3935
0 0.11666666666666667 0.379 0.09777777777777778 0.396 0.1 0.4095 0.10555555555555556 0.415 0.11666666666666667 0.4205 0.14333333333333334 0.4205 0.15888888888888889 0.4165 0.16444444444444445 0.413 0.16444444444444445 0.4055 0.16111111111111112 0.398 0.15222222222222223 0.392 0.13333333333333333 0.387 0.12333333333333334 0.3805
0 0.5266666666666666 0.4825 0.5088888888888888 0.4845 0.49444444444444446 0.4845 0.47333333333333333 0.492 0.46555555555555556 0.4985 0.4666666666666667 0.505 0.4722222222222222 0.51 0.48333333333333334 0.5155 0.5 0.5195 0.5211111111111111 0.52 0.5266666666666666 0.519 0.5355555555555556 0.515 0.5411111111111111 0.5095 0.5433333333333333 0.497 0.5366666666666666 0.4915 0.5322222222222223 0.4845
0 0.36333333333333334 0.486 0.35444444444444445 0.4895 0.3477777777777778 0.4965 0.35 0.501 0.3611111111111111 0.5075 0.37333333333333335 0.511 0.3877777777777778 0.512 0.39666666666666667 0.5105 0.40555555555555556 0.506 0.40555555555555556 0.5005 0.39666666666666667 0.4905 0.3844444444444444 0.485
0 0.39222222222222225 0.4625 0.3877777777777778 0.466 0.38333333333333336 0.479 0.3877777777777778 0.484 0.39666666666666667 0.488 0.4166666666666667 0.4905 0.44222222222222224 0.491 0.46444444444444444 0.4865 0.47 0.4795 0.4688888888888889 0.474 0.46111111111111114 0.4645 0.45111111111111113 0.46 0.43555555555555553 0.457 0.4111111111111111 0.4565 0.4033333333333333 0.458
0 0.47444444444444445 0.452 0.46555555555555556 0.456 0.46111111111111114 0.4615 0.46555555555555556 0.4695 0.47333333333333333 0.477 0.4866666666666667 0.4815 0.4988888888888889 0.4835 0.5111111111111111 0.4835 0.52 0.482 0.5344444444444445 0.4745 0.5422222222222223 0.464 0.5388888888888889 0.4575 0.5011111111111111 0.45 0.4866666666666667 0.45
0 0.5466666666666666 0.4585 0.5455555555555556 0.467 0.5488888888888889 0.471 0.57 0.4805 0.6 0.484 0.6155555555555555 0.4835 0.6244444444444445 0.4815 0.6266666666666667 0.479 0.6244444444444445 0.4745 0.6266666666666667 0.468 0.6255555555555555 0.461 0.6166666666666667 0.454 0.6066666666666667 0.4505 0.5922222222222222 0.448 0.5777777777777777 0.4485 0.5566666666666666 0.4535
0 0.3655555555555556 0.427 0.36 0.434 0.36444444444444446 0.443 0.3788888888888889 0.449 0.4033333333333333 0.4545 0.42333333333333334 0.455 0.43555555555555553 0.4565 0.4477777777777778 0.456 0.4477777777777778 0.452 0.43777777777777777 0.4455 0.43666666666666665 0.435 0.43222222222222223 0.4275 0.4211111111111111 0.422 0.40555555555555556 0.419 0.3933333333333333 0.4185 0.3788888888888889 0.421
0 0.44222222222222224 0.426 0.4388888888888889 0.4315 0.44 0.4425 0.44222222222222224 0.446 0.45111111111111113 0.4485 0.46444444444444444 0.4495 0.49444444444444446 0.4485 0.5122222222222222 0.444 0.52 0.4395 0.5133333333333333 0.4315 0.5055555555555555 0.4275 0.4766666666666667 0.4205 0.4633333333333333 0.4205
0 0.43777777777777777 0.3985 0.43 0.4015 0.4211111111111111 0.403 0.4122222222222222 0.407 0.4122222222222222 0.415 0.41555555555555557 0.419 0.4288888888888889 0.424 0.43777777777777777 0.425 0.4588888888888889 0.422 0.47 0.417 0.47 0.4115 0.46444444444444444 0.4045 0.45444444444444443 0.4
0 0.41333333333333333 0.386 0.4033333333333333 0.386 0.39555555555555555 0.389 0.37777777777777777 0.3895 0.3622222222222222 0.3965 0.36333333333333334 0.4095 0.3888888888888889 0.417 0.4088888888888889 0.4165 0.41333333333333333 0.4075 0.43 0.4005 0.4311111111111111 0.396 0.42 0.391
0 0.30666666666666664 0.3845 0.2922222222222222 0.3885 0.28555555555555556 0.3925 0.28 0.3995 0.2811111111111111 0.4045 0.2877777777777778 0.413 0.29888888888888887 0.418 0.31555555555555553 0.423 0.3322222222222222 0.4235 0.3422222222222222 0.4205 0.34444444444444444 0.4165 0.35888888888888887 0.411 0.3611111111111111 0.401 0.3511111111111111 0.3935 0.34 0.388 0.31666666666666665 0.3845
0 0.5244444444444445 0.414 0.52 0.4165 0.5177777777777778 0.428 0.5266666666666666 0.437 0.5366666666666666 0.4395 0.5511111111111111 0.441 0.57 0.4395 0.5788888888888889 0.435 0.5822222222222222 0.4305 0.5811111111111111 0.424 0.57 0.416 0.5566666666666666 0.4105 0.5444444444444444 0.4095
0 0.4822222222222222 0.395 0.47 0.4 0.4666666666666667 0.404 0.47333333333333333 0.414 0.4911111111111111 0.4225 0.5011111111111111 0.4225 0.52 0.4155 0.5233333333333333 0.411 0.5077777777777778 0.399
0 0.6011111111111112 0.3835 0.5711111111111111 0.3735 0.5544444444444444 0.373 0.5411111111111111 0.375 0.53 0.379 0.52 0.3885 0.5222222222222223 0.4045 0.5344444444444445 0.408 0.5422222222222223 0.4085 0.56 0.408 0.5755555555555556 0.4055 0.5911111111111111 0.4 0.6055555555555555 0.393 0.6055555555555555 0.388
0 0.6044444444444445 0.394 0.5777777777777777 0.4065 0.5733333333333334 0.4115 0.5722222222222222 0.4165 0.5788888888888889 0.4225 0.59 0.426 0.62 0.4305 0.6344444444444445 0.4305 0.6511111111111111 0.428 0.6577777777777778 0.4245 0.66 0.4195 0.66 0.411 0.6577777777777778 0.4085 0.6433333333333333 0.3995 0.6355555555555555 0.3965 0.6188888888888889 0.3935
0 0.6477777777777778 0.4285 0.6211111111111111 0.4335 0.6144444444444445 0.4385 0.6122222222222222 0.444 0.6244444444444445 0.4575 0.6477777777777778 0.466 0.6577777777777778 0.466 0.6744444444444444 0.461 0.6855555555555556 0.455 0.6922222222222222 0.4435 0.6922222222222222 0.4395 0.6788888888888889 0.431 0.6666666666666666 0.429
0 0.68 0.4885 0.6688888888888889 0.491 0.66 0.497 0.6611111111111111 0.51 0.6766666666666666 0.5185 0.69 0.5205 0.7022222222222222 0.52 0.73 0.509 0.7344444444444445 0.503 0.7344444444444445 0.4965 0.7288888888888889 0.4925 0.7022222222222222 0.4885
0 0.7644444444444445 0.4875 0.7566666666666667 0.491 0.7544444444444445 0.495 0.7588888888888888 0.509 0.7666666666666667 0.514 0.7777777777777778 0.516 0.8011111111111111 0.5155 0.8144444444444444 0.514 0.8233333333333334 0.511 0.8288888888888889 0.503 0.8288888888888889 0.498 0.8255555555555556 0.493 0.8133333333333334 0.487 0.8055555555555556 0.485 0.7855555555555556 0.4845
0 0.7611111111111111 0.457 0.7588888888888888 0.46 0.7644444444444445 0.47 0.77 0.4755 0.7766666666666666 0.478 0.7966666666666666 0.483 0.8111111111111111 0.4845 0.8311111111111111 0.484 0.84 0.481 0.8466666666666667 0.4745 0.85 0.466 0.8477777777777777 0.46 0.8377777777777777 0.455 0.8177777777777778 0.451 0.79 0.451
0 0.8311111111111111 0.5035 0.8211111111111111 0.5155 0.8211111111111111 0.523 0.8266666666666667 0.531 0.8344444444444444 0.5375 0.8566666666666667 0.543 0.8644444444444445 0.543 0.8855555555555555 0.54 0.8944444444444445 0.5365 0.8988888888888888 0.5315 0.8988888888888888 0.526 0.8922222222222222 0.518 0.8788888888888889 0.51 0.8677777777777778 0.506 0.8411111111111111 0.5025
0 0.9355555555555556 0.487 0.9255555555555556 0.487 0.9177777777777778 0.4885 0.9033333333333333 0.496 0.8988888888888888 0.5 0.9 0.507 0.91 0.518 0.9244444444444444 0.522 0.9355555555555556 0.5215 0.9488888888888889 0.518 0.9633333333333334 0.51 0.9677777777777777 0.505 0.9677777777777777 0.498 0.9644444444444444 0.494 0.9588888888888889 0.4915
0 0.9055555555555556 0.464 0.87 0.464 0.8522222222222222 0.469 0.8377777777777777 0.483 0.84 0.491 0.8511111111111112 0.497 0.8644444444444445 0.5 0.8844444444444445 0.5 0.8977777777777778 0.498 0.9033333333333333 0.4955 0.92 0.48 0.9188888888888889 0.476
0 0.9188888888888889 0.451 0.9066666666666666 0.459 0.9066666666666666 0.463 0.9111111111111111 0.4705 0.92 0.477 0.9433333333333334 0.4825 0.9577777777777777 0.4845 0.9788888888888889 0.4845 0.9866666666666667 0.482 0.9877777777777778 0.477 0.9844444444444445 0.4665 0.9788888888888889 0.46 0.9611111111111111 0.452 0.9466666666666667 0.448 0.9366666666666666 0.448
0 0.9288888888888889 0.411 0.9133333333333333 0.419 0.9155555555555556 0.4355 0.9255555555555556 0.442 0.9588888888888889 0.4445 0.9733333333333334 0.443 0.9788888888888889 0.441 0.9877777777777778 0.4345 0.9877777777777778 0.4255 0.9811111111111112 0.421 0.9666666666666667 0.4155 0.9488888888888889 0.4135 0.9422222222222222 0.4115
0 0.8422222222222222 0.4065 0.8355555555555556 0.409 0.8333333333333334 0.4115 0.8333333333333334 0.4215 0.8466666666666667 0.433 0.8577777777777778 0.439 0.8711111111111111 0.441 0.8811111111111111 0.4445 0.8966666666666666 0.4435 0.9033333333333333 0.4365 0.9122222222222223 0.432 0.9111111111111111 0.4195 0.9044444444444445 0.411 0.8944444444444445 0.4055 0.8744444444444445 0.4025
0 0.7711111111111111 0.4105 0.7677777777777778 0.4135 0.7633333333333333 0.429 0.7666666666666667 0.4355 0.7744444444444445 0.442 0.7944444444444444 0.45 0.8166666666666667 0.4505 0.8311111111111111 0.4475 0.84 0.4435 0.8433333333333334 0.435 0.8388888888888889 0.432 0.8366666666666667 0.425 0.8277777777777777 0.4185 0.8144444444444444 0.4125 0.8088888888888889 0.4115 0.7844444444444445 0.41
0 0.6955555555555556 0.4355 0.69 0.449 0.6922222222222222 0.455 0.7044444444444444 0.456 0.7155555555555555 0.4585 0.7311111111111112 0.4585 0.7444444444444445 0.4565 0.7533333333333333 0.4565 0.7655555555555555 0.4525 0.7666666666666667 0.442 0.7533333333333333 0.434 0.7477777777777778 0.433 0.7333333333333333 0.433 0.7144444444444444 0.43 0.7077777777777777 0.431
0 0.7944444444444444 0.375 0.7711111111111111 0.389 0.7711111111111111 0.3935 0.7766666666666666 0.4005 0.7877777777777778 0.404 0.8211111111111111 0.4085 0.8311111111111111 0.409 0.8433333333333334 0.406 0.8488888888888889 0.4025 0.8488888888888889 0.3955 0.8466666666666667 0.3915 0.84 0.3875 0.8333333333333334 0.3805 0.8277777777777777 0.378 0.8155555555555556 0.3755
0 0.7122222222222222 0.399 0.6955555555555556 0.4075 0.6955555555555556 0.418 0.7077777777777777 0.4255 0.7222222222222222 0.431 0.7333333333333333 0.4325 0.7455555555555555 0.432 0.7566666666666667 0.428 0.7633333333333333 0.4225 0.7566666666666667 0.404 0.7511111111111111 0.3995 0.7455555555555555 0.3975 0.7255555555555555 0.397
0 0.6377777777777778 0.3815 0.6355555555555555 0.3835 0.6366666666666667 0.3935 0.6455555555555555 0.4015 0.6555555555555556 0.4075 0.6655555555555556 0.4095 0.6833333333333333 0.41 0.69 0.409 0.6977777777777778 0.406 0.71 0.397 0.7077777777777777 0.3885 0.6977777777777778 0.3825 0.6755555555555556 0.3775 0.6533333333333333 0.378
0 0.7277777777777777 0.373 0.7122222222222222 0.383 0.7111111111111111 0.3895 0.7133333333333334 0.3915 0.7255555555555555 0.3955 0.7388888888888889 0.397 0.7533333333333333 0.397 0.7655555555555555 0.395 0.77 0.3925 0.77 0.3865 0.7666666666666667 0.3815 0.7588888888888888 0.376 0.7366666666666667 0.372
0 0.7188888888888889 0.345 0.71 0.346 0.7 0.3525 0.6644444444444444 0.3585 0.6622222222222223 0.361 0.6633333333333333 0.37 0.6711111111111111 0.3765 0.6955555555555556 0.381 0.7166666666666667 0.38 0.7222222222222222 0.3775 0.73 0.371 0.7311111111111112 0.356 0.7277777777777777 0.3495
0 0.7533333333333333 0.3425 0.7444444444444445 0.3445 0.7366666666666667 0.348 0.7322222222222222 0.353 0.7333333333333333 0.3575 0.7611111111111111 0.374 0.7744444444444445 0.3785 0.7833333333333333 0.3785 0.7977777777777778 0.3735 0.8011111111111111 0.369 0.7977777777777778 0.348 0.7922222222222223 0.3445 0.7833333333333333 0.3425
0 0.8177777777777778 0.3375 0.8066666666666666 0.342 0.8022222222222222 0.3495 0.8055555555555556 0.3625 0.8155555555555556 0.368 0.83 0.371 0.8522222222222222 0.37 0.8677777777777778 0.367 0.8888888888888888 0.3565 0.8888888888888888 0.349 0.8711111111111111 0.34 0.8344444444444444 0.336
0 0.8311111111111111 0.3725 0.83 0.3775 0.8466666666666667 0.3915 0.8533333333333334 0.395 0.8711111111111111 0.4005 0.8811111111111111 0.402 0.8933333333333333 0.402 0.9 0.4005 0.9144444444444444 0.3925 0.9177777777777778 0.3875 0.9166666666666666 0.3815 0.9111111111111111 0.377 0.8977777777777778 0.372 0.8755555555555555 0.3685 0.8644444444444445 0.368
0 0.9211111111111111 0.3835 0.9177777777777778 0.3855 0.9155555555555556 0.392 0.9033333333333333 0.4 0.9044444444444445 0.4025 0.9266666666666666 0.41 0.9577777777777777 0.4135 0.97 0.413 0.98 0.411 0.9866666666666667 0.408 0.9911111111111112 0.401 0.99 0.396 0.9844444444444445 0.389 0.9777777777777777 0.3855 0.97 0.3835
0 0.9055555555555556 0.359 0.9022222222222223 0.3645 0.9022222222222223 0.372 0.9177777777777778 0.3795 0.9344444444444444 0.382 0.9555555555555556 0.382 0.9788888888888889 0.3775 0.9833333333333333 0.373 0.9833333333333333 0.3665 0.9766666666666667 0.357 0.9666666666666667 0.3535 0.9522222222222222 0.351 0.9288888888888889 0.351 0.9155555555555556 0.354
0 0.9155555555555556 0.3165 0.9066666666666666 0.32 0.8922222222222222 0.3335 0.8922222222222222 0.339 0.9011111111111111 0.3455 0.9222222222222223 0.35 0.9511111111111111 0.35 0.9588888888888889 0.3455 0.9577777777777777 0.326 0.95 0.321 0.9288888888888889 0.317
0 0.8555555555555555 0.302 0.8266666666666667 0.307 0.8166666666666667 0.313 0.8155555555555556 0.3195 0.8222222222222222 0.328 0.8333333333333334 0.3345 0.8455555555555555 0.3375 0.8655555555555555 0.3385 0.8955555555555555 0.3305 0.8977777777777778 0.322 0.89 0.319 0.89 0.31 0.8844444444444445 0.305 0.8744444444444445 0.3025
0 0.7288888888888889 0.311 0.7188888888888889 0.317 0.7144444444444444 0.3265 0.7266666666666667 0.335 0.7411111111111112 0.337 0.7566666666666667 0.3365 0.7711111111111111 0.3345 0.7844444444444445 0.33 0.7877777777777778 0.327 0.7877777777777778 0.322 0.78 0.3155 0.7577777777777778 0.309 0.74 0.3085
0 0.71 0.3255 0.7 0.324 0.6866666666666666 0.325 0.6688888888888889 0.3325 0.6611111111111111 0.341 0.6644444444444444 0.358 0.6755555555555556 0.358 0.6911111111111111 0.354 0.7011111111111111 0.354 0.7077777777777777 0.348 0.72 0.3445 0.7233333333333334 0.339 0.7233333333333334 0.3335 0.7177777777777777 0.3285
0 0.5622222222222222 0.3595 0.5622222222222222 0.3655 0.5711111111111111 0.373 0.5777777777777777 0.376 0.5988888888888889 0.381 0.6166666666666667 0.382 0.6333333333333333 0.3815 0.6455555555555555 0.379 0.6533333333333333 0.374 0.6555555555555556 0.37 0.6544444444444445 0.3595 0.6477777777777778 0.355 0.6322222222222222 0.35 0.6033333333333334 0.349 0.5866666666666667 0.3505 0.5777777777777777 0.3525
0 0.6444444444444445 0.3175 0.6355555555555555 0.316 0.6222222222222222 0.316 0.6077777777777778 0.3205 0.5988888888888889 0.328 0.5922222222222222 0.346 0.6022222222222222 0.348 0.6311111111111111 0.348 0.6611111111111111 0.341 0.6655555555555556 0.335 0.6644444444444444 0.3295
0 0.5055555555555555 0.3205 0.5044444444444445 0.326 0.5133333333333333 0.337 0.5333333333333333 0.346 0.5477777777777778 0.3475 0.5677777777777778 0.3475 0.5833333333333334 0.3445 0.5911111111111111 0.34 0.5944444444444444 0.3335 0.5933333333333334 0.3235 0.59 0.32 0.5722222222222222 0.3135 0.5555555555555556 0.3115 0.5355555555555556 0.312
0 0.46444444444444444 0.365 0.45444444444444443 0.3765 0.45555555555555555 0.381 0.4633333333333333 0.3885 0.4722222222222222 0.3915 0.4822222222222222 0.393 0.4922222222222222 0.391 0.5011111111111111 0.3905 0.51 0.3915 0.5166666666666667 0.39 0.5233333333333333 0.3845 0.5244444444444445 0.3765 0.5211111111111111 0.3725 0.5088888888888888 0.365 0.48333333333333334 0.362
0 0.49 0.336 0.4722222222222222 0.349 0.4722222222222222 0.354 0.4766666666666667 0.3585 0.48444444444444446 0.3615 0.5077777777777778 0.3645 0.5411111111111111 0.3625 0.55 0.357 0.55 0.352 0.5455555555555556 0.3485 0.5277777777777778 0.345 0.5144444444444445 0.3385 0.5033333333333333 0.3365
0 0.4122222222222222 0.349 0.38333333333333336 0.364 0.3811111111111111 0.3685 0.38222222222222224 0.378 0.38666666666666666 0.3805 0.4022222222222222 0.384 0.44333333333333336 0.3835 0.45111111111111113 0.3805 0.46 0.366 0.4588888888888889 0.3615 0.45555555555555555 0.3585 0.44222222222222224 0.3535 0.4222222222222222 0.3485
0 0.4855555555555556 0.316 0.45444444444444443 0.3145 0.42777777777777776 0.322 0.4222222222222222 0.327 0.41333333333333333 0.331 0.4122222222222222 0.3415 0.4211111111111111 0.3475 0.43 0.35 0.4488888888888889 0.351 0.46555555555555556 0.3475 0.47333333333333333 0.3445 0.4866666666666667 0.3365 0.4911111111111111 0.331 0.49 0.318
0 0.3466666666666667 0.3325 0.3411111111111111 0.342 0.3411111111111111 0.347 0.3488888888888889 0.355 0.36444444444444446 0.362 0.3844444444444444 0.362 0.39666666666666667 0.357 0.40444444444444444 0.35 0.40444444444444444 0.3445 0.4011111111111111 0.3415 0.3933333333333333 0.338 0.36777777777777776 0.3365 0.35333333333333333 0.332
0 0.3055555555555556 0.352 0.29888888888888887 0.3555 0.28555555555555556 0.3675 0.28555555555555556 0.373 0.28888888888888886 0.3765 0.29888888888888887 0.381 0.3333333333333333 0.3865 0.35 0.386 0.36666666666666664 0.383 0.37333333333333335 0.378 0.37333333333333335 0.373 0.36666666666666664 0.3645 0.3477777777777778 0.357 0.32666666666666666 0.3515 0.31666666666666665 0.351
0 0.25555555555555554 0.3355 0.24333333333333335 0.338 0.2388888888888889 0.341 0.2288888888888889 0.3435 0.22333333333333333 0.349 0.2222222222222222 0.354 0.22544444444444445 0.36060000000000003 0.23777777777777778 0.365 0.25555555555555554 0.369 0.2677777777777778 0.3695 0.28444444444444444 0.367 0.29888888888888887 0.3575 0.3 0.345 0.29777777777777775 0.3425 0.28444444444444444 0.337
0 0.21 0.372 0.20666666666666667 0.3755 0.20555555555555555 0.3875 0.20666666666666667 0.3895 0.22111111111111112 0.395 0.2511111111111111 0.395 0.26222222222222225 0.3935 0.27555555555555555 0.3895 0.28 0.385 0.2788888888888889 0.3805 0.27555555555555555 0.377 0.2644444444444444 0.371 0.24 0.3655 0.2288888888888889 0.3655 0.21777777777777776 0.368
0 0.1111111111111111 0.359 0.11 0.3625 0.11444444444444445 0.367 0.11555555555555555 0.3735 0.11888888888888889 0.3775 0.14 0.388 0.15666666666666668 0.3915 0.17222222222222222 0.392 0.18666666666666668 0.3895 0.1988888888888889 0.384 0.20555555555555555 0.374 0.20444444444444446 0.3685 0.2 0.364 0.18777777777777777 0.3585 0.17888888888888888 0.3565 0.13444444444444445 0.3545 0.12222222222222222 0.356
0 0.03111111111111111 0.377 0.021111111111111112 0.3765 0.0 0.378 0.0 0.407 0.005555555555555556 0.407 0.02 0.403 0.03333333333333333 0.3955 0.03666666666666667 0.391 0.03666666666666667 0.3795
0 0.07333333333333333 0.3205 0.06 0.3235 0.052222222222222225 0.327 0.04555555555555556 0.3335 0.04666666666666667 0.34 0.05555555555555555 0.3485 0.06666666666666667 0.3535 0.07777777777777778 0.355 0.09555555555555556 0.3545 0.10888888888888888 0.3515 0.12111111111111111 0.3435 0.12 0.329 0.11222222222222222 0.3245 0.10333333333333333 0.3225 0.08333333333333333 0.32
0 0.13111111111111112 0.325 0.12444444444444444 0.328 0.12111111111111111 0.3325 0.12222222222222222 0.346 0.13555555555555557 0.352 0.14888888888888888 0.3545 0.17888888888888888 0.356 0.20222222222222222 0.3495 0.20555555555555555 0.345 0.19777777777777777 0.339 0.17444444444444446 0.3315 0.16333333333333333 0.3265 0.16111111111111112 0.324 0.15 0.3225
0 0.18333333333333332 0.3055 0.16111111111111112 0.3175 0.16111111111111112 0.3215 0.16555555555555557 0.327 0.17777777777777778 0.3325 0.20444444444444446 0.341 0.2288888888888889 0.341 0.23666666666666666 0.333 0.2388888888888889 0.3265 0.23222222222222222 0.318 0.2222222222222222 0.312 0.20777777777777778 0.306 0.19666666666666666 0.3045
0 0.23 0.296 0.2222222222222222 0.2985 0.22 0.301 0.22111111111111112 0.3105 0.23444444444444446 0.3175 0.2411111111111111 0.326 0.2577777777777778 0.3265 0.27666666666666667 0.3185 0.2777777777777778 0.306 0.2633333333333333 0.3025 0.25222222222222224 0.3015 0.2388888888888889 0.2965
0 0.26 0.3275 0.26 0.3345 0.28555555555555556 0.3375 0.30777777777777776 0.349 0.31777777777777777 0.347 0.3333333333333333 0.3465 0.34 0.342 0.3422222222222222 0.3385 0.34 0.3295 0.3233333333333333 0.3205 0.31222222222222223 0.3175 0.30444444444444446 0.3165 0.28555555555555556 0.317 0.27666666666666667 0.319
0 0.12777777777777777 0.2865 0.11444444444444445 0.2875 0.10333333333333333 0.2905 0.09444444444444444 0.301 0.09444444444444444 0.3145 0.10666666666666667 0.322 0.11777777777777777 0.324 0.13666666666666666 0.3235 0.1511111111111111 0.321 0.15888888888888889 0.318 0.16777777777777778 0.311 0.16555555555555557 0.306 0.15 0.295 0.1388888888888889 0.289
0 0.07222222222222222 0.293 0.058888888888888886 0.291 0.04666666666666667 0.291 0.03 0.295 0.021111111111111112 0.305 0.022222222222222223 0.3165 0.027777777777777776 0.3205 0.04888888888888889 0.3215 0.06444444444444444 0.319 0.07555555555555556 0.3185 0.09 0.315 0.09222222222222222 0.313 0.09222222222222222 0.3025
0 0.0 0.278 0.0 0.3115 0.005555555555555556 0.3115 0.014444444444444444 0.309 0.021111111111111112 0.3045 0.024444444444444446 0.2975 0.024444444444444446 0.29 0.02 0.2825 0.013333333333333334 0.2795
0 0.04111111111111111 0.2645 0.024444444444444446 0.275 0.022222222222222223 0.278 0.024444444444444446 0.2835 0.03666666666666667 0.2885 0.051111111111111114 0.2905 0.07333333333333333 0.2905 0.08666666666666667 0.2875 0.09444444444444444 0.2835 0.09666666666666666 0.279 0.07 0.274 0.04777777777777778 0.263
0 0.15 0.268 0.1388888888888889 0.275 0.1411111111111111 0.2865 0.14888888888888888 0.2935 0.15888888888888889 0.298 0.1688888888888889 0.2995 0.17888888888888888 0.2975 0.19666666666666666 0.298 0.20444444444444446 0.296 0.2111111111111111 0.291 0.21555555555555556 0.28 0.20777777777777778 0.2695 0.2011111111111111 0.2665 0.19 0.264 0.16777777777777778 0.264
0 0.23777777777777778 0.2855 0.23333333333333334 0.292 0.23555555555555555 0.295 0.24333333333333335 0.299 0.25555555555555554 0.302 0.2833333333333333 0.3035 0.29444444444444445 0.301 0.29888888888888887 0.294 0.29888888888888887 0.286 0.2911111111111111 0.2805 0.2833333333333333 0.279 0.2644444444444444 0.279 0.2544444444444444 0.2805
0 0.4 0.301 0.3933333333333333 0.301 0.3811111111111111 0.3035 0.35 0.3215 0.35 0.33 0.36666666666666664 0.3355 0.37777777777777777 0.337 0.3877777777777778 0.337 0.3977777777777778 0.3355 0.4111111111111111 0.328 0.41333333333333333 0.322 0.4122222222222222 0.309 0.4077777777777778 0.3035
0 0.41333333333333333 0.29 0.39444444444444443 0.295 0.3933333333333333 0.2995 0.4077777777777778 0.304 0.4166666666666667 0.318 0.42 0.3195 0.4311111111111111 0.3205 0.46111111111111114 0.3125 0.4633333333333333 0.3085 0.4622222222222222 0.3015 0.45555555555555555 0.2975 0.43666666666666665 0.294 0.42444444444444446 0.29
0 0.5055555555555555 0.281 0.4911111111111111 0.281 0.48444444444444446 0.2845 0.4766666666666667 0.292 0.46444444444444444 0.298 0.4633333333333333 0.3035 0.46555555555555556 0.3075 0.4766666666666667 0.3125 0.4866666666666667 0.313 0.5155555555555555 0.31 0.5244444444444445 0.3065 0.5288888888888889 0.303 0.5222222222222223 0.2885
0 0.55 0.276 0.5344444444444445 0.28 0.5244444444444445 0.288 0.5233333333333333 0.2915 0.53 0.299 0.5477777777777778 0.3085 0.5577777777777778 0.31 0.57 0.31 0.58 0.308 0.59 0.3025 0.5933333333333334 0.295 0.5911111111111111 0.287 0.5855555555555556 0.282 0.5755555555555556 0.2775 0.5633333333333334 0.2755
0 0.6388888888888888 0.2945 0.6344444444444445 0.3005 0.6355555555555555 0.308 0.6455555555555555 0.318 0.6566666666666666 0.3235 0.6677777777777778 0.3255 0.6844444444444444 0.3255 0.6922222222222222 0.3235 0.7088888888888889 0.3225 0.71 0.3185 0.72 0.314 0.7211111111111111 0.3085 0.7155555555555555 0.298 0.7066666666666667 0.293 0.6888888888888889 0.288 0.6711111111111111 0.287 0.6533333333333333 0.2895
0 0.8011111111111111 0.2815 0.7888888888888889 0.2825 0.7777777777777778 0.285 0.7566666666666667 0.2975 0.7555555555555555 0.303 0.7588888888888888 0.3085 0.7677777777777778 0.312 0.7855555555555556 0.3165 0.8077777777777778 0.318 0.8133333333333334 0.317 0.8244444444444444 0.307 0.8255555555555556 0.298 0.8177777777777778 0.285 0.8122222222222222 0.2825
0 0.7466666666666667 0.2625 0.7333333333333333 0.2625 0.7222222222222222 0.2645 0.7111111111111111 0.2705 0.7077777777777777 0.275 0.7077777777777777 0.292 0.7177777777777777 0.2955 0.7255555555555555 0.302 0.7322222222222222 0.3035 0.7377777777777778 0.303 0.7411111111111112 0.3005 0.7566666666666667 0.2975 0.78 0.283 0.78 0.2755 0.7755555555555556 0.271 0.7588888888888888 0.2645
0 0.71 0.244 0.6822222222222222 0.242 0.6533333333333333 0.247 0.6422222222222222 0.255 0.6411111111111111 0.262 0.6455555555555555 0.268 0.6555555555555556 0.273 0.6733333333333333 0.2775 0.6944444444444444 0.2765 0.7077777777777777 0.2735 0.7188888888888889 0.2645 0.72 0.256
0 0.8555555555555555 0.2695 0.8355555555555556 0.2825 0.8366666666666667 0.29 0.8422222222222222 0.294 0.8566666666666667 0.299 0.8722222222222222 0.3015 0.89 0.3015 0.9088888888888889 0.298 0.9133333333333333 0.296 0.9111111111111111 0.2815 0.9077777777777778 0.2785 0.8833333333333333 0.2695
0 0.9022222222222223 0.302 0.9022222222222223 0.3085 0.9177777777777778 0.316 0.9455555555555556 0.3185 0.9655555555555555 0.3185 0.9811111111111112 0.315 0.9833333333333333 0.31 0.9788888888888889 0.3035 0.96 0.304 0.95 0.303 0.9377777777777778 0.296 0.9266666666666666 0.2935
0 0.9277777777777778 0.2695 0.9166666666666666 0.2785 0.9255555555555556 0.2895 0.95 0.303 0.9733333333333334 0.303 0.9777777777777777 0.301 0.9811111111111112 0.297 0.9811111111111112 0.2865 0.9788888888888889 0.277 0.9722222222222222 0.271 0.9611111111111111 0.2675 0.9411111111111111 0.2675
0 0.8822222222222222 0.241 0.8711111111111111 0.2465 0.8666666666666667 0.2505 0.8655555555555555 0.2585 0.87 0.263 0.8855555555555555 0.2685 0.9 0.2705 0.9177777777777778 0.271 0.9333333333333333 0.2675 0.9377777777777778 0.2635 0.9333333333333333 0.26 0.9322222222222222 0.254 0.9244444444444444 0.2485 0.9144444444444444 0.244 0.9033333333333333 0.241
0 0.9788888888888889 0.231 0.9688888888888889 0.233 0.9611111111111111 0.2375 0.9477777777777778 0.2415 0.9377777777777778 0.2505 0.9355555555555556 0.2605 0.9477777777777778 0.266 0.9677777777777777 0.268 0.9755555555555555 0.2675 0.9855555555555555 0.265 0.9933333333333333 0.26 0.9933333333333333 0.2445
0 0.9411111111111111 0.199 0.9344444444444444 0.2015 0.9222222222222223 0.203 0.91 0.207 0.8933333333333333 0.2165 0.8888888888888888 0.2205 0.8877777777777778 0.225 0.9 0.233 0.9166666666666666 0.2375 0.9522222222222222 0.239 0.9588888888888889 0.2375 0.9722222222222222 0.2315 0.9777777777777777 0.218 0.9744444444444444 0.214 0.9666666666666667 0.21 0.9611111111111111 0.203 0.9466666666666667 0.199
0 0.7977777777777778 0.2265 0.7955555555555556 0.233 0.8066666666666666 0.2405 0.8166666666666667 0.244 0.8466666666666667 0.2485 0.8688888888888889 0.2465 0.8833333333333333 0.24 0.8844444444444445 0.227 0.8733333333333333 0.2195 0.86 0.217 0.8377777777777777 0.2165 0.8255555555555556 0.218 0.8144444444444444 0.2225
0 0.7877777777777778 0.226 0.7722222222222223 0.227 0.7522222222222222 0.2265 0.7422222222222222 0.23 0.7366666666666667 0.2345 0.7244444444444444 0.24 0.72 0.244 0.7188888888888889 0.2495 0.7266666666666667 0.2555 0.7411111111111112 0.261 0.76 0.2645 0.77 0.2635 0.78 0.26 0.7977777777777778 0.247 0.8022222222222222 0.2405 0.7988888888888889 0.2355 0.7922222222222223 0.232 0.7922222222222223 0.2285
0 0.7466666666666667 0.2125 0.7111111111111111 0.214 0.6911111111111111 0.218 0.6866666666666666 0.22 0.6844444444444444 0.2235 0.6866666666666666 0.2305 0.6966666666666667 0.2375 0.7166666666666667 0.243 0.7266666666666667 0.2395 0.7533333333333333 0.225 0.7522222222222222 0.2175
0 0.6377777777777778 0.2155 0.6255555555555555 0.218 0.6211111111111111 0.2225 0.6222222222222222 0.233 0.6288888888888889 0.2395 0.6377777777777778 0.2435 0.6477777777777778 0.2455 0.6588888888888889 0.2455 0.68 0.2415 0.6877777777777778 0.2365 0.6877777777777778 0.232 0.6822222222222222 0.2245 0.6677777777777778 0.218 0.6488888888888888 0.215
0 0.7 0.185 0.6877777777777778 0.1845 0.68 0.1855 0.6633333333333333 0.191 0.6566666666666666 0.195 0.6511111111111111 0.2005 0.6488888888888888 0.2095 0.6522222222222223 0.213 0.66 0.216 0.6722222222222223 0.2185 0.6922222222222222 0.218 0.7066666666666667 0.2145 0.7266666666666667 0.2065 0.7277777777777777 0.203 0.7244444444444444 0.196 0.7133333333333334 0.189
0 0.49 0.237 0.4855555555555556 0.239 0.4811111111111111 0.2455 0.4722222222222222 0.2515 0.47333333333333333 0.257 0.4822222222222222 0.264 0.4911111111111111 0.2685 0.5066666666666667 0.271 0.5211111111111111 0.2705 0.5366666666666666 0.268 0.5411111111111111 0.266 0.5422222222222223 0.2615 0.5355555555555556 0.2525 0.5 0.2385
0 0.43666666666666665 0.264 0.42777777777777776 0.2665 0.4177777777777778 0.2745 0.4177777777777778 0.28 0.42333333333333334 0.288 0.43 0.292 0.44666666666666666 0.296 0.4633333333333333 0.2955 0.47444444444444445 0.292 0.4855555555555556 0.2835 0.48777777777777775 0.28 0.4855555555555556 0.2745 0.4777777777777778 0.269 0.4577777777777778 0.2635
0 0.35333333333333333 0.2595 0.3477777777777778 0.2645 0.34555555555555556 0.2725 0.35 0.277 0.36 0.2815 0.37777777777777777 0.2835 0.39666666666666667 0.2825 0.4077777777777778 0.2805 0.4111111111111111 0.2755 0.4111111111111111 0.2685 0.40555555555555556 0.2615 0.39111111111111113 0.255 0.3844444444444444 0.2535 0.36777777777777776 0.253
0 0.39555555555555555 0.231 0.38333333333333336 0.2375 0.3788888888888889 0.2435 0.38555555555555554 0.252 0.4111111111111111 0.262 0.4266666666666667 0.2635 0.45 0.262 0.4577777777777778 0.254 0.4588888888888889 0.2435 0.45444444444444443 0.238 0.44333333333333336 0.233 0.43333333333333335 0.2305 0.4211111111111111 0.2295
0 0.31333333333333335 0.2355 0.30444444444444446 0.236 0.29444444444444445 0.2425 0.2822222222222222 0.2445 0.27555555555555555 0.248 0.27111111111111114 0.254 0.27111111111111114 0.257 0.28444444444444444 0.263 0.2822222222222222 0.267 0.2833333333333333 0.272 0.29444444444444445 0.276 0.3055555555555556 0.277 0.32222222222222224 0.2765 0.3377777777777778 0.274 0.34555555555555556 0.2695 0.3477777777777778 0.266 0.3477777777777778 0.259 0.3377777777777778 0.2475 0.3211111111111111 0.24 0.32 0.236
0 0.27555555555555555 0.2585 0.2644444444444444 0.2585 0.24 0.255 0.2288888888888889 0.255 0.21222222222222223 0.2585 0.2088888888888889 0.2605 0.20777777777777778 0.2695 0.21777777777777776 0.2805 0.23 0.284 0.24 0.2845 0.26222222222222225 0.279 0.27 0.2735 0.2788888888888889 0.27 0.28444444444444444 0.265 0.2833333333333333 0.2615
0 0.16666666666666666 0.235 0.16444444444444445 0.2485 0.17444444444444446 0.257 0.18666666666666668 0.259 0.21333333333333335 0.258 0.22666666666666666 0.2545 0.2388888888888889 0.2495 0.2411111111111111 0.246 0.2388888888888889 0.2405 0.21333333333333335 0.2315 0.18444444444444444 0.23 0.17333333333333334 0.232
0 0.18333333333333332 0.209 0.18333333333333332 0.214 0.18666666666666668 0.2175 0.19555555555555557 0.22 0.2111111111111111 0.23 0.23777777777777778 0.2385 0.26222222222222225 0.237 0.27111111111111114 0.233 0.28 0.221 0.28 0.2155 0.27444444444444444 0.21 0.26222222222222225 0.2085 0.23555555555555555 0.2025 0.22666666666666666 0.2025 0.19444444444444445 0.206
0 0.3211111111111111 0.213 0.31555555555555553 0.218 0.31666666666666665 0.2245 0.3211111111111111 0.228 0.34 0.2355 0.3522222222222222 0.2375 0.36777777777777776 0.2375 0.38333333333333336 0.236 0.3888888888888889 0.234 0.39666666666666667 0.226 0.39555555555555555 0.2175 0.38666666666666666 0.2105 0.3688888888888889 0.206 0.3488888888888889 0.2055 0.33 0.209
0 0.4855555555555556 0.204 0.4777777777777778 0.208 0.46555555555555556 0.22 0.4666666666666667 0.2275 0.47333333333333333 0.232 0.48333333333333334 0.235 0.49666666666666665 0.237 0.53 0.2375 0.5344444444444445 0.2365 0.5422222222222223 0.23 0.5544444444444444 0.229 0.5577777777777778 0.2275 0.56 0.2225 0.5566666666666666 0.219 0.5488888888888889 0.216 0.5433333333333333 0.211 0.5211111111111111 0.203 0.49777777777777776 0.202
0 0.43777777777777777 0.1875 0.4288888888888889 0.1875 0.4177777777777778 0.19 0.41555555555555557 0.2055 0.4066666666666667 0.2105 0.4122222222222222 0.2215 0.4211111111111111 0.2265 0.43 0.2275 0.44 0.2265 0.45222222222222225 0.223 0.4633333333333333 0.2215 0.48 0.2055 0.4766666666666667 0.197 0.4666666666666667 0.192
0 0.35777777777777775 0.1815 0.34555555555555556 0.1885 0.34555555555555556 0.195 0.35888888888888887 0.2025 0.38 0.2085 0.39444444444444443 0.2105 0.40444444444444444 0.209 0.41444444444444445 0.205 0.42 0.1975 0.41888888888888887 0.193 0.40555555555555556 0.1865 0.3788888888888889 0.18
0 0.8055555555555556 0.1835 0.7855555555555556 0.1855 0.7788888888888889 0.1875 0.7722222222222223 0.1925 0.7622222222222222 0.1965 0.7544444444444445 0.207 0.7544444444444445 0.211 0.76 0.216 0.7655555555555555 0.2185 0.7922222222222223 0.224 0.8055555555555556 0.2235 0.8177777777777778 0.22 0.8255555555555556 0.2155 0.8311111111111111 0.2065 0.8311111111111111 0.2 0.8255555555555556 0.191 0.8177777777777778 0.186
0 0.71 0.165 0.7022222222222222 0.1695 0.6988888888888889 0.174 0.7155555555555555 0.1875 0.7355555555555555 0.1975 0.74 0.1985 0.76 0.1975 0.7688888888888888 0.1935 0.7734444444444445 0.19119999999999998 0.7811111111111111 0.1865 0.78 0.1775 0.7711111111111111 0.173 0.7422222222222222 0.166 0.7255555555555555 0.164
0 0.7 0.1515 0.6888888888888889 0.151 0.6733333333333333 0.1525 0.6522222222222223 0.157 0.6377777777777778 0.165 0.6388888888888888 0.1705 0.6588888888888889 0.178 0.6666666666666666 0.1795 0.6855555555555556 0.18 0.6933333333333334 0.178 0.6988888888888889 0.174 0.7022222222222222 0.1685 0.7088888888888889 0.166 0.7111111111111111 0.1635 0.71 0.1595
0 0.6422222222222222 0.175 0.6344444444444445 0.173 0.6222222222222222 0.1735 0.6155555555555555 0.175 0.5911111111111111 0.1865 0.5833333333333334 0.1935 0.5822222222222222 0.2055 0.5866666666666667 0.208 0.6044444444444445 0.207 0.6311111111111111 0.208 0.6477777777777778 0.2035 0.6588888888888889 0.1935 0.6611111111111111 0.189 0.6544444444444445 0.182
0 0.5844444444444444 0.1765 0.57 0.174 0.5522222222222222 0.176 0.54 0.176 0.5255555555555556 0.1805 0.5155555555555555 0.1855 0.5133333333333333 0.189 0.5155555555555555 0.198 0.5355555555555556 0.2075 0.5433333333333333 0.2095 0.5611111111111111 0.209 0.5755555555555556 0.205 0.5888888888888889 0.1865 0.5888888888888889 0.1805
0 0.5211111111111111 0.1495 0.5133333333333333 0.1545 0.5122222222222222 0.1595 0.5166666666666667 0.168 0.5255555555555556 0.1725 0.5344444444444445 0.175 0.5611111111111111 0.1745 0.5688888888888889 0.173 0.5811111111111111 0.166 0.5788888888888889 0.155 0.57 0.15 0.5555555555555556 0.148 0.5311111111111111 0.1475
0 0.5533333333333333 0.116 0.5488888888888889 0.1185 0.5422222222222223 0.127 0.5422222222222223 0.134 0.5511111111111111 0.1415 0.5722222222222222 0.1495 0.5877777777777777 0.151 0.6044444444444445 0.149 0.6166666666666667 0.143 0.6222222222222222 0.135 0.6188888888888889 0.1305 0.6088888888888889 0.124 0.5977777777777777 0.1185 0.5844444444444444 0.115 0.5677777777777778 0.1145
0 0.6766666666666666 0.1005 0.64 0.1 0.6211111111111111 0.1025 0.6066666666666667 0.1085 0.6033333333333334 0.1115 0.6022222222222222 0.1185 0.6266666666666667 0.134 0.6344444444444445 0.135 0.6544444444444445 0.135 0.67 0.1325 0.6733333333333333 0.1275 0.6811111111111111 0.123 0.6866666666666666 0.103
0 0.7333333333333333 0.1015 0.7255555555555555 0.1 0.7133333333333334 0.1 0.7033333333333334 0.1015 0.6933333333333334 0.105 0.6877777777777778 0.1095 0.6811111111111111 0.123 0.6722222222222223 0.129 0.6722222222222223 0.132 0.6822222222222222 0.1365 0.6955555555555556 0.137 0.7277777777777777 0.1345 0.7533333333333333 0.126 0.7555555555555555 0.123 0.7533333333333333 0.111 0.75 0.108
0 0.7944444444444444 0.1315 0.7711111111111111 0.1275 0.7577777777777778 0.1275 0.7466666666666667 0.1285 0.7344444444444445 0.132 0.7155555555555555 0.1455 0.7155555555555555 0.153 0.7233333333333334 0.159 0.7322222222222222 0.163 0.7488888888888889 0.1665 0.77 0.1655 0.7877777777777778 0.1625 0.7977777777777778 0.1585 0.8088888888888889 0.147 0.8066666666666666 0.139
0 0.8288888888888889 0.156 0.8133333333333334 0.1595 0.8022222222222222 0.166 0.8033333333333333 0.175 0.8222222222222222 0.187 0.8333333333333334 0.1895 0.8477777777777777 0.1895 0.8644444444444445 0.185 0.8755555555555555 0.178 0.8744444444444445 0.1705 0.8688888888888889 0.166 0.8566666666666667 0.16 0.84 0.156
0 0.9044444444444445 0.1625 0.8911111111111111 0.1655 0.8811111111111111 0.17 0.8788888888888889 0.178 0.87 0.186 0.8733333333333333 0.193 0.8788888888888889 0.1975 0.89 0.202 0.9088888888888889 0.205 0.9266666666666666 0.2025 0.9377777777777778 0.1995 0.95 0.1935 0.95 0.1865 0.9466666666666667 0.1835 0.9344444444444444 0.1835 0.9311111111111111 0.182 0.9311111111111111 0.177 0.9211111111111111 0.165 0.9111111111111111 0.1625
0 0.9622222222222222 0.153 0.9388888888888889 0.1535 0.9244444444444444 0.1565 0.9222222222222223 0.1665 0.9311111111111111 0.179 0.9366666666666666 0.182 0.9444444444444444 0.1825 0.9588888888888889 0.18 0.9711111111111111 0.1735 0.9744444444444444 0.17 0.9755555555555555 0.1615 0.9711111111111111 0.1565
0 0.9511111111111111 0.115 0.9366666666666666 0.1135 0.9122222222222223 0.115 0.9033333333333333 0.118 0.8911111111111111 0.1285 0.8911111111111111 0.134 0.8944444444444445 0.136 0.9 0.1465 0.9077777777777778 0.153 0.9166666666666666 0.156 0.9277777777777778 0.155 0.9488888888888889 0.15 0.9611111111111111 0.1495 0.9711111111111111 0.146 0.9788888888888889 0.1395 0.9788888888888889 0.1285 0.9655555555555555 0.12
0 0.8822222222222222 0.1185 0.8755555555555555 0.1175 0.8644444444444445 0.1185 0.8411111111111111 0.1245 0.8288888888888889 0.125 0.8211111111111111 0.1295 0.8211111111111111 0.1355 0.83 0.143 0.8388888888888889 0.1465 0.8533333333333334 0.148 0.8644444444444445 0.147 0.8855555555555555 0.1385 0.8911111111111111 0.1225
0 0.8122222222222222 0.0905 0.7955555555555556 0.094 0.7855555555555556 0.098 0.7755555555555556 0.1055 0.7755555555555556 0.112 0.7777777777777778 0.1145 0.7866666666666666 0.118 0.8066666666666666 0.1235 0.8155555555555556 0.1245 0.8344444444444444 0.124 0.8398888888888889 0.12345 0.8443333333333333 0.1221 0.8492222222222222 0.1207 0.8548888888888888 0.1197 0.8555555555555555 0.1155 0.8544444444444445 0.1065 0.8488888888888889 0.0995 0.84 0.093 0.8311111111111111 0.091
0 0.8822222222222222 0.082 0.8711111111111111 0.0875 0.8655555555555555 0.0995 0.8666666666666667 0.1085 0.8711111111111111 0.112 0.88 0.114 0.91 0.1155 0.9222222222222223 0.1115 0.9244444444444444 0.1085 0.9255555555555556 0.1015 0.92 0.093 0.9011111111111111 0.0845 0.8933333333333333 0.0825
0 0.8888888888888888 0.07 0.8866666666666667 0.073 0.89 0.0775 0.9011111111111111 0.084 0.9166666666666666 0.0905 0.9266666666666666 0.091 0.9444444444444444 0.094 0.9566666666666667 0.094 0.9633333333333334 0.092 0.9722222222222222 0.08 0.9722222222222222 0.074 0.9677777777777777 0.0675 0.9555555555555556 0.062 0.9366666666666666 0.06 0.92 0.0605 0.9077777777777778 0.0655
0 0.8244444444444444 0.0725 0.8233333333333334 0.0775 0.8255555555555556 0.0835 0.8366666666666667 0.0905 0.8455555555555555 0.092 0.8577777777777778 0.091 0.8877777777777778 0.0805 0.8811111111111111 0.0715 0.8755555555555555 0.0695 0.8633333333333333 0.07 0.8366666666666667 0.0665 0.8288888888888889 0.068
0 0.7688888888888888 0.0595 0.7544444444444445 0.069 0.7377777777777778 0.075 0.7333333333333333 0.079 0.7333333333333333 0.082 0.7377777777777778 0.087 0.7488888888888889 0.092 0.7611111111111111 0.095 0.7855555555555556 0.0965 0.8022222222222222 0.0925 0.8144444444444444 0.088 0.8211111111111111 0.0815 0.8222222222222222 0.0755 0.8133333333333334 0.068 0.8022222222222222 0.0635 0.7844444444444445 0.06
0 0.8522222222222222 0.0385 0.8444444444444444 0.044 0.8344444444444444 0.0555 0.8344444444444444 0.058 0.8411111111111111 0.065 0.8566666666666667 0.069 0.8844444444444445 0.069 0.9055555555555556 0.066 0.9122222222222223 0.062 0.9122222222222223 0.0565 0.9 0.048 0.8766666666666667 0.0385 0.8677777777777778 0.0375
0 0.8966666666666666 0.0135 0.8933333333333333 0.017 0.8955555555555555 0.025 0.8866666666666667 0.033 0.8888888888888888 0.037 0.8944444444444445 0.0405 0.9077777777777778 0.0455 0.9244444444444444 0.048 0.9366666666666666 0.0475 0.9511111111111111 0.0445 0.9633333333333334 0.0345 0.9633333333333334 0.0245 0.9577777777777777 0.019 0.9477777777777778 0.015 0.9277777777777778 0.0115 0.9166666666666666 0.011
0 0.8655555555555555 0.006 0.8711111111111111 0.0085 0.8888888888888888 0.012 0.9088888888888889 0.0115 0.94 0.006 0.9488888888888889 0.0025 0.9488888888888889 0.0 0.8655555555555555 0.0
0 0.7822222222222223 0.0095 0.7822222222222223 0.0125 0.7855555555555556 0.0155 0.8 0.02 0.8088888888888889 0.021 0.8388888888888889 0.02 0.8544444444444445 0.0125 0.8533333333333334 0.0 0.7933333333333333 0.0 0.7922222222222223 0.003
0 0.8644444444444445 0.011 0.8555555555555555 0.0125 0.8466666666666667 0.0165 0.8388888888888889 0.0225 0.8366666666666667 0.0295 0.8422222222222222 0.0335 0.8488888888888889 0.0355 0.8744444444444445 0.0365 0.8822222222222222 0.0335 0.8922222222222222 0.027 0.8955555555555555 0.021 0.8833333333333333 0.0125 0.8758888888888888 0.01125
0 0.7811111111111111 0.0245 0.7633333333333333 0.033 0.7622222222222222 0.0445 0.7644444444444445 0.047 0.7777777777777778 0.053 0.7955555555555556 0.057 0.8111111111111111 0.059 0.8244444444444444 0.0585 0.8344444444444444 0.054 0.8444444444444444 0.044 0.8455555555555555 0.0395 0.8411111111111111 0.033 0.8355555555555556 0.0305 0.81 0.0245 0.7988888888888889 0.0235
0 0.7211111111111111 0.0 0.7233333333333334 0.004 0.7311111111111112 0.0075 0.75 0.0135 0.7566666666666667 0.014 0.7777777777777778 0.0115 0.7844444444444445 0.0085 0.7911111111111111 0.003 0.7911111111111111 0.0
0 0.6755555555555556 0.0 0.6755555555555556 0.0025 0.6811111111111111 0.005 0.6944444444444444 0.0075 0.71 0.0075 0.7211111111111111 0.003 0.7211111111111111 0.0
0 0.6911111111111111 0.0175 0.6877777777777778 0.0255 0.6922222222222222 0.0325 0.7 0.0355 0.7211111111111111 0.038 0.7444444444444445 0.0375 0.7588888888888888 0.035 0.7644444444444445 0.0315 0.7655555555555555 0.0255 0.7577777777777778 0.0165 0.7388888888888889 0.0115 0.7311111111111112 0.0105 0.7077777777777777 0.011
0 0.7622222222222222 0.046 0.7566666666666667 0.043 0.7411111111111112 0.0385 0.73 0.0385 0.7211111111111111 0.04 0.7055555555555556 0.046 0.6822222222222222 0.0625 0.6822222222222222 0.0705 0.6911111111111111 0.0725 0.7177777777777777 0.073 0.7577777777777778 0.066 0.7666666666666667 0.0605 0.7677777777777778 0.052
0 0.03777777777777778 0.193 0.035555555555555556 0.197 0.03666666666666667 0.2095 0.04666666666666667 0.2125 0.06111111111111111 0.213 0.07 0.2165 0.08555555555555555 0.2165 0.10444444444444445 0.2145 0.11777777777777777 0.208 0.11888888888888889 0.201 0.11 0.1925 0.09222222222222222 0.186 0.07333333333333333 0.1855 0.04666666666666667 0.1895
0 0.6566666666666666 0.065 0.6393333333333333 0.06975 0.6344444444444445 0.0785 0.6344444444444445 0.088 0.6377777777777778 0.0915 0.6444444444444445 0.0945 0.6722222222222223 0.0995 0.6933333333333334 0.1 0.6955555555555556 0.098 0.71 0.096 0.7266666666666667 0.0905 0.73 0.088 0.7311111111111112 0.083 0.7288888888888889 0.0805 0.7155555555555555 0.074 0.6855555555555556 0.0715 0.6755555555555556 0.063
0 0.6311111111111111 0.034 0.6255555555555555 0.037 0.6266666666666667 0.0415 0.6377777777777778 0.047 0.6433333333333333 0.053 0.6522222222222223 0.057 0.6655555555555556 0.0605 0.6766666666666666 0.061 0.6833333333333333 0.06 0.6922222222222222 0.0565 0.7044444444444444 0.045 0.6977777777777778 0.037 0.6922222222222222 0.0345 0.6811111111111111 0.032 0.6611111111111111 0.031 0.6388888888888888 0.032
0 0.6033333333333334 0.006 0.6011111111111112 0.009 0.6011111111111112 0.0255 0.6122222222222222 0.0295 0.6355555555555555 0.032 0.6511111111111111 0.0315 0.6744444444444444 0.027 0.6788888888888889 0.025 0.6811111111111111 0.0225 0.6788888888888889 0.012 0.6755555555555556 0.0075 0.6633333333333333 0.0015 0.6633333333333333 0.0 0.6133333333333333 0.0 0.6133333333333333 0.0015
0 0.6377777777777778 0.048 0.6222222222222222 0.0425 0.6011111111111112 0.044 0.5822222222222222 0.0475 0.57 0.0525 0.5655555555555556 0.0565 0.5666666666666667 0.065 0.5766666666666667 0.07 0.6044444444444445 0.075 0.62 0.0755 0.6333333333333333 0.073 0.6411111111111111 0.069 0.6422222222222222 0.0525
0 0.5322222222222223 0.079 0.5255555555555556 0.0845 0.5344444444444445 0.096 0.5422222222222223 0.1005 0.5688888888888889 0.1075 0.5833333333333334 0.109 0.6022222222222222 0.108 0.6122222222222222 0.105 0.6244444444444445 0.098 0.6244444444444445 0.085 0.6077777777777778 0.0785 0.56 0.0735 0.5433333333333333 0.076
0 0.51 0.1145 0.49777777777777776 0.114 0.4766666666666667 0.117 0.4666666666666667 0.125 0.4622222222222222 0.135 0.46555555555555556 0.141 0.4722222222222222 0.1465 0.4677777777777778 0.15 0.4666666666666667 0.1545 0.4722222222222222 0.1585 0.48 0.16 0.4922222222222222 0.1605 0.49666666666666665 0.1595 0.53 0.145 0.5411111111111111 0.1345 0.5411111111111111 0.127 0.5366666666666666 0.1215 0.5266666666666666 0.117
0 0.46 0.136 0.43222222222222223 0.1285 0.42333333333333334 0.1275 0.4033333333333333 0.1285 0.3933333333333333 0.1335 0.3877777777777778 0.141 0.3877777777777778 0.1535 0.3933333333333333 0.162 0.4011111111111111 0.1645 0.41444444444444445 0.164 0.43333333333333335 0.1605 0.4488888888888889 0.156 0.46444444444444444 0.1465 0.46444444444444444 0.141
0 0.37555555555555553 0.167 0.37222222222222223 0.173 0.37555555555555553 0.1775 0.3988888888888889 0.1845 0.4077777777777778 0.185 0.41888888888888887 0.1835 0.4311111111111111 0.178 0.43222222222222223 0.1695 0.4222222222222222 0.164 0.40444444444444444 0.1635 0.39444444444444443 0.161 0.3844444444444444 0.163
0 0.37 0.125 0.35888888888888887 0.1255 0.3433333333333333 0.129 0.3233333333333333 0.1395 0.31777777777777777 0.147 0.31777777777777777 0.154 0.3233333333333333 0.159 0.3377777777777778 0.1635 0.36333333333333334 0.165 0.37777777777777777 0.162 0.38555555555555554 0.1565 0.3844444444444444 0.1375
0 0.37555555555555553 0.1035 0.37222222222222223 0.111 0.37555555555555553 0.1235 0.3888888888888889 0.1275 0.4022222222222222 0.128 0.43777777777777777 0.123 0.44555555555555554 0.1195 0.4411111111111111 0.1085 0.4177777777777778 0.0995 0.4088888888888889 0.098 0.3877777777777778 0.098
0 0.5188888888888888 0.086 0.5066666666666667 0.084 0.48777777777777775 0.084 0.46111111111111114 0.086 0.4477777777777778 0.0895 0.44333333333333336 0.0925 0.4444444444444444 0.1005 0.4533333333333333 0.1105 0.46111111111111114 0.115 0.47555555555555556 0.117 0.5033333333333333 0.1125 0.5155555555555555 0.1075 0.5277777777777778 0.097 0.5266666666666666 0.091
0 0.4388888888888889 0.0655 0.43222222222222223 0.0645 0.42 0.065 0.39555555555555555 0.0695 0.39111111111111113 0.0725 0.39 0.0815 0.3933333333333333 0.0885 0.3988888888888889 0.0915 0.4122222222222222 0.0955 0.44 0.0935 0.45666666666666667 0.084 0.45666666666666667 0.0795 0.4488888888888889 0.0705
0 0.5055555555555555 0.0365 0.4888888888888889 0.0405 0.4722222222222222 0.0515 0.47 0.065 0.49 0.0735 0.5044444444444445 0.0755 0.5133333333333333 0.0755 0.5344444444444445 0.07 0.5388888888888889 0.0675 0.5444444444444444 0.0605 0.5444444444444444 0.052 0.54 0.044 0.5311111111111111 0.0395 0.52 0.0365
0 0.5611111111111111 0.0255 0.5544444444444444 0.02 0.5444444444444444 0.015 0.5355555555555556 0.013 0.5166666666666667 0.014 0.49444444444444446 0.021 0.4888888888888889 0.025 0.4855555555555556 0.031 0.4811111111111111 0.0325 0.48444444444444446 0.0375 0.49 0.0385 0.5066666666666667 0.036 0.5166666666666667 0.036 0.5344444444444445 0.0405 0.5444444444444444 0.041 0.5555555555555556 0.039 0.5622222222222222 0.035
0 0.5033333333333333 0.0 0.5044444444444445 0.004 0.5122222222222222 0.0085 0.5222222222222223 0.0115 0.5466666666666666 0.0125 0.57 0.0095 0.5777777777777777 0.006 0.58 0.0
0 0.4311111111111111 0.0 0.4288888888888889 0.0055 0.43 0.011 0.43666666666666665 0.0175 0.45111111111111113 0.0245 0.45666666666666667 0.026 0.4666666666666667 0.0265 0.48333333333333334 0.023 0.48777777777777775 0.021 0.4955555555555556 0.014 0.4922222222222222 0.0
0 0.42444444444444446 0.031 0.4122222222222222 0.037 0.4077777777777778 0.0415 0.4066666666666667 0.049 0.41 0.053 0.4211111111111111 0.0585 0.43333333333333335 0.0625 0.4428888888888889 0.06445000000000001 0.45511111111111113 0.0659 0.46644444444444444 0.06275 0.47055555555555556 0.0531 0.47 0.045 0.4577777777777778 0.0345 0.44222222222222224 0.031
0 0.3522222222222222 0.0445 0.3477777777777778 0.0615 0.3611111111111111 0.0675 0.37222222222222223 0.0705 0.38222222222222224 0.071 0.3988888888888889 0.0685 0.4122222222222222 0.0645 0.4122222222222222 0.0565 0.4088888888888889 0.0535 0.3877777777777778 0.0445 0.37444444444444447 0.042 0.35888888888888887 0.0425
0 0.42 0.014 0.40555555555555556 0.012 0.39222222222222225 0.0125 0.3711111111111111 0.0155 0.36 0.0195 0.35555555555555557 0.025 0.35777777777777775 0.03 0.37666666666666665 0.0405 0.3844444444444444 0.042 0.4033333333333333 0.041 0.4177777777777778 0.0335 0.42333333333333334 0.023 0.42333333333333334 0.0165
0 0.3233333333333333 0.0 0.3233333333333333 0.006 0.32555555555555554 0.008 0.3422222222222222 0.0155 0.3622222222222222 0.0175 0.38 0.0145 0.3844444444444444 0.012 0.3877777777777778 0.0065 0.3877777777777778 0.0
0 0.26 0.016 0.25666666666666665 0.021 0.25666666666666665 0.0275 0.2588888888888889 0.0305 0.26666666666666666 0.0335 0.28444444444444444 0.0345 0.31666666666666665 0.03 0.32666666666666666 0.03 0.33 0.028 0.33 0.023 0.32 0.016 0.2966666666666667 0.0095 0.2733333333333333 0.0095 0.2644444444444444 0.0125
0 0.21777777777777776 0.0 0.21888888888888888 0.003 0.22777777777777777 0.007 0.25666666666666665 0.0115 0.2822222222222222 0.0085 0.2877777777777778 0.0035 0.2877777777777778 0.0
0 0.3288888888888889 0.036 0.3211111111111111 0.036 0.29777777777777775 0.0405 0.29 0.044 0.28555555555555556 0.049 0.28444444444444444 0.055 0.28888888888888886 0.0605 0.29777777777777775 0.0645 0.30777777777777776 0.0665 0.32555555555555554 0.0655 0.3377777777777778 0.0635 0.34444444444444444 0.061 0.3488888888888889 0.0565 0.3477777777777778 0.0445
0 0.3433333333333333 0.0645 0.33444444444444443 0.0675 0.3322222222222222 0.072 0.32555555555555554 0.076 0.32222222222222224 0.082 0.32555555555555554 0.091 0.33444444444444443 0.0955 0.3422222222222222 0.097 0.36333333333333334 0.0975 0.38 0.096 0.38666666666666666 0.092 0.38666666666666666 0.086 0.38222222222222224 0.076 0.35333333333333333 0.0645
0 0.30733333333333335 0.09684999999999999 0.29844444444444446 0.10275 0.3 0.1085 0.3031111111111111 0.11265 0.30777777777777776 0.1155 0.3277777777777778 0.124 0.34555555555555556 0.125 0.3511111111111111 0.1235 0.36444444444444446 0.1145 0.3688888888888889 0.1095 0.3688888888888889 0.1065 0.36333333333333334 0.101 0.36 0.0995 0.3411111111111111 0.0975 0.31666666666666665 0.0975
0 0.26555555555555554 0.115 0.25333333333333335 0.12 0.24555555555555555 0.126 0.24555555555555555 0.135 0.26 0.1435 0.2822222222222222 0.1475 0.30444444444444446 0.147 0.31444444444444447 0.145 0.32555555555555554 0.1355 0.32666666666666666 0.13 0.3233333333333333 0.123 0.30777777777777776 0.1155 0.29777777777777775 0.113 0.2811111111111111 0.1125
0 0.21222222222222223 0.1315 0.20044444444444445 0.13355 0.19466666666666665 0.1328 0.18766666666666668 0.1356 0.18666666666666668 0.14 0.18555555555555556 0.1425 0.17888888888888888 0.1465 0.17666666666666667 0.151 0.18444444444444444 0.159 0.1988888888888889 0.165 0.2088888888888889 0.1665 0.22 0.1665 0.23333333333333334 0.164 0.25555555555555554 0.154 0.2577777777777778 0.152 0.2577777777777778 0.1465 0.25333333333333335 0.1405 0.24333333333333335 0.136 0.22333333333333333 0.1315
0 0.3111111111111111 0.1505 0.30333333333333334 0.149 0.2877777777777778 0.149 0.26766666666666666 0.15145 0.25666666666666665 0.1565 0.2511111111111111 0.1625 0.25 0.169 0.25222222222222224 0.174 0.2577777777777778 0.177 0.27555555555555555 0.18 0.28888888888888886 0.18 0.30666666666666664 0.1785 0.32 0.1745 0.3233333333333333 0.1705 0.32222222222222224 0.161
0 0.13333333333333333 0.1375 0.12555555555555556 0.149 0.12555555555555556 0.1585 0.12777777777777777 0.162 0.14 0.1675 0.16 0.1675 0.1711111111111111 0.1655 0.1811111111111111 0.159 0.17888888888888888 0.154 0.17222222222222222 0.149 0.1511111111111111 0.141
0 0.25 0.166 0.23333333333333334 0.1655 0.2288888888888889 0.167 0.21888888888888888 0.1675 0.20333333333333334 0.1665 0.18555555555555556 0.168 0.17666666666666667 0.1705 0.1711111111111111 0.1735 0.1711111111111111 0.178 0.17444444444444446 0.184 0.18222222222222223 0.191 0.1922222222222222 0.193 0.20666666666666667 0.193 0.21777777777777776 0.1905 0.24666666666666667 0.178 0.25 0.175
0 0.29888888888888887 0.183 0.28888888888888886 0.1885 0.29 0.2015 0.29333333333333333 0.2045 0.31444444444444447 0.2085 0.3277777777777778 0.2085 0.3422222222222222 0.2055 0.34444444444444444 0.203 0.3433333333333333 0.196 0.3377777777777778 0.189 0.33111111111111113 0.1855 0.3188888888888889 0.182 0.30777777777777776 0.1815
0 0.24666666666666667 0.1795 0.22444444444444445 0.1885 0.22444444444444445 0.195 0.22777777777777777 0.199 0.23555555555555555 0.2025 0.2644444444444444 0.209 0.27444444444444444 0.209 0.28444444444444444 0.207 0.29 0.204 0.2911111111111111 0.197 0.28888888888888886 0.1905 0.28 0.1815 0.2633333333333333 0.1785
0 0.14444444444444443 0.2075 0.13444444444444445 0.206 0.12333333333333334 0.208 0.10111111111111111 0.218 0.09333333333333334 0.23 0.09666666666666666 0.2345 0.10222222222222223 0.237 0.11222222222222222 0.2385 0.13666666666666666 0.238 0.15222222222222223 0.236 0.16333333333333333 0.232 0.16555555555555557 0.2265 0.16333333333333333 0.2185 0.15333333333333332 0.211
0 0.14333333333333334 0.243 0.12555555555555556 0.243 0.11333333333333333 0.2475 0.11444444444444445 0.2605 0.10555555555555556 0.2725 0.10777777777777778 0.275 0.11555555555555555 0.277 0.13111111111111112 0.2755 0.1411111111111111 0.272 0.14444444444444443 0.2704 0.1491111111111111 0.26775 0.16 0.2655 0.16666666666666666 0.262 0.16777777777777778 0.255 0.15888888888888889 0.2485
0 0.07444444444444444 0.237 0.06 0.2395 0.04666666666666667 0.244 0.04111111111111111 0.251 0.04111111111111111 0.257 0.044444444444444446 0.262 0.06777777777777778 0.274 0.08 0.277 0.09444444444444444 0.278 0.09777777777777778 0.277 0.10111111111111111 0.272 0.1111111111111111 0.2645 0.11333333333333333 0.2585 0.11222222222222222 0.2475 0.10666666666666667 0.2425 0.09777777777777778 0.238 0.09333333333333334 0.237
0 0.0 0.239 0.0 0.2765 0.014444444444444444 0.2775 0.03666666666666667 0.267 0.04 0.26 0.03888888888888889 0.252 0.028888888888888888 0.244 0.017777777777777778 0.242 0.012222222222222223 0.2395
0 0.013333333333333334 0.2125 0.006666666666666667 0.221 0.0044444444444444444 0.2325 0.005555555555555556 0.2345 0.02 0.2405 0.03222222222222222 0.2425 0.04777777777777778 0.2425 0.07 0.237 0.09 0.235 0.09111111111111111 0.232 0.08444444444444445 0.2285 0.07666666666666666 0.22 0.06777777777777778 0.217 0.043333333333333335 0.214 0.03111111111111111 0.2105
0 0.13444444444444445 0.1685 0.12 0.1725 0.10888888888888888 0.1775 0.10444444444444445 0.183 0.10666666666666667 0.1895 0.11555555555555555 0.195 0.13 0.2015 0.1461111111111111 0.2058 0.16244444444444442 0.20675 0.17677777777777778 0.20545 0.17888888888888888 0.1945 0.18 0.1895 0.17444444444444446 0.1845 0.17222222222222222 0.1775 0.16555555555555557 0.1725 0.15333333333333332 0.169
0 0.013333333333333334 0.1805 0.0 0.1815 0.0 0.21 0.023333333333333334 0.2095 0.03222222222222222 0.206 0.03777777777777778 0.1875 0.03 0.183
0 0.0 0.1525 0.0 0.1805 0.014444444444444444 0.1805 0.03222222222222222 0.184 0.056666666666666664 0.1855 0.06333333333333334 0.1815 0.051111111111111114 0.17 0.043333333333333335 0.1655 0.04 0.158 0.03111111111111111 0.1515 0.01888888888888889 0.15
0 0.10111111111111111 0.1445 0.07888888888888888 0.144 0.06333333333333334 0.146 0.056666666666666664 0.1485 0.04555555555555556 0.158 0.043333333333333335 0.1615 0.04555555555555556 0.167 0.06777777777777778 0.1825 0.08444444444444445 0.183 0.09333333333333334 0.182 0.10444444444444445 0.178 0.1101111111111111 0.174 0.11555555555555555 0.167 0.11777777777777777 0.1625 0.11555555555555555 0.154 0.10888888888888888 0.148
0 0.11555555555555555 0.1225 0.10111111111111111 0.118 0.08555555555555555 0.119 0.07 0.123 0.056666666666666664 0.135 0.06444444444444444 0.1395 0.08222222222222222 0.1425 0.1 0.143 0.11 0.142 0.12 0.1395 0.12444444444444444 0.1375 0.12555555555555556 0.135
0 0.0 0.131 0.0 0.1515 0.005555555555555556 0.1515 0.017777777777777778 0.149 0.02 0.1425 0.015555555555555555 0.136 0.0044444444444444444 0.131
0 0.0 0.1035 0.0 0.1295 0.0033333333333333335 0.1295 0.011111111111111112 0.134 0.021111111111111112 0.137 0.03333333333333333 0.1375 0.05 0.1355 0.06777777777777778 0.124 0.06777777777777778 0.1185 0.06111111111111111 0.1135 0.05 0.1085 0.04 0.106 0.014444444444444444 0.1035
0 0.1411111111111111 0.112 0.12444444444444444 0.1185 0.12111111111111111 0.1225 0.12111111111111111 0.127 0.12666666666666668 0.133 0.13555555555555557 0.1375 0.15222222222222223 0.1415 0.17888888888888888 0.1395 0.18666666666666668 0.1315 0.18 0.119 0.1688888888888889 0.1135 0.15333333333333332 0.11
0 0.2311111111111111 0.098 0.22 0.0975 0.21444444444444444 0.0985 0.19444444444444445 0.107 0.18444444444444444 0.119 0.18666666666666668 0.1275 0.19333333333333333 0.132 0.22333333333333333 0.1305 0.23666666666666666 0.126 0.24444444444444444 0.125 0.2544444444444444 0.1195 0.2577777777777778 0.116 0.25555555555555554 0.111 0.24555555555555555 0.103
0 0.23777777777777778 0.0705 0.2288888888888889 0.0755 0.22333333333333333 0.0845 0.22333333333333333 0.0905 0.22777777777777777 0.096 0.2477777777777778 0.1025 0.2833333333333333 0.1035 0.29555555555555557 0.102 0.3111111111111111 0.0935 0.3111111111111111 0.0865 0.30444444444444446 0.0805 0.2833333333333333 0.073 0.2677777777777778 0.0695 0.25222222222222224 0.0685
0 0.20666666666666667 0.0765 0.19666666666666666 0.0745 0.1688888888888889 0.0755 0.15555555555555556 0.08 0.1511111111111111 0.083 0.14777777777777779 0.0925 0.15222222222222223 0.101 0.15777777777777777 0.1035 0.1688888888888889 0.105 0.19666666666666666 0.1055 0.20777777777777778 0.102 0.21333333333333335 0.096 0.21666666666666667 0.083 0.21444444444444444 0.08
0 0.12777777777777777 0.086 0.12333333333333334 0.086 0.1111111111111111 0.09 0.09888888888888889 0.092 0.09444444444444444 0.0945 0.09111111111111111 0.0995 0.09 0.108 0.09111111111111111 0.1105 0.1 0.1155 0.12666666666666668 0.1155 0.15 0.108 0.15444444444444444 0.104 0.14666666666666667 0.094
0 0.12777777777777777 0.065 0.11888888888888889 0.0635 0.09444444444444444 0.0625 0.08222222222222222 0.0635 0.07 0.0665 0.06111111111111111 0.07 0.057777777777777775 0.073 0.058888888888888886 0.0805 0.06444444444444444 0.0855 0.07666666666666666 0.09 0.08555555555555555 0.0915 0.10111111111111111 0.0915 0.10888888888888888 0.0895 0.12444444444444444 0.0825 0.13111111111111112 0.0685
0 0.0 0.059 0.0 0.093 0.008888888888888889 0.093 0.021111111111111112 0.091 0.034444444444444444 0.086 0.04111111111111111 0.081 0.042222222222222223 0.0755 0.03888888888888889 0.0705 0.025555555555555557 0.063 0.015555555555555555 0.0605
0 0.04666666666666667 0.029 0.03333333333333333 0.0315 0.021111111111111112 0.0365 0.012222222222222223 0.044 0.012222222222222223 0.049 0.024444444444444446 0.06 0.04 0.062 0.04888888888888889 0.0645 0.057777777777777775 0.065 0.07111111111111111 0.062 0.08222222222222222 0.0565 0.08444444444444445 0.054 0.08444444444444445 0.0425 0.07777777777777778 0.0365 0.06777777777777778 0.032 0.056666666666666664 0.0295
0 0.16777777777777778 0.0335 0.1511111111111111 0.0325 0.12777777777777777 0.0375 0.11777777777777777 0.042 0.11555555555555555 0.0445 0.11666666666666667 0.0555 0.12222222222222222 0.0625 0.1288888888888889 0.065 0.13777777777777778 0.0665 0.15222222222222223 0.0665 0.16777777777777778 0.0635 0.17222222222222222 0.0605 0.17888888888888888 0.0525 0.1811111111111111 0.0405 0.17666666666666667 0.036
0 0.24888888888888888 0.0435 0.2411111111111111 0.0415 0.23444444444444446 0.0415 0.22333333333333333 0.0435 0.20666666666666667 0.054 0.19666666666666666 0.058 0.18444444444444444 0.0595 0.1811111111111111 0.061 0.17444444444444446 0.068 0.17888888888888888 0.072 0.18444444444444444 0.073 0.22666666666666666 0.0735 0.24222222222222223 0.0695 0.2588888888888889 0.0675 0.26222222222222225 0.064 0.26222222222222225 0.0555 0.26 0.0515
0 0.22444444444444445 0.0115 0.20666666666666667 0.011 0.19666666666666666 0.013 0.18222222222222223 0.02 0.17666666666666667 0.025 0.18 0.0365 0.19333333333333333 0.044 0.22111111111111112 0.043 0.2388888888888889 0.038 0.24888888888888888 0.037 0.25333333333333335 0.0335 0.25222222222222224 0.0245 0.24888888888888888 0.0205 0.23555555555555555 0.0145
0 0.12455555555555554 0.00055 0.11855555555555555 0.0013 0.11222222222222222 0.004 0.10777777777777778 0.01 0.12444444444444444 0.0285 0.13111111111111112 0.0295 0.15444444444444444 0.0295 0.15888888888888889 0.0285 0.17222222222222222 0.0145 0.17222222222222222 0.009 0.16777777777777778 0.004 0.15922222222222224 0.00155 0.15266666666666667 0.00065
0 0.0 0.0 0.0 0.0305 0.016666666666666666 0.031 0.03333333333333333 0.0285 0.044444444444444446 0.0245 0.04888888888888889 0.0205 0.05 0.013 0.044444444444444446 0.0055 0.03866666666666666 0.00215 0.031222222222222224 0.00025
0 0.06966666666666667 0.0003 0.07944444444444444 0.00135 0.10966666666666668 0.003 0.11555555555555555 0.002 0.122 0.0003
