0 0.5685185185185185 0.8276041666666667 0.5652777777777778 0.8265625 0.5574074074074075 0.8276041666666667 0.5449074074074074 0.8270833333333333 0.537962962962963 0.8299479166666667 0.5361111111111111 0.83359375 0.5402777777777777 0.83984375 0.5444444444444444 0.84140625 0.5532407407407407 0.8416666666666667 0.5680555555555555 0.8375 0.5708333333333333 0.8359375 0.5717592592592593 0.834375
0 0.5342592592592592 0.8260416666666667 0.5277777777777778 0.8234375 0.5199074074074074 0.8221354166666667 0.5143518518518518 0.8221354166666667 0.5064814814814815 0.8236979166666667 0.500462962962963 0.8268229166666666 0.4981481481481482 0.8296875 0.49722222222222223 0.8328125 0.4981481481481482 0.8380208333333333 0.5023148148148148 0.8401041666666667 0.5115740740740741 0.8401041666666667 0.5296296296296297 0.8380208333333333 0.5337962962962963 0.8354166666666667 0.537962962962963 0.8307291666666666 0.537962962962963 0.8296875
0 0.4615740740740741 0.8208333333333333 0.4587962962962963 0.8260416666666667 0.4587962962962963 0.8302083333333333 0.46111111111111114 0.8317708333333333 0.46805555555555556 0.8322916666666667 0.47129629629629627 0.8341145833333333 0.475462962962963 0.8348958333333333 0.4875 0.8341145833333333 0.49027777777777776 0.8325520833333333 0.4935185185185185 0.8283854166666667 0.49398148148148147 0.8252604166666667 0.49166666666666664 0.8221354166666667 0.48518518518518516 0.8184895833333333 0.48009259259259257 0.8174479166666667 0.4740740740740741 0.8171875 0.4666666666666667 0.8184895833333333
0 0.40370370370370373 0.8338541666666667 0.40324074074074073 0.8380208333333333 0.4101851851851852 0.8395833333333333 0.41435185185185186 0.8416666666666667 0.41898148148148145 0.8427083333333333 0.4351851851851852 0.8421875 0.44074074074074077 0.8411458333333334 0.4425925925925926 0.8401041666666667 0.4439814814814815 0.8380208333333333 0.4444444444444444 0.8328125 0.4425925925925926 0.83046875 0.43657407407407406 0.8276041666666667 0.42916666666666664 0.82578125 0.41944444444444445 0.82578125 0.412962962962963 0.82734375 0.4083333333333333 0.8299479166666667
0 0.350462962962963 0.81484375 0.3458333333333333 0.8184895833333333 0.34444444444444444 0.821875 0.34444444444444444 0.8268229166666666 0.3476851851851852 0.8315104166666667 0.35833333333333334 0.8369791666666667 0.36435185185185187 0.8359375 0.37175925925925923 0.8317708333333333 0.37453703703703706 0.8260416666666667 0.3731481481481482 0.821875 0.3685185185185185 0.81796875 0.36435185185185187 0.8161458333333333 0.35833333333333334 0.8145833333333333
0 0.33425925925925926 0.8236979166666667 0.32731481481481484 0.8221354166666667 0.3175925925925926 0.8221354166666667 0.30694444444444446 0.8265625 0.30416666666666664 0.8283854166666667 0.30324074074074076 0.8299479166666667 0.29768518518518516 0.83203125 0.2962962962962963 0.8338541666666667 0.2967592592592593 0.8348958333333333 0.3013888888888889 0.83828125 0.30787037037037035 0.8401041666666667 0.31712962962962965 0.8401041666666667 0.3226851851851852 0.8390625 0.3296296296296296 0.83671875 0.33564814814814814 0.8325520833333333 0.3375 0.8302083333333333 0.3375 0.82578125
0 0.6097222222222223 0.7903645833333334 0.6046296296296296 0.79453125 0.6027777777777777 0.7986979166666667 0.6037037037037037 0.8015625 0.6050925925925926 0.80234375 0.6106481481481482 0.8028645833333333 0.6175925925925926 0.8044270833333333 0.624537037037037 0.8046875 0.6296296296296297 0.8041666666666667 0.6356481481481482 0.8018229166666667 0.6370370370370371 0.7997395833333333 0.637962962962963 0.79453125 0.6328703703703704 0.7908854166666667 0.6222222222222222 0.7885416666666667 0.6143518518518518 0.7888020833333333
0 0.6347222222222222 0.803125 0.6305555555555555 0.8052083333333333 0.6273148148148148 0.8104166666666667 0.6273148148148148 0.8145833333333333 0.6287037037037037 0.8182291666666667 0.6319444444444444 0.821875 0.6351851851851852 0.8236979166666667 0.6416666666666667 0.825 0.649537037037037 0.825 0.6518518518518519 0.8229166666666666 0.6518518518518519 0.8184895833333333 0.6555555555555556 0.81484375 0.6555555555555556 0.8098958333333334 0.6532407407407408 0.8067708333333333 0.649537037037037 0.80390625 0.6430555555555556 0.80234375
0 0.6356481481481482 0.7666666666666667 0.6310185185185185 0.7643229166666666 0.6259259259259259 0.7630208333333334 0.6189814814814815 0.7627604166666667 0.611574074074074 0.7638020833333333 0.6064814814814815 0.7661458333333333 0.6018518518518519 0.7703125 0.6 0.7747395833333334 0.600462962962963 0.7768229166666667 0.6037037037037037 0.77890625 0.6078703703703704 0.7799479166666666 0.6157407407407407 0.7802083333333333 0.6282407407407408 0.77890625 0.6342592592592593 0.7760416666666666 0.6393518518518518 0.775 0.6398148148148148 0.77109375
0 0.6680555555555555 0.77109375 0.6685185185185185 0.7744791666666667 0.6699074074074074 0.7765625 0.6754629629629629 0.7791666666666667 0.6833333333333333 0.7807291666666667 0.6898148148148148 0.7807291666666667 0.6958333333333333 0.7794270833333333 0.7018518518518518 0.7755208333333333 0.7032407407407407 0.7721354166666666 0.7018518518518518 0.7697916666666667 0.6990740740740741 0.76875 0.6912037037037037 0.76875 0.6773148148148148 0.7674479166666667 0.6699074074074074 0.76875
0 0.5648148148148148 0.7479166666666667 0.5671296296296297 0.7559895833333333 0.5717592592592593 0.7611979166666667 0.5745370370370371 0.7658854166666667 0.5791666666666667 0.7682291666666666 0.5837962962962963 0.7677083333333333 0.586574074074074 0.7661458333333333 0.5898148148148148 0.7609375 0.5893518518518519 0.7559895833333333 0.587037037037037 0.7518229166666667 0.5800925925925926 0.7486979166666666
0 0.19027777777777777 0.79296875 0.18518518518518517 0.7947916666666667 0.1824074074074074 0.7973958333333333 0.1814814814814815 0.79921875 0.18287037037037038 0.8026041666666667 0.18611111111111112 0.8052083333333333 0.19074074074074074 0.8109375 0.1935185185185185 0.81171875 0.19768518518518519 0.8145833333333333 0.2050925925925926 0.81484375 0.21203703703703702 0.8109375 0.2152777777777778 0.8075520833333333 0.2162037037037037 0.80234375 0.21203703703703702 0.7971354166666667 0.20787037037037037 0.7947916666666667 0.1986111111111111 0.7927083333333333
0 0.16296296296296298 0.7421875 0.1597222222222222 0.7442708333333333 0.16435185185185186 0.7481770833333333 0.17314814814814813 0.7580729166666667 0.17824074074074073 0.7598958333333333 0.18472222222222223 0.7598958333333333 0.1875 0.7588541666666667 0.1912037037037037 0.7559895833333333 0.19305555555555556 0.7520833333333333 0.19212962962962962 0.7479166666666667 0.18935185185185185 0.7447916666666666 0.18425925925925926 0.7424479166666667 0.17731481481481481 0.7408854166666666 0.16898148148148148 0.7408854166666666
0 0.18472222222222223 0.6606770833333333 0.17453703703703705 0.6619791666666667 0.1699074074074074 0.6651041666666667 0.16712962962962963 0.6697916666666667 0.16666666666666666 0.6739583333333333 0.1699074074074074 0.6770833333333334 0.1726851851851852 0.6778645833333333 0.17824074074074073 0.678125 0.18055555555555555 0.6776041666666667 0.18935185185185185 0.6739583333333333 0.19166666666666668 0.6721354166666667 0.1925925925925926 0.6705729166666666 0.1925925925925926 0.6658854166666667
0 0.33425925925925926 0.6143229166666667 0.3300925925925926 0.6169270833333333 0.3282407407407407 0.6190104166666667 0.32731481481481484 0.6229166666666667 0.3282407407407407 0.6236979166666666 0.3337962962962963 0.6252604166666667 0.33796296296296297 0.6276041666666666 0.34444444444444444 0.6294270833333333 0.3537037037037037 0.6296875 0.3578703703703704 0.62890625 0.36157407407407405 0.6270833333333333 0.36527777777777776 0.6234375 0.3648148148148148 0.61875 0.3587962962962963 0.6145833333333334 0.3509259259259259 0.6125 0.3453703703703704 0.6122395833333333 0.3398148148148148 0.6127604166666667
0 0.40879629629629627 0.6111979166666667 0.4060185185185185 0.6143229166666667 0.40694444444444444 0.6190104166666667 0.41203703703703703 0.6229166666666667 0.41944444444444445 0.62578125 0.425462962962963 0.6265625 0.43472222222222223 0.62578125 0.4393518518518518 0.6234375 0.44351851851851853 0.6192708333333333 0.44351851851851853 0.6151041666666667 0.4412037037037037 0.6145833333333334 0.43333333333333335 0.6106770833333334 0.4185185185185185 0.6091145833333333 0.4125 0.6098958333333333
0 0.4356481481481482 0.6502604166666667 0.43333333333333335 0.6515625 0.4324074074074074 0.6549479166666666 0.4300925925925926 0.6578125 0.4300925925925926 0.6625 0.43287037037037035 0.665625 0.44074074074074077 0.66875 0.44814814814814813 0.66875 0.4527777777777778 0.6661458333333333 0.45601851851851855 0.6622395833333333 0.4564814814814815 0.65703125 0.4550925925925926 0.65390625 0.4527777777777778 0.6518229166666667 0.44814814814814813 0.65 0.44027777777777777 0.6497395833333334
0 0.5254629629629629 0.6489583333333333 0.5199074074074074 0.6541666666666667 0.5189814814814815 0.6575520833333334 0.5203703703703704 0.6622395833333333 0.524074074074074 0.665625 0.5305555555555556 0.6677083333333333 0.5365740740740741 0.6682291666666667 0.5458333333333333 0.6677083333333333 0.5504629629629629 0.66640625 0.5518518518518518 0.6640625 0.5518518518518518 0.6611979166666667 0.549537037037037 0.6580729166666667 0.5356481481481481 0.64921875 0.5314814814814814 0.6479166666666667
0 0.7689814814814815 0.6276041666666666 0.7597222222222222 0.62734375 0.7541666666666667 0.6286458333333333 0.749537037037037 0.6309895833333333 0.7449074074074075 0.63515625 0.7430555555555556 0.6385416666666667 0.7439814814814815 0.6424479166666667 0.7476851851851852 0.6458333333333334 0.7527777777777778 0.6484375 0.7541666666666667 0.6484375 0.7643518518518518 0.6427083333333333 0.7712962962962963 0.634375 0.7722222222222223 0.6299479166666667
0 0.45185185185185184 0.5916666666666667 0.44907407407407407 0.5953125 0.45185185185185184 0.6 0.4615740740740741 0.6057291666666667 0.4685185185185185 0.60859375 0.4759259259259259 0.60859375 0.48009259259259257 0.6036458333333333 0.48148148148148145 0.6 0.48009259259259257 0.5955729166666667 0.47685185185185186 0.59296875 0.47129629629629627 0.5908854166666667 0.4634259259259259 0.5901041666666667
0 0.35 0.5544270833333333 0.34814814814814815 0.55546875 0.3458333333333333 0.5591145833333333 0.3435185185185185 0.5604166666666667 0.34305555555555556 0.5653645833333333 0.3439814814814815 0.56796875 0.350462962962963 0.5744791666666667 0.35509259259259257 0.5760416666666667 0.3587962962962963 0.5763020833333333 0.3648148148148148 0.5747395833333333 0.36898148148148147 0.5723958333333333 0.37222222222222223 0.5684895833333333 0.3731481481481482 0.5643229166666667 0.37037037037037035 0.5598958333333334 0.3648148148148148 0.5567708333333333 0.35833333333333334 0.5549479166666667
0 0.3402777777777778 0.5661458333333333 0.3296296296296296 0.565625 0.325 0.5682291666666667 0.3226851851851852 0.5716145833333334 0.3212962962962963 0.5760416666666667 0.32175925925925924 0.58046875 0.32546296296296295 0.5841145833333333 0.3300925925925926 0.5854166666666667 0.3388888888888889 0.5838541666666667 0.34629629629629627 0.5802083333333333 0.3490740740740741 0.5765625 0.3490740740740741 0.571875 0.34444444444444444 0.5677083333333334
0 0.30925925925925923 0.54375 0.3050925925925926 0.5447916666666667 0.30185185185185187 0.5471354166666667 0.30185185185185187 0.55390625 0.30925925925925923 0.56015625 0.31712962962962965 0.5609375 0.3226851851851852 0.559375 0.32731481481481484 0.55703125 0.3287037037037037 0.55234375 0.32314814814814813 0.54453125 0.3175925925925926 0.5434895833333333
0 0.3435185185185185 0.5041666666666667 0.33611111111111114 0.5041666666666667 0.3212962962962963 0.5057291666666667 0.31805555555555554 0.5067708333333333 0.3143518518518518 0.5096354166666667 0.3148148148148148 0.5143229166666666 0.3175925925925926 0.5177083333333333 0.32314814814814813 0.51953125 0.32916666666666666 0.5200520833333333 0.33611111111111114 0.5192708333333333 0.3416666666666667 0.5177083333333333 0.3476851851851852 0.5138020833333333 0.34814814814814815 0.5096354166666667
0 0.2777777777777778 0.49713541666666666 0.2740740740740741 0.4979166666666667 0.26990740740740743 0.5002604166666667 0.2652777777777778 0.5018229166666667 0.26666666666666666 0.5098958333333333 0.274537037037037 0.5122395833333333 0.2814814814814815 0.5130208333333334 0.2865740740740741 0.5122395833333333 0.2898148148148148 0.5106770833333333 0.29305555555555557 0.5072916666666667 0.2935185185185185 0.5033854166666667 0.29259259259259257 0.50078125 0.28888888888888886 0.4981770833333333 0.2828703703703704 0.49713541666666666
0 0.24212962962962964 0.46171875 0.23842592592592593 0.4635416666666667 0.23472222222222222 0.4666666666666667 0.23472222222222222 0.4713541666666667 0.23703703703703705 0.4739583333333333 0.23935185185185184 0.47552083333333334 0.2462962962962963 0.47760416666666666 0.2537037037037037 0.478125 0.26064814814814813 0.4765625 0.26435185185185184 0.4744791666666667 0.2652777777777778 0.47109375 0.2625 0.46770833333333334 0.25324074074074077 0.46197916666666666 0.24675925925925926 0.4609375
0 0.45 0.4666666666666667 0.449537037037037 0.4708333333333333 0.4527777777777778 0.47369791666666666 0.4564814814814815 0.47552083333333334 0.46805555555555556 0.478125 0.475462962962963 0.47734375 0.4828703703703704 0.47734375 0.4847222222222222 0.47552083333333334 0.4847222222222222 0.4703125 0.48333333333333334 0.46796875 0.4791666666666667 0.46484375 0.47314814814814815 0.4627604166666667 0.4699074074074074 0.4622395833333333 0.45925925925925926 0.4625 0.4550925925925926 0.46380208333333334
0 0.5041666666666667 0.4705729166666667 0.5013888888888889 0.47421875 0.5018518518518519 0.4786458333333333 0.5037037037037037 0.48098958333333336 0.5069444444444444 0.4830729166666667 0.5101851851851852 0.484375 0.5180555555555556 0.48489583333333336 0.5300925925925926 0.4825520833333333 0.5319444444444444 0.4783854166666667 0.5277777777777778 0.47760416666666666 0.5166666666666667 0.4703125 0.5101851851851852 0.46875
0 0.43425925925925923 0.4901041666666667 0.4199074074074074 0.49270833333333336 0.4166666666666667 0.49713541666666666 0.4111111111111111 0.5020833333333333 0.41064814814814815 0.5059895833333333 0.4134259259259259 0.5075520833333333 0.41898148148148145 0.5088541666666667 0.4263888888888889 0.50859375 0.4393518518518518 0.5020833333333333 0.4398148148148148 0.4973958333333333 0.43796296296296294 0.4940104166666667
0 0.25092592592592594 0.53671875 0.24675925925925926 0.5338541666666666 0.23981481481481481 0.5317708333333333 0.2324074074074074 0.5322916666666667 0.22314814814814815 0.5356770833333333 0.2162037037037037 0.5408854166666667 0.21666666666666667 0.5450520833333333 0.22175925925925927 0.5458333333333333 0.23194444444444445 0.5489583333333333 0.2412037037037037 0.5486979166666667 0.24675925925925926 0.5466145833333333 0.25092592592592594 0.54140625
0 0.2449074074074074 0.5513020833333333 0.2412037037037037 0.5520833333333334 0.2388888888888889 0.5536458333333333 0.2351851851851852 0.56015625 0.2351851851851852 0.5653645833333333 0.23657407407407408 0.5682291666666667 0.23935185185185184 0.5700520833333333 0.24675925925925926 0.5703125 0.2537037037037037 0.5669270833333333 0.25833333333333336 0.5622395833333333 0.25925925925925924 0.559375 0.2587962962962963 0.55625 0.25601851851851853 0.5533854166666666 0.2537037037037037 0.55234375
0 0.6763888888888889 0.48359375 0.6731481481481482 0.484375 0.6699074074074074 0.48671875 0.6666666666666666 0.4903645833333333 0.6652777777777777 0.49453125 0.6699074074074074 0.5002604166666667 0.6759259259259259 0.5020833333333333 0.6842592592592592 0.5028645833333333 0.687962962962963 0.5020833333333333 0.6925925925925925 0.49921875 0.6939814814814815 0.49765625 0.6944444444444444 0.49296875 0.6902777777777778 0.48802083333333335 0.6875 0.4861979166666667
0 0.8444444444444444 0.47161458333333334 0.8412037037037037 0.475 0.8407407407407408 0.4791666666666667 0.8453703703703703 0.4864583333333333 0.850462962962963 0.4895833333333333 0.8578703703703704 0.48984375 0.8638888888888889 0.4864583333333333 0.8662037037037037 0.48333333333333334 0.8648148148148148 0.47734375 0.8564814814814815 0.47239583333333335 0.8523148148148149 0.4713541666666667
0 0.6472222222222223 0.55859375 0.6439814814814815 0.56015625 0.6425925925925926 0.5638020833333334 0.6425925925925926 0.5684895833333333 0.6449074074074074 0.5723958333333333 0.6476851851851851 0.5747395833333333 0.6523148148148148 0.5768229166666666 0.6550925925925926 0.57734375 0.663425925925926 0.57734375 0.6666666666666666 0.5763020833333333 0.6666666666666666 0.5677083333333334 0.663425925925926 0.5627604166666667 0.6564814814814814 0.5588541666666667 0.6523148148148148 0.5583333333333333
0 0.600925925925926 0.4401041666666667 0.5930555555555556 0.4393229166666667 0.5879629629629629 0.440625 0.5814814814814815 0.4434895833333333 0.575462962962963 0.44505208333333335 0.5726851851851852 0.4466145833333333 0.5731481481481482 0.44895833333333335 0.5763888888888888 0.4513020833333333 0.5800925925925926 0.45234375 0.5875 0.45286458333333335 0.5935185185185186 0.4513020833333333 0.5990740740740741 0.4484375 0.600925925925926 0.4466145833333333 0.6023148148148149 0.44375
0 0.586574074074074 0.40911458333333334 0.5819444444444445 0.41171875 0.5819444444444445 0.4161458333333333 0.587037037037037 0.41901041666666666 0.5916666666666667 0.4200520833333333 0.5967592592592592 0.42213541666666665 0.6078703703703704 0.4239583333333333 0.612037037037037 0.4197916666666667 0.6138888888888889 0.4161458333333333 0.6125 0.4119791666666667 0.6074074074074074 0.40911458333333334 0.6018518518518519 0.4075520833333333 0.5935185185185186 0.4075520833333333
0 0.6773148148148148 0.4203125 0.6717592592592593 0.41953125 0.6625 0.4197916666666667 0.6560185185185186 0.42161458333333335 0.6546296296296297 0.4234375 0.6550925925925926 0.428125 0.6564814814814814 0.43072916666666666 0.6597222222222222 0.4328125 0.662962962962963 0.43385416666666665 0.6703703703703704 0.43385416666666665 0.6773148148148148 0.4315104166666667 0.6800925925925926 0.428125 0.6796296296296296 0.4234375
0 0.712037037037037 0.4041666666666667 0.7046296296296296 0.4049479166666667 0.6976851851851852 0.40677083333333336 0.6939814814814815 0.40859375 0.6907407407407408 0.4114583333333333 0.6907407407407408 0.41770833333333335 0.6953703703703704 0.42109375 0.7032407407407407 0.4234375 0.712037037037037 0.42265625 0.7157407407407408 0.41848958333333336 0.7171296296296297 0.41119791666666666 0.7148148148148148 0.40625
0 0.711574074074074 0.3776041666666667 0.7106481481481481 0.38125 0.7134259259259259 0.38515625 0.7185185185185186 0.38776041666666666 0.7245370370370371 0.3890625 0.7333333333333333 0.3888020833333333 0.737037037037037 0.3875 0.7416666666666667 0.3848958333333333 0.7444444444444445 0.3809895833333333 0.7398148148148148 0.3770833333333333 0.7351851851851852 0.37604166666666666 0.7180555555555556 0.37526041666666665 0.7129629629629629 0.3765625
0 0.736574074074074 0.3690104166666667 0.736574074074074 0.37604166666666666 0.7439814814814815 0.3802083333333333 0.7541666666666667 0.38046875 0.7606481481481482 0.37942708333333336 0.7680555555555556 0.3770833333333333 0.7680555555555556 0.371875 0.7625 0.3692708333333333 0.750462962962963 0.36770833333333336 0.7439814814814815 0.36770833333333336
0 0.7 0.32786458333333335 0.6990740740740741 0.3294270833333333 0.6995370370370371 0.3338541666666667 0.7027777777777777 0.33697916666666666 0.7092592592592593 0.34010416666666665 0.7194444444444444 0.3411458333333333 0.725925925925926 0.34010416666666665 0.7300925925925926 0.3380208333333333 0.7310185185185185 0.33541666666666664 0.7305555555555555 0.3302083333333333 0.725925925925926 0.32708333333333334 0.7189814814814814 0.32578125 0.7092592592592593 0.3260416666666667 0.7046296296296296 0.3255208333333333
0 0.8282407407407407 0.321875 0.825 0.32135416666666666 0.8157407407407408 0.3216145833333333 0.8111111111111111 0.32317708333333334 0.8046296296296296 0.3268229166666667 0.8023148148148148 0.3302083333333333 0.8078703703703703 0.33697916666666666 0.812962962962963 0.3385416666666667 0.8175925925925925 0.33880208333333334 0.825925925925926 0.33619791666666665 0.8351851851851851 0.33046875 0.8337962962962963 0.3263020833333333
0 0.8023148148148148 0.340625 0.8018518518518518 0.34296875 0.8041666666666667 0.34713541666666664 0.8083333333333333 0.3497395833333333 0.8152777777777778 0.35104166666666664 0.825462962962963 0.35052083333333334 0.8300925925925926 0.34921875 0.8351851851851851 0.3458333333333333 0.8342592592592593 0.3416666666666667 0.8296296296296296 0.3390625 0.825925925925926 0.33828125 0.8162037037037037 0.3380208333333333 0.8087962962962963 0.3385416666666667
0 0.7689814814814815 0.4041666666666667 0.7689814814814815 0.4083333333333333 0.774074074074074 0.41171875 0.7800925925925926 0.41302083333333334 0.7912037037037037 0.41302083333333334 0.8023148148148148 0.40989583333333335 0.8050925925925926 0.4083333333333333 0.8037037037037037 0.4046875 0.8004629629629629 0.40182291666666664 0.7949074074074074 0.39921875 0.7902777777777777 0.39817708333333335 0.7805555555555556 0.39869791666666665 0.775 0.4002604166666667
0 0.7787037037037037 0.41380208333333335 0.7759259259259259 0.41484375 0.774074074074074 0.41796875 0.774074074074074 0.42291666666666666 0.775 0.4244791666666667 0.7787037037037037 0.4265625 0.7824074074074074 0.4276041666666667 0.7893518518518519 0.4278645833333333 0.7953703703703704 0.42578125 0.7986111111111112 0.4205729166666667 0.7972222222222223 0.4153645833333333 0.7953703703703704 0.41432291666666665 0.7912037037037037 0.41380208333333335
0 0.5074074074074074 0.39140625 0.5041666666666667 0.3927083333333333 0.5013888888888889 0.3958333333333333 0.5 0.40078125 0.5037037037037037 0.4049479166666667 0.5064814814814815 0.40677083333333336 0.5106481481481482 0.4078125 0.5138888888888888 0.40963541666666664 0.5175925925925926 0.41015625 0.5231481481481481 0.4083333333333333 0.5282407407407408 0.4049479166666667 0.5287037037037037 0.4 0.525 0.39609375 0.5199074074074074 0.3932291666666667 0.5115740740740741 0.39114583333333336
0 0.4888888888888889 0.39921875 0.48518518518518516 0.4005208333333333 0.4824074074074074 0.4036458333333333 0.4810185185185185 0.40729166666666666 0.48194444444444445 0.4125 0.48935185185185187 0.41692708333333334 0.49675925925925923 0.41640625 0.5037037037037037 0.41432291666666665 0.5055555555555555 0.4127604166666667 0.5064814814814815 0.4078125 0.49907407407407406 0.40208333333333335 0.49398148148148147 0.4
0 0.5231481481481481 0.3453125 0.5236111111111111 0.346875 0.5310185185185186 0.35052083333333334 0.5365740740740741 0.3515625 0.5467592592592593 0.3515625 0.55 0.35104166666666664 0.5532407407407407 0.3497395833333333 0.5541666666666667 0.34739583333333335 0.5537037037037037 0.34427083333333336 0.549537037037037 0.3411458333333333 0.5462962962962963 0.33984375 0.5398148148148149 0.3390625 0.5310185185185186 0.34036458333333336 0.5268518518518519 0.3421875
0 0.5416666666666666 0.3260416666666667 0.538425925925926 0.3299479166666667 0.5407407407407407 0.33307291666666666 0.5444444444444444 0.33515625 0.5518518518518518 0.3377604166666667 0.5592592592592592 0.33828125 0.5657407407407408 0.33671875 0.5699074074074074 0.3341145833333333 0.5731481481481482 0.33046875 0.5731481481481482 0.3260416666666667 0.5685185185185185 0.32578125 0.562962962962963 0.32369791666666664 0.5574074074074075 0.3234375 0.5509259259259259 0.32395833333333335
0 0.5879629629629629 0.3190104166666667 0.586574074074074 0.3190104166666667 0.5828703703703704 0.32135416666666666 0.5800925925925926 0.3221354166666667 0.5787037037037037 0.32421875 0.575925925925926 0.3260416666666667 0.5763888888888888 0.33046875 0.5787037037037037 0.3338541666666667 0.5819444444444445 0.33645833333333336 0.586574074074074 0.3380208333333333 0.5925925925925926 0.33671875 0.5962962962962963 0.334375 0.5986111111111111 0.3341145833333333 0.5995370370370371 0.3296875 0.5930555555555556 0.32057291666666665
0 0.6486111111111111 0.3182291666666667 0.6509259259259259 0.3223958333333333 0.6550925925925926 0.32447916666666665 0.6583333333333333 0.325 0.6703703703703704 0.32447916666666665 0.6777777777777778 0.3223958333333333 0.6800925925925926 0.31979166666666664 0.6800925925925926 0.31796875 0.6773148148148148 0.31484375 0.6736111111111112 0.31302083333333336 0.6689814814814815 0.31197916666666664 0.6620370370370371 0.31197916666666664 0.6555555555555556 0.31328125 0.6518518518518519 0.3151041666666667
0 0.6888888888888889 0.2752604166666667 0.6847222222222222 0.27395833333333336 0.675 0.27421875 0.6694444444444444 0.2752604166666667 0.6638888888888889 0.27838541666666666 0.6601851851851852 0.2833333333333333 0.6606481481481481 0.2872395833333333 0.6643518518518519 0.2911458333333333 0.6685185185185185 0.2921875 0.6712962962962963 0.2921875 0.6773148148148148 0.290625 0.6824074074074075 0.28802083333333334 0.6861111111111111 0.28541666666666665 0.6875 0.2828125 0.6912037037037037 0.2794270833333333
0 0.7078703703703704 0.2830729166666667 0.7037037037037037 0.2864583333333333 0.7055555555555556 0.2911458333333333 0.7162037037037037 0.29661458333333335 0.725462962962963 0.29791666666666666 0.7273148148148149 0.29739583333333336 0.7337962962962963 0.29192708333333334 0.7337962962962963 0.28828125 0.7319444444444444 0.28567708333333336 0.7273148148148149 0.2830729166666667 0.7199074074074074 0.28151041666666665 0.7134259259259259 0.28177083333333336
0 0.7379629629629629 0.296875 0.7310185185185185 0.3026041666666667 0.7310185185185185 0.30755208333333334 0.7333333333333333 0.3109375 0.7384259259259259 0.31354166666666666 0.7444444444444445 0.3145833333333333 0.7541666666666667 0.3140625 0.7606481481481482 0.31015625 0.7620370370370371 0.3067708333333333 0.7606481481481482 0.30442708333333335 0.7439814814814815 0.29713541666666665 0.7412037037037037 0.29661458333333335
0 0.7953703703703704 0.31328125 0.7893518518518519 0.31197916666666664 0.7810185185185186 0.31145833333333334 0.7736111111111111 0.3125 0.7689814814814815 0.3143229166666667 0.7662037037037037 0.31666666666666665 0.7657407407407407 0.31979166666666664 0.7671296296296296 0.32369791666666664 0.7694444444444445 0.3255208333333333 0.774074074074074 0.32708333333333334 0.7837962962962963 0.3263020833333333 0.7972222222222223 0.31953125 0.7981481481481482 0.3177083333333333 0.7967592592592593 0.3143229166666667
0 0.7083333333333334 0.3065104166666667 0.7037037037037037 0.30859375 0.6976851851851852 0.31276041666666665 0.6958333333333333 0.3184895833333333 0.6967592592592593 0.32005208333333335 0.7037037037037037 0.32526041666666666 0.711574074074074 0.3263020833333333 0.7199074074074074 0.3260416666666667 0.7236111111111111 0.32447916666666665 0.725925925925926 0.32057291666666665 0.725 0.3151041666666667 0.7226851851851852 0.31223958333333335 0.7152777777777778 0.30833333333333335 0.7129629629629629 0.30625
0 0.8490740740740741 0.2833333333333333 0.8449074074074074 0.284375 0.8421296296296297 0.2869791666666667 0.8412037037037037 0.28984375 0.8412037037037037 0.2989583333333333 0.8439814814814814 0.3015625 0.8490740740740741 0.3028645833333333 0.8523148148148149 0.3028645833333333 0.8578703703703704 0.3015625 0.861574074074074 0.2994791666666667 0.8648148148148148 0.2955729166666667 0.8648148148148148 0.29401041666666666 0.8629629629629629 0.28984375 0.8601851851851852 0.2875 0.8546296296296296 0.28411458333333334 0.8518518518518519 0.2833333333333333
0 0.8115740740740741 0.2513020833333333 0.8064814814814815 0.25390625 0.8050925925925926 0.25546875 0.8087962962962963 0.26223958333333336 0.8115740740740741 0.2638020833333333 0.8222222222222222 0.26666666666666666 0.8300925925925926 0.26666666666666666 0.8328703703703704 0.2638020833333333 0.8337962962962963 0.26067708333333334 0.8337962962962963 0.2552083333333333 0.8310185185185185 0.25234375 0.8236111111111111 0.24921875 0.8152777777777778 0.25026041666666665
0 0.8296296296296296 0.24348958333333334 0.8245370370370371 0.24817708333333333 0.8263888888888888 0.25078125 0.8328703703703704 0.25625 0.8361111111111111 0.25703125 0.8472222222222222 0.2559895833333333 0.8518518518518519 0.25390625 0.8537037037037037 0.25234375 0.8537037037037037 0.24869791666666666 0.8527777777777777 0.24609375 0.850462962962963 0.24453125 0.8439814814814814 0.24270833333333333 0.8379629629629629 0.2421875
0 0.8495370370370371 0.22942708333333334 0.8435185185185186 0.23046875 0.837037037037037 0.2328125 0.8337962962962963 0.2359375 0.8333333333333334 0.24114583333333334 0.8347222222222223 0.24270833333333333 0.8425925925925926 0.24401041666666667 0.850925925925926 0.24661458333333333 0.8578703703703704 0.24296875 0.8583333333333333 0.23828125 0.8550925925925926 0.23125 0.8523148148148149 0.2296875
0 0.8152777777777778 0.23151041666666666 0.8101851851851852 0.23411458333333332 0.8064814814814815 0.23828125 0.8037037037037037 0.24010416666666667 0.8027777777777778 0.24505208333333334 0.8037037037037037 0.24635416666666668 0.8064814814814815 0.24739583333333334 0.8148148148148148 0.24791666666666667 0.8226851851851852 0.24765625 0.8291666666666667 0.24427083333333333 0.8296296296296296 0.23932291666666666 0.8287037037037037 0.23645833333333333 0.8212962962962963 0.23255208333333333
0 0.5847222222222223 0.22838541666666667 0.5851851851851851 0.23333333333333334 0.5888888888888889 0.23723958333333334 0.5944444444444444 0.240625 0.5986111111111111 0.24140625 0.6069444444444444 0.24088541666666666 0.6148148148148148 0.23645833333333333 0.6152777777777778 0.23229166666666667 0.6083333333333333 0.2296875 0.6018518518518519 0.22838541666666667 0.5995370370370371 0.22682291666666668 0.5935185185185186 0.22526041666666666 0.5907407407407408 0.22682291666666668
0 0.5796296296296296 0.21067708333333332 0.5740740740740741 0.20963541666666666 0.5657407407407408 0.20989583333333334 0.5550925925925926 0.21536458333333333 0.5537037037037037 0.21953125 0.5546296296296296 0.22161458333333334 0.5587962962962963 0.2234375 0.5652777777777778 0.22421875 0.5731481481481482 0.22369791666666666 0.5782407407407407 0.221875 0.5805555555555556 0.22005208333333334 0.5824074074074074 0.21692708333333333 0.5819444444444445 0.2125
0 0.5597222222222222 0.23567708333333334 0.5578703703703703 0.23541666666666666 0.5518518518518518 0.23671875 0.5467592592592593 0.23958333333333334 0.538425925925926 0.24322916666666666 0.5351851851851852 0.24401041666666667 0.5333333333333333 0.24817708333333333 0.537962962962963 0.24973958333333332 0.5453703703703704 0.25 0.5527777777777778 0.24947916666666667 0.5592592592592592 0.24739583333333334 0.562037037037037 0.24270833333333333 0.562037037037037 0.23958333333333334
0 0.5398148148148149 0.2630208333333333 0.5388888888888889 0.2677083333333333 0.5402777777777777 0.2708333333333333 0.5449074074074074 0.27395833333333336 0.5523148148148148 0.2760416666666667 0.5587962962962963 0.2752604166666667 0.5657407407407408 0.27239583333333334 0.5680555555555555 0.2674479166666667 0.5662037037037037 0.26510416666666664 0.5527777777777778 0.26119791666666664 0.5444444444444444 0.26119791666666664
0 0.5587962962962963 0.27708333333333335 0.5518518518518518 0.27578125 0.5486111111111112 0.27786458333333336 0.5407407407407407 0.2877604166666667 0.537962962962963 0.29010416666666666 0.537962962962963 0.29453125 0.5453703703703704 0.29453125 0.5564814814814815 0.2921875 0.5615740740740741 0.28984375 0.562962962962963 0.2864583333333333 0.562962962962963 0.2828125
0 0.5634259259259259 0.2916666666666667 0.5601851851851852 0.2908854166666667 0.5546296296296296 0.29140625 0.537962962962963 0.2955729166666667 0.5361111111111111 0.2984375 0.537962962962963 0.30364583333333334 0.5449074074074074 0.3059895833333333 0.5523148148148148 0.30625 0.5592592592592592 0.3046875 0.562962962962963 0.3026041666666667 0.5648148148148148 0.29921875 0.5648148148148148 0.29348958333333336
0 0.4625 0.3109375 0.4546296296296296 0.31145833333333334 0.45185185185185184 0.31223958333333335 0.44074074074074077 0.3177083333333333 0.44027777777777777 0.31875 0.44212962962962965 0.3229166666666667 0.4476851851851852 0.3265625 0.4546296296296296 0.32786458333333335 0.4625 0.32734375 0.4685185185185185 0.32526041666666666 0.4736111111111111 0.321875 0.47638888888888886 0.3184895833333333 0.4740740740740741 0.31484375 0.46944444444444444 0.31276041666666665
0 0.38287037037037036 0.28984375 0.38055555555555554 0.2908854166666667 0.38055555555555554 0.29583333333333334 0.38287037037037036 0.29921875 0.3921296296296296 0.30572916666666666 0.3990740740740741 0.30442708333333335 0.4023148148148148 0.3026041666666667 0.4046296296296296 0.29973958333333334 0.40324074074074073 0.29401041666666666 0.39861111111111114 0.2908854166666667 0.39490740740740743 0.28984375 0.38981481481481484 0.28932291666666665
0 0.34953703703703703 0.27057291666666666 0.3435185185185185 0.2713541666666667 0.33935185185185185 0.27421875 0.3384259259259259 0.27578125 0.3402777777777778 0.2828125 0.3435185185185185 0.28802083333333334 0.3453703703703704 0.28958333333333336 0.3509259259259259 0.2908854166666667 0.3574074074074074 0.28984375 0.36203703703703705 0.2872395833333333 0.36574074074074076 0.2830729166666667 0.36666666666666664 0.2791666666666667 0.3648148148148148 0.27630208333333334 0.36157407407407405 0.27447916666666666 0.3537037037037037 0.2713541666666667
0 0.3787037037037037 0.23854166666666668 0.3712962962962963 0.23854166666666668 0.36342592592592593 0.240625 0.3560185185185185 0.24166666666666667 0.35324074074074074 0.24296875 0.3537037037037037 0.24817708333333333 0.3587962962962963 0.2520833333333333 0.36435185185185187 0.25364583333333335 0.36898148148148147 0.253125 0.3787037037037037 0.25 0.3819444444444444 0.24817708333333333 0.38333333333333336 0.24348958333333334 0.38101851851851853 0.23984375
0 0.39166666666666666 0.21484375 0.3875 0.21588541666666666 0.3800925925925926 0.21927083333333333 0.3787037037037037 0.22083333333333333 0.37824074074074077 0.22473958333333333 0.3814814814814815 0.228125 0.38564814814814813 0.23072916666666668 0.3925925925925926 0.23203125 0.4023148148148148 0.22786458333333334 0.4041666666666667 0.22552083333333334 0.4041666666666667 0.22291666666666668 0.40324074074074073 0.22057291666666667 0.4 0.21822916666666667 0.39351851851851855 0.21510416666666668
0 0.3574074074074074 0.203125 0.35555555555555557 0.20494791666666667 0.35509259259259257 0.20729166666666668 0.35555555555555557 0.21302083333333333 0.3574074074074074 0.21588541666666666 0.362962962962963 0.21744791666666666 0.3662037037037037 0.21744791666666666 0.3768518518518518 0.215625 0.3800925925925926 0.21328125 0.37916666666666665 0.20885416666666667 0.37407407407407406 0.20546875 0.36666666666666664 0.203125
0 0.41898148148148145 0.33177083333333335 0.4152777777777778 0.3296875 0.4097222222222222 0.32838541666666665 0.4050925925925926 0.328125 0.399537037037037 0.32890625 0.39444444444444443 0.33046875 0.3907407407407407 0.3328125 0.3888888888888889 0.33828125 0.3921296296296296 0.34036458333333336 0.3990740740740741 0.3419270833333333 0.4125 0.34036458333333336 0.4185185185185185 0.3377604166666667 0.4203703703703704 0.3346354166666667
0 0.43287037037037035 0.33567708333333335 0.42962962962962964 0.3377604166666667 0.42962962962962964 0.3421875 0.4324074074074074 0.3458333333333333 0.4361111111111111 0.34817708333333336 0.44074074074074077 0.3494791666666667 0.44722222222222224 0.3489583333333333 0.45601851851851855 0.3458333333333333 0.45787037037037037 0.34375 0.4583333333333333 0.34140625 0.4513888888888889 0.3359375 0.44675925925925924 0.3346354166666667 0.4388888888888889 0.3346354166666667
0 0.38287037037037036 0.3494791666666667 0.37777777777777777 0.3489583333333333 0.3712962962962963 0.35104166666666664 0.36712962962962964 0.3536458333333333 0.3648148148148148 0.3567708333333333 0.36342592592592593 0.3619791666666667 0.36574074074074076 0.36432291666666666 0.3712962962962963 0.36640625 0.3819444444444444 0.365625 0.3851851851851852 0.3645833333333333 0.38981481481481484 0.3614583333333333 0.3912037037037037 0.35833333333333334 0.3907407407407407 0.35572916666666665 0.38564814814814813 0.3502604166666667
0 0.5574074074074075 0.15963541666666667 0.5527777777777778 0.15859375 0.5435185185185185 0.15963541666666667 0.5370370370370371 0.1625 0.5328703703703703 0.16588541666666667 0.5314814814814814 0.17083333333333334 0.5337962962962963 0.17395833333333333 0.537962962962963 0.1765625 0.5476851851851852 0.17552083333333332 0.5546296296296296 0.17057291666666666 0.5587962962962963 0.16614583333333333 0.5597222222222222 0.16145833333333334
0 0.5453703703703704 0.17552083333333332 0.537962962962963 0.17604166666666668 0.5347222222222222 0.18046875 0.5356481481481481 0.18671875 0.5393518518518519 0.18958333333333333 0.5402777777777777 0.19192708333333333 0.5439814814814815 0.19270833333333334 0.5513888888888889 0.19140625 0.5550925925925926 0.19010416666666666 0.5597222222222222 0.1859375 0.5592592592592592 0.18229166666666666 0.5569444444444445 0.1796875
0 0.6157407407407407 0.16692708333333334 0.6143518518518518 0.16770833333333332 0.611574074074074 0.17395833333333333 0.6143518518518518 0.17890625 0.6189814814814815 0.18151041666666667 0.625 0.18307291666666667 0.6305555555555555 0.18333333333333332 0.6375 0.18203125 0.6425925925925926 0.1796875 0.6449074074074074 0.17786458333333333 0.6449074074074074 0.17369791666666667 0.6416666666666667 0.17161458333333332 0.6324074074074074 0.16822916666666668 0.6222222222222222 0.16588541666666667
0 0.6416666666666667 0.14270833333333333 0.637962962962963 0.14375 0.6361111111111111 0.1453125 0.6347222222222222 0.14869791666666668 0.6351851851851852 0.15364583333333334 0.6375 0.15651041666666668 0.6430555555555556 0.16041666666666668 0.649537037037037 0.16145833333333334 0.6546296296296297 0.15989583333333332 0.6592592592592592 0.15677083333333333 0.6606481481481481 0.1546875 0.6601851851851852 0.15078125 0.6564814814814814 0.14713541666666666 0.649537037037037 0.14375
0 0.7805555555555556 0.13828125 0.7773148148148148 0.14244791666666667 0.775 0.15130208333333334 0.7763888888888889 0.15442708333333333 0.7824074074074074 0.15598958333333332 0.7893518518518519 0.15520833333333334 0.7925925925925926 0.15416666666666667 0.7939814814814815 0.15182291666666667 0.7939814814814815 0.14739583333333334 0.788425925925926 0.14036458333333332 0.7847222222222222 0.13854166666666667
0 0.8208333333333333 0.14375 0.8166666666666667 0.14270833333333333 0.8018518518518518 0.14375 0.7953703703703704 0.1453125 0.7935185185185185 0.14635416666666667 0.7925925925925926 0.15026041666666667 0.7939814814814815 0.15338541666666666 0.7976851851851852 0.15572916666666667 0.8018518518518518 0.15677083333333333 0.8055555555555556 0.15625 0.8180555555555555 0.15182291666666667 0.8212962962962963 0.14869791666666668 0.8222222222222222 0.14557291666666666
0 0.8189814814814815 0.15 0.8185185185185185 0.15442708333333333 0.8231481481481482 0.15755208333333334 0.8388888888888889 0.15885416666666666 0.8444444444444444 0.15859375 0.8472222222222222 0.15677083333333333 0.8481481481481481 0.15520833333333334 0.8472222222222222 0.15104166666666666 0.8384259259259259 0.14635416666666667 0.8305555555555556 0.14583333333333334 0.825 0.14635416666666667 0.8222222222222222 0.14739583333333334
0 0.8027777777777778 0.15625 0.7949074074074074 0.15625 0.7893518518518519 0.16067708333333333 0.7870370370370371 0.16588541666666667 0.7870370370370371 0.1703125 0.787962962962963 0.171875 0.7916666666666666 0.17369791666666667 0.7949074074074074 0.17421875 0.8023148148148148 0.17369791666666667 0.8055555555555556 0.17265625 0.8106481481481481 0.16901041666666666 0.812037037037037 0.16640625 0.8106481481481481 0.16223958333333333 0.8055555555555556 0.15729166666666666
0 0.8361111111111111 0.18776041666666668 0.8310185185185185 0.18932291666666667 0.8268518518518518 0.19296875 0.825462962962963 0.19661458333333334 0.8273148148148148 0.20104166666666667 0.8305555555555556 0.20338541666666668 0.8361111111111111 0.20494791666666667 0.8439814814814814 0.20520833333333333 0.8481481481481481 0.20390625 0.8513888888888889 0.2015625 0.8523148148148149 0.19921875 0.8518518518518519 0.19505208333333332 0.8495370370370371 0.19270833333333334
0 0.22083333333333333 0.4197916666666667 0.22083333333333333 0.4239583333333333 0.22546296296296298 0.42916666666666664 0.23194444444444445 0.43203125 0.23842592592592593 0.43307291666666664 0.24722222222222223 0.43255208333333334 0.2518518518518518 0.4309895833333333 0.25555555555555554 0.4278645833333333 0.2564814814814815 0.4236979166666667 0.2537037037037037 0.42109375 0.24722222222222223 0.41901041666666666 0.23981481481481481 0.41822916666666665 0.2310185185185185 0.41822916666666665 0.22314814814814815 0.41901041666666666
0 0.350462962962963 0.3729166666666667 0.34444444444444444 0.37109375 0.3365740740740741 0.3703125 0.3347222222222222 0.37135416666666665 0.3226851851851852 0.37421875 0.3162037037037037 0.3768229166666667 0.31574074074074077 0.38125 0.3194444444444444 0.3846354166666667 0.3226851851851852 0.3859375 0.33101851851851855 0.38645833333333335 0.3416666666666667 0.3848958333333333 0.3486111111111111 0.38046875 0.350462962962963 0.37734375
0 0.3023148148148148 0.3546875 0.2949074074074074 0.35494791666666664 0.2902777777777778 0.3572916666666667 0.287962962962963 0.3609375 0.2884259259259259 0.3653645833333333 0.2916666666666667 0.3692708333333333 0.2949074074074074 0.37135416666666665 0.3023148148148148 0.37109375 0.3050925925925926 0.3697916666666667 0.31157407407407406 0.36822916666666666 0.3148148148148148 0.365625 0.3148148148148148 0.3625 0.31296296296296294 0.359375 0.3074074074074074 0.35625
0 0.29074074074074074 0.33932291666666664 0.28935185185185186 0.34088541666666666 0.29074074074074074 0.3455729166666667 0.2935185185185185 0.3489583333333333 0.2972222222222222 0.35130208333333335 0.3087962962962963 0.3546875 0.31712962962962965 0.35260416666666666 0.32037037037037036 0.3497395833333333 0.3212962962962963 0.3455729166666667 0.3194444444444444 0.34270833333333334 0.3162037037037037 0.34036458333333336 0.30972222222222223 0.33828125 0.30462962962962964 0.3380208333333333 0.29398148148148145 0.33828125
0 0.37824074074074077 0.3953125 0.37083333333333335 0.39947916666666666 0.3680555555555556 0.40234375 0.36666666666666664 0.40546875 0.36666666666666664 0.40911458333333334 0.36944444444444446 0.4122395833333333 0.3787037037037037 0.41432291666666665 0.38287037037037036 0.41328125 0.3907407407407407 0.4083333333333333 0.3921296296296296 0.4036458333333333 0.39166666666666666 0.4002604166666667 0.38935185185185184 0.39791666666666664 0.3861111111111111 0.3966145833333333
0 0.3939814814814815 0.3921875 0.39305555555555555 0.4010416666666667 0.39675925925925926 0.40520833333333334 0.40185185185185185 0.40677083333333336 0.40694444444444444 0.40729166666666666 0.4125 0.40651041666666665 0.4199074074074074 0.4044270833333333 0.4203703703703704 0.39947916666666666 0.4148148148148148 0.39609375 0.399537037037037 0.390625
0 0.287962962962963 0.32578125 0.2851851851851852 0.3299479166666667 0.2851851851851852 0.3338541666666667 0.287962962962963 0.33619791666666665 0.29444444444444445 0.3385416666666667 0.3023148148148148 0.33880208333333334 0.30925925925925923 0.3380208333333333 0.3148148148148148 0.33151041666666664 0.31527777777777777 0.3296875 0.3138888888888889 0.32760416666666664 0.3101851851851852 0.3260416666666667 0.30277777777777776 0.32473958333333336 0.2935185185185185 0.325
0 0.32314814814814813 0.30546875 0.31574074074074077 0.30494791666666665 0.3125 0.30625 0.3013888888888889 0.30859375 0.2949074074074074 0.3109375 0.29212962962962963 0.3138020833333333 0.29212962962962963 0.31484375 0.2949074074074074 0.31744791666666666 0.30185185185185187 0.32057291666666665 0.3101851851851852 0.32083333333333336 0.3189814814814815 0.3184895833333333 0.32314814814814813 0.315625 0.325 0.3098958333333333
0 0.3037037037037037 0.25677083333333334 0.29444444444444445 0.2559895833333333 0.287962962962963 0.25677083333333334 0.2796296296296296 0.2596354166666667 0.2777777777777778 0.26119791666666664 0.27685185185185185 0.2638020833333333 0.2810185185185185 0.2682291666666667 0.2884259259259259 0.2708333333333333 0.2953703703703704 0.27109375 0.3 0.26979166666666665 0.30787037037037035 0.2638020833333333 0.30787037037037035 0.259375
0 0.34675925925925927 0.22526041666666666 0.33564814814814814 0.225 0.32083333333333336 0.22838541666666667 0.3189814814814815 0.2296875 0.31805555555555554 0.23255208333333333 0.3226851851851852 0.2375 0.3296296296296296 0.24010416666666667 0.337037037037037 0.24036458333333333 0.34120370370370373 0.23828125 0.3486111111111111 0.23125 0.34953703703703703 0.228125 0.3486111111111111 0.22630208333333332
0 0.29259259259259257 0.20104166666666667 0.29212962962962963 0.20546875 0.29444444444444445 0.20885416666666667 0.30324074074074076 0.21380208333333334 0.30833333333333335 0.21458333333333332 0.3162037037037037 0.21380208333333334 0.3212962962962963 0.21197916666666666 0.325 0.209375 0.325 0.20494791666666667 0.31805555555555554 0.20208333333333334 0.30324074074074076 0.2 0.29444444444444445 0.20026041666666666
0 0.26064814814814813 0.165625 0.25092592592592594 0.16979166666666667 0.24768518518518517 0.17369791666666667 0.24675925925925926 0.17682291666666666 0.24722222222222223 0.18177083333333333 0.25 0.18359375 0.25324074074074077 0.18463541666666666 0.2611111111111111 0.18463541666666666 0.26481481481481484 0.18359375 0.26944444444444443 0.18125 0.2726851851851852 0.178125 0.27314814814814814 0.17369791666666667 0.2708333333333333 0.1703125 0.2671296296296296 0.16770833333333332
0 0.2324074074074074 0.21354166666666666 0.22916666666666666 0.21666666666666667 0.22777777777777777 0.2203125 0.22962962962962963 0.22473958333333333 0.2337962962962963 0.22760416666666666 0.23796296296296296 0.22916666666666666 0.24537037037037038 0.22994791666666667 0.2490740740740741 0.22942708333333334 0.25092592592592594 0.22864583333333333 0.2564814814814815 0.22369791666666666 0.2574074074074074 0.221875 0.2569444444444444 0.21979166666666666 0.25277777777777777 0.21692708333333333 0.24027777777777778 0.21380208333333334
0 0.24537037037037038 0.24427083333333333 0.2412037037037037 0.24348958333333334 0.23148148148148148 0.24401041666666667 0.22314814814814815 0.24583333333333332 0.22083333333333333 0.24765625 0.21898148148148147 0.2518229166666667 0.2212962962962963 0.2546875 0.22314814814814815 0.2557291666666667 0.23194444444444445 0.25807291666666665 0.24027777777777778 0.25807291666666665 0.24259259259259258 0.25729166666666664 0.24675925925925926 0.2546875 0.2490740740740741 0.24973958333333332 0.24861111111111112 0.24661458333333333
0 0.5662037037037037 0.8049479166666667 0.562962962962963 0.8052083333333333 0.5583333333333333 0.8072916666666666 0.5518518518518518 0.8088541666666667 0.5486111111111112 0.8104166666666667 0.5449074074074074 0.8135416666666667 0.5412037037037037 0.8182291666666667 0.5416666666666666 0.82421875 0.5430555555555555 0.8268229166666666 0.5449074074074074 0.828125 0.5532407407407407 0.82890625 0.5662037037037037 0.8276041666666667 0.5731481481481482 0.8216145833333334 0.575462962962963 0.8184895833333333 0.575462962962963 0.8143229166666667 0.5726851851851852 0.8098958333333334
