0 0.12610229276895943 0.7395833333333334 0.11904761904761904 0.7393353174603174 0.11199294532627865 0.7400793650793651 0.10185185185185185 0.7440476190476191 0.09700176366843033 0.7477678571428571 0.0974426807760141 0.7524801587301587 0.10052910052910052 0.7574404761904762 0.10758377425044091 0.7611607142857143 0.11419753086419752 0.7631448412698413 0.12213403880070546 0.7626488095238095 0.12742504409171077 0.7599206349206349 0.1349206349206349 0.751984126984127 0.1371252204585538 0.7482638888888888 0.1335978835978836 0.7420634920634921
0 0.05026455026455026 0.7306547619047619 0.04805996472663139 0.7318948412698413 0.04805996472663139 0.7328869047619048 0.050705467372134036 0.736359126984127 0.04982363315696649 0.738343253968254 0.050705467372134036 0.7433035714285714 0.06040564373897707 0.751984126984127 0.06525573192239859 0.7544642857142857 0.07231040564373897 0.7562003968253969 0.08024691358024691 0.7557043650793651 0.08597883597883597 0.7537202380952381 0.09435626102292768 0.7482638888888888 0.0974426807760141 0.7445436507936508 0.0974426807760141 0.7400793650793651 0.09435626102292768 0.736359126984127 0.08950617283950617 0.7341269841269841 0.0736331569664903 0.7296626984126984 0.06569664902998236 0.7294146825396826 0.059082892416225746 0.7316468253968254 0.05335097001763668 0.730406746031746
0 0.05246913580246913 0.769593253968254 0.04497354497354497 0.7723214285714286 0.03791887125220458 0.7735615079365079 0.03350970017636684 0.7752976190476191 0.025573192239858905 0.7827380952380952 0.024250440917107582 0.7874503968253969 0.026895943562610228 0.7904265873015873 0.030864197530864196 0.7931547619047619 0.036155202821869487 0.7951388888888888 0.04409171075837742 0.7953869047619048 0.05202821869488536 0.7938988095238095 0.05599647266313933 0.7911706349206349 0.059082892416225746 0.7876984126984127 0.06128747795414462 0.7834821428571429 0.06172839506172839 0.779265873015873 0.056878306878306875 0.7730654761904762 0.0564373897707231 0.7713293650793651
0 0.12169312169312169 0.7204861111111112 0.10758377425044091 0.7199900793650794 0.10052910052910052 0.7234623015873016 0.0974426807760141 0.730406746031746 0.0974426807760141 0.736359126984127 0.10052910052910052 0.7385912698412699 0.10714285714285714 0.7398313492063492 0.11552028218694885 0.7390873015873016 0.12389770723104056 0.7371031746031746 0.12874779541446207 0.7338789682539683 0.1318342151675485 0.7281746031746031 0.12918871252204586 0.7247023809523809
0 0.06128747795414462 0.7130456349206349 0.05864197530864197 0.7150297619047619 0.05555555555555555 0.7202380952380952 0.05599647266313933 0.7247023809523809 0.05864197530864197 0.7261904761904762 0.06613756613756613 0.7276785714285714 0.08156966490299823 0.7284226190476191 0.08686067019400352 0.7294146825396826 0.09391534391534391 0.7296626984126984 0.09656084656084656 0.7286706349206349 0.0992063492063492 0.7256944444444444 0.10052910052910052 0.7224702380952381 0.1027336860670194 0.7204861111111112 0.09171075837742504 0.7123015873015873 0.08289241622574955 0.7103174603174603 0.07627865961199294 0.7100694444444444 0.06613756613756613 0.7113095238095238
0 0.09038800705467372 0.701140873015873 0.09126984126984126 0.7053571428571429 0.09391534391534391 0.707093253968254 0.09700176366843033 0.7115575396825397 0.10846560846560846 0.71875 0.11419753086419752 0.7197420634920635 0.12169312169312169 0.7199900793650794 0.12698412698412698 0.7182539682539683 0.13227513227513227 0.7152777777777778 0.13668430335097 0.7090773809523809 0.13668430335097 0.7046130952380952 0.13403880070546736 0.7013888888888888 0.12918871252204586 0.699156746031746 0.12301587301587301 0.6981646825396826 0.1128747795414462 0.6981646825396826 0.09567901234567901 0.6994047619047619
0 0.13271604938271606 0.7165178571428571 0.13447971781305115 0.71875 0.140652557319224 0.7224702380952381 0.15828924162257496 0.7264384920634921 0.16358024691358025 0.7264384920634921 0.1710758377425044 0.7242063492063492 0.18033509700176367 0.7202380952380952 0.18386243386243387 0.7170138888888888 0.18209876543209877 0.7142857142857143 0.17019400352733685 0.7085813492063492 0.16358024691358025 0.7075892857142857 0.15035273368606702 0.7068452380952381 0.13800705467372135 0.7083333333333334 0.1349206349206349 0.7113095238095238
0 0.23015873015873015 0.7105654761904762 0.2257495590828924 0.7078373015873016 0.21869488536155202 0.7056051587301587 0.21075837742504408 0.7053571428571429 0.2037037037037037 0.7068452380952381 0.1931216931216931 0.7130456349206349 0.18871252204585537 0.7182539682539683 0.18606701940035272 0.7249503968253969 0.18342151675485008 0.7286706349206349 0.20149911816578484 0.7301587301587301 0.21164021164021163 0.7299107142857143 0.2222222222222222 0.7259424603174603 0.22839506172839505 0.7224702380952381 0.23236331569664903 0.7172619047619048 0.23236331569664903 0.7127976190476191
0 0.19576719576719576 0.6902281746031746 0.1900352733686067 0.6899801587301587 0.18298059964726632 0.691468253968254 0.1710758377425044 0.6969246031746031 0.1675485008818342 0.6996527777777778 0.1675485008818342 0.7065972222222222 0.17768959435626103 0.7123015873015873 0.18298059964726632 0.7132936507936508 0.19135802469135801 0.7130456349206349 0.19444444444444445 0.7120535714285714 0.20590828924162258 0.705109126984127 0.20679012345679013 0.6986607142857143 0.2054673721340388 0.6951884920634921 0.19797178130511464 0.6907242063492064
0 0.19753086419753085 0.6815476190476191 0.19576719576719576 0.6897321428571429 0.20458553791887124 0.6946924603174603 0.2257495590828924 0.6934523809523809 0.2275132275132275 0.6922123015873016 0.23324514991181658 0.6909722222222222 0.23589065255731922 0.689484126984127 0.23412698412698413 0.6870039682539683 0.23245149911816582 0.6845486111111111 0.22839506172839505 0.6817956349206349 0.21869488536155202 0.6775793650793651 0.21296296296296297 0.6765873015873016 0.20458553791887124 0.6773313492063492 0.19951499118165786 0.6787698412698413
0 0.25793650793650796 0.6852678571428571 0.25485008818342153 0.6904761904761905 0.25440917107583777 0.6971726190476191 0.2566137566137566 0.7001488095238095 0.2623456790123457 0.7036210317460317 0.26631393298059963 0.7043650793650794 0.27733686067019403 0.7036210317460317 0.2879188712522046 0.701140873015873 0.2967372134038801 0.6974206349206349 0.29717813051146386 0.6932043650793651 0.2927689594356261 0.6877480158730159 0.29012345679012347 0.6862599206349206 0.2768959435626102 0.6822916666666666 0.2689594356261023 0.6812996031746031 0.26455026455026454 0.6817956349206349
0 0.17724867724867724 0.6684027777777778 0.17239858906525574 0.6696428571428571 0.16358024691358025 0.6701388888888888 0.15696649029982362 0.6721230158730159 0.1490299823633157 0.6765873015873016 0.14417989417989419 0.6812996031746031 0.14285714285714285 0.6852678571428571 0.1437389770723104 0.6899801587301587 0.14858906525573193 0.6934523809523809 0.15696649029982362 0.6964285714285714 0.16181657848324515 0.6971726190476191 0.17019400352733685 0.6971726190476191 0.17592592592592593 0.6946924603174603 0.17989417989417988 0.6922123015873016 0.18253968253968253 0.689484126984127 0.1865079365079365 0.6825396825396826 0.1865079365079365 0.6775793650793651 0.18165784832451498 0.6703869047619048
0 0.21252204585537918 0.6535218253968254 0.20414462081128748 0.6535218253968254 0.19620811287477954 0.6520337301587301 0.19047619047619047 0.6517857142857143 0.18342151675485008 0.6530257936507936 0.17724867724867724 0.6557539682539683 0.1746031746031746 0.658234126984127 0.17372134038800705 0.6631944444444444 0.1763668430335097 0.6676587301587301 0.18430335097001763 0.6731150793650794 0.18871252204585537 0.6741071428571429 0.19753086419753085 0.6733630952380952 0.20105820105820105 0.6723710317460317 0.2072310405643739 0.6686507936507936 0.21340388007054673 0.6617063492063492 0.21428571428571427 0.6545138888888888
0 0.3439153439153439 0.6716269841269841 0.3368606701940035 0.675843253968254 0.3333333333333333 0.6810515873015873 0.33377425044091713 0.685515873015873 0.3377425044091711 0.6892361111111112 0.3439153439153439 0.691468253968254 0.3531746031746032 0.6927083333333334 0.3584656084656085 0.6929563492063492 0.373015873015873 0.6919642857142857 0.3752204585537919 0.6907242063492064 0.37610229276895946 0.6889880952380952 0.37389770723104054 0.6770833333333334 0.3716931216931217 0.6746031746031746 0.36507936507936506 0.6711309523809523 0.35802469135802467 0.669890873015873 0.35008818342151676 0.6701388888888888
0 0.35008818342151676 0.6468253968253969 0.3439153439153439 0.6478174603174603 0.3368606701940035 0.6502976190476191 0.3342151675485009 0.6537698412698413 0.33289241622574955 0.658234126984127 0.3342151675485009 0.6622023809523809 0.33818342151675485 0.6661706349206349 0.3447971781305115 0.6688988095238095 0.3562610229276896 0.6693948412698413 0.35978835978835977 0.6686507936507936 0.3646384479717813 0.6659226190476191 0.36772486772486773 0.6577380952380952 0.36155202821869487 0.6505456349206349 0.35978835978835977 0.6495535714285714
0 0.2985008818342152 0.6421130952380952 0.294973544973545 0.6411210317460317 0.2896825396825397 0.640625 0.2804232804232804 0.6408730158730159 0.2724867724867725 0.6423611111111112 0.2698412698412698 0.6440972222222222 0.26278659611992944 0.6463293650793651 0.2623456790123457 0.6505456349206349 0.26455026455026454 0.6517857142857143 0.26675485008818345 0.6550099206349206 0.2716049382716049 0.658234126984127 0.27380952380952384 0.6589781746031746 0.2804232804232804 0.6597222222222222 0.28835978835978837 0.6594742063492064 0.29541446208112876 0.658234126984127 0.3020282186948854 0.6535218253968254 0.3037918871252205 0.6507936507936508 0.30423280423280424 0.6463293650793651 0.30246913580246915 0.6443452380952381
0 0.06657848324514991 0.6765873015873016 0.0582010582010582 0.6763392857142857 0.05202821869488536 0.6783234126984127 0.04717813051146384 0.6852678571428571 0.04144620811287478 0.689484126984127 0.04056437389770723 0.6937003968253969 0.04673721340388007 0.6974206349206349 0.05202821869488536 0.6986607142857143 0.05952380952380952 0.6984126984126984 0.06790123456790123 0.6954365079365079 0.07539682539682539 0.6909722222222222 0.07627865961199294 0.6899801587301587 0.07539682539682539 0.6815476190476191 0.0736331569664903 0.6795634920634921 0.0701058201058201 0.6775793650793651
0 0.043209876543209874 0.6502976190476191 0.04365079365079365 0.6520337301587301 0.045414462081128745 0.6535218253968254 0.05026455026455026 0.6550099206349206 0.0564373897707231 0.658234126984127 0.06128747795414462 0.6589781746031746 0.07760141093474426 0.6594742063492064 0.08686067019400352 0.6589781746031746 0.08950617283950617 0.6579861111111112 0.09171075837742504 0.6547619047619048 0.09126984126984126 0.6490575396825397 0.08994708994708994 0.6455853174603174 0.08686067019400352 0.6416170634920635 0.07980599647266313 0.638640873015873 0.07054673721340388 0.638640873015873 0.05555555555555555 0.6423611111111112 0.051587301587301584 0.6440972222222222 0.048500881834215165 0.6473214285714286
0 0.14814814814814814 0.6398809523809523 0.14153439153439154 0.6374007936507936 0.13580246913580246 0.6361607142857143 0.12786596119929453 0.636656746031746 0.12125220458553791 0.638640873015873 0.1164021164021164 0.6418650793650794 0.11243386243386243 0.6463293650793651 0.11199294532627865 0.6502976190476191 0.1128747795414462 0.6512896825396826 0.11948853615520282 0.6545138888888888 0.12610229276895943 0.6552579365079365 0.14109347442680775 0.6547619047619048 0.14947089947089948 0.6535218253968254 0.15520282186948853 0.6500496031746031 0.15520282186948853 0.6463293650793651 0.14991181657848324 0.6423611111111112
0 0.09567901234567901 0.6150793650793651 0.09215167548500881 0.6190476190476191 0.09171075837742504 0.6225198412698413 0.0890652557319224 0.625 0.08862433862433862 0.6272321428571429 0.08994708994708994 0.6312003968253969 0.09303350970017636 0.6331845238095238 0.09832451499118165 0.6349206349206349 0.10537918871252204 0.6361607142857143 0.12081128747795414 0.6376488095238095 0.12566137566137567 0.6364087301587301 0.13051146384479717 0.6336805555555556 0.13227513227513227 0.6312003968253969 0.13095238095238096 0.6277281746031746 0.1318342151675485 0.6237599206349206 0.13139329805996472 0.6190476190476191 0.12433862433862433 0.6148313492063492 0.11684303350970017 0.613343253968254 0.10670194003527336 0.613343253968254
0 0.14153439153439154 0.6168154761904762 0.1335978835978836 0.6200396825396826 0.13139329805996472 0.6222718253968254 0.13139329805996472 0.6279761904761905 0.13315696649029982 0.6312003968253969 0.1424162257495591 0.6369047619047619 0.14814814814814814 0.6381448412698413 0.15652557319223986 0.6378968253968254 0.16137566137566137 0.6351686507936508 0.1644620811287478 0.6316964285714286 0.16534391534391535 0.6267361111111112 0.16358024691358025 0.6232638888888888 0.15961199294532627 0.621031746031746 0.15828924162257496 0.6190476190476191 0.15476190476190477 0.6175595238095238 0.14991181657848324 0.6163194444444444
0 0.2208994708994709 0.5954861111111112 0.21781305114638447 0.5930059523809523 0.2138447971781305 0.5868055555555556 0.20899470899470898 0.5840773809523809 0.20590828924162258 0.5830853174603174 0.19797178130511464 0.5830853174603174 0.18871252204585537 0.5853174603174603 0.17680776014109348 0.5905257936507936 0.17416225749559083 0.5967261904761905 0.1693121693121693 0.5989583333333334 0.16887125220458554 0.5999503968253969 0.17019400352733685 0.6019345238095238 0.1763668430335097 0.6024305555555556 0.1781305114638448 0.6036706349206349 0.18430335097001763 0.6051587301587301 0.1935626102292769 0.6063988095238095 0.2006172839506173 0.6063988095238095 0.20679012345679013 0.6056547619047619 0.21428571428571427 0.6026785714285714 0.21869488536155202 0.5999503968253969
0 0.17592592592592593 0.5642361111111112 0.167989417989418 0.5639880952380952 0.1626984126984127 0.5652281746031746 0.15476190476190477 0.5694444444444444 0.1490299823633157 0.5734126984126984 0.14638447971781304 0.5806051587301587 0.14638447971781304 0.5840773809523809 0.1490299823633157 0.5853174603174603 0.15828924162257496 0.5868055555555556 0.1626984126984127 0.5882936507936508 0.17328042328042328 0.5880456349206349 0.18121693121693122 0.5850694444444444 0.1865079365079365 0.5803571428571429 0.19091710758377425 0.5778769841269841 0.19223985890652556 0.5758928571428571 0.18915343915343916 0.5721726190476191 0.18430335097001763 0.5684523809523809
0 0.07760141093474426 0.5756448412698413 0.07627865961199294 0.5806051587301587 0.07848324514991181 0.5838293650793651 0.09347442680776014 0.5925099206349206 0.09964726631393298 0.5939980158730159 0.10758377425044091 0.59375 0.11022927689594356 0.5925099206349206 0.11816578483245149 0.5843253968253969 0.11772486772486772 0.5796130952380952 0.1146384479717813 0.5773809523809523 0.10670194003527336 0.5749007936507936 0.09567901234567901 0.5734126984126984 0.08641975308641975 0.5734126984126984
0 0.1146384479717813 0.5496031746031746 0.10714285714285714 0.5525793650793651 0.10317460317460317 0.5575396825396826 0.09832451499118165 0.5602678571428571 0.0992063492063492 0.5687003968253969 0.10537918871252204 0.5711805555555556 0.11596119929453262 0.5726686507936508 0.12962962962962962 0.5729166666666666 0.13624338624338625 0.5721726190476191 0.14417989417989419 0.5684523809523809 0.1437389770723104 0.5602678571428571 0.1424162257495591 0.5582837301587301 0.13403880070546736 0.5525793650793651 0.12874779541446207 0.550843253968254 0.12169312169312169 0.5493551587301587
0 0.18386243386243387 0.5555555555555556 0.18298059964726632 0.5562996031746031 0.18342151675485008 0.5607638888888888 0.18694885361552027 0.5639880952380952 0.18783068783068782 0.5687003968253969 0.19620811287477954 0.5766369047619048 0.20105820105820105 0.578125 0.20679012345679013 0.5786210317460317 0.21164021164021163 0.5773809523809523 0.22134038800705466 0.5726686507936508 0.2239858906525573 0.5684523809523809 0.22354497354497355 0.564484126984127 0.20811287477954143 0.5562996031746031 0.20502645502645503 0.5555555555555556 0.1917989417989418 0.5543154761904762
0 0.23853615520282187 0.5687003968253969 0.2310405643738977 0.5684523809523809 0.22663139329805995 0.5694444444444444 0.22001763668430335 0.5736607142857143 0.21604938271604937 0.5788690476190477 0.21516754850088182 0.5845734126984127 0.22486772486772486 0.595734126984127 0.2261904761904762 0.595734126984127 0.23015873015873015 0.5935019841269841 0.23544973544973544 0.591765873015873 0.23985890652557318 0.5915178571428571 0.2447089947089947 0.5902777777777778 0.25220458553791886 0.5865575396825397 0.25485008818342153 0.5840773809523809 0.2552910052910053 0.5783730158730159 0.25485008818342153 0.5758928571428571 0.25132275132275134 0.5729166666666666 0.24603174603174602 0.5716765873015873
0 0.2429453262786596 0.5927579365079365 0.23941798941798942 0.5974702380952381 0.23897707231040563 0.6009424603174603 0.24029982363315697 0.6039186507936508 0.24426807760141092 0.6059027777777778 0.25925925925925924 0.6088789682539683 0.26807760141093473 0.6088789682539683 0.2760141093474427 0.6068948412698413 0.2804232804232804 0.6044146825396826 0.2808641975308642 0.6031746031746031 0.2768959435626102 0.5962301587301587 0.2698412698412698 0.5922619047619048 0.25970017636684306 0.5895337301587301 0.2526455026455027 0.5892857142857143 0.2464726631393298 0.5905257936507936
0 0.3029100529100529 0.6071428571428571 0.2958553791887125 0.6061507936507936 0.2865961199294533 0.6063988095238095 0.27336860670194 0.6086309523809523 0.2707231040564374 0.6106150793650794 0.26851851851851855 0.6153273809523809 0.2707231040564374 0.6195436507936508 0.2742504409171076 0.623015873015873 0.2791005291005291 0.6242559523809523 0.2839506172839506 0.626984126984127 0.28835978835978837 0.6279761904761905 0.29541446208112876 0.6279761904761905 0.29894179894179895 0.6272321428571429 0.30511463844797176 0.6232638888888888 0.3073192239858907 0.6197916666666666 0.3073192239858907 0.6111111111111112
0 0.3236331569664903 0.6200396825396826 0.31966490299823636 0.6242559523809523 0.31746031746031744 0.6304563492063492 0.3187830687830688 0.6346726190476191 0.32319223985890655 0.6371527777777778 0.32936507936507936 0.6388888888888888 0.3509700176366843 0.640625 0.35537918871252205 0.6396329365079365 0.3628747795414462 0.6349206349206349 0.3655202821869489 0.6307043650793651 0.36243386243386244 0.6292162698412699 0.3611111111111111 0.6267361111111112 0.35714285714285715 0.6232638888888888 0.3527336860670194 0.621031746031746 0.3443562610229277 0.6183035714285714 0.3386243386243386 0.6175595238095238 0.3306878306878307 0.6178075396825397
0 0.3990299823633157 0.6550099206349206 0.3897707231040564 0.6579861111111112 0.38271604938271603 0.6617063492063492 0.38492063492063494 0.6664186507936508 0.38932980599647266 0.6688988095238095 0.3955026455026455 0.673859126984127 0.3990299823633157 0.6753472222222222 0.4052028218694885 0.6760912698412699 0.4126984126984127 0.6755952380952381 0.4166666666666667 0.6701388888888888 0.41622574955908287 0.6619543650793651 0.4091710758377425 0.6560019841269841 0.4069664902998236 0.6552579365079365
0 0.37433862433862436 0.6326884920634921 0.36948853615520283 0.6331845238095238 0.36684303350970016 0.6351686507936508 0.36331569664902996 0.6465773809523809 0.36419753086419754 0.6507936507936508 0.3681657848324515 0.65625 0.3787477954144621 0.6609623015873016 0.3844797178130511 0.6597222222222222 0.3880070546737213 0.6574900793650794 0.3897707231040564 0.6547619047619048 0.3897707231040564 0.6495535714285714 0.38492063492063494 0.6346726190476191 0.38051146384479717 0.6329365079365079
0 0.39638447971781304 0.6292162698412699 0.3924162257495591 0.6299603174603174 0.38932980599647266 0.6316964285714286 0.3871252204585538 0.6344246031746031 0.38668430335097004 0.6396329365079365 0.38844797178130513 0.6468253968253969 0.39109347442680775 0.6500496031746031 0.3968253968253968 0.6535218253968254 0.3985890652557319 0.6540178571428571 0.40652557319223986 0.654265873015873 0.4131393298059965 0.6527777777777778 0.41798941798941797 0.6498015873015873 0.4237213403880071 0.642609126984127 0.42416225749559083 0.6378968253968254 0.42151675485008816 0.6339285714285714 0.414021164021164 0.6297123015873016
0 0.4246031746031746 0.6433531746031746 0.42063492063492064 0.6448412698412699 0.4157848324514991 0.6502976190476191 0.4149029982363316 0.6584821428571429 0.4201940035273369 0.6622023809523809 0.42504409171075835 0.6631944444444444 0.42901234567901236 0.6631944444444444 0.43430335097001765 0.6622023809523809 0.43783068783068785 0.6599702380952381 0.44223985890652556 0.6584821428571429 0.44400352733686066 0.6537698412698413 0.4426807760141093 0.6493055555555556 0.44047619047619047 0.6463293650793651 0.4281305114638448 0.6433531746031746
0 0.513668430335097 0.6393849206349206 0.5083774250440917 0.6393849206349206 0.4964726631393298 0.642609126984127 0.4894179894179894 0.6473214285714286 0.48853615520282184 0.6507936507936508 0.4911816578483245 0.6545138888888888 0.49603174603174605 0.6584821428571429 0.503968253968254 0.6604662698412699 0.5110229276895943 0.6607142857142857 0.517636684303351 0.6597222222222222 0.5202821869488536 0.658234126984127 0.5229276895943563 0.6547619047619048 0.5246913580246914 0.6478174603174603 0.5229276895943563 0.6433531746031746 0.5194003527336861 0.6403769841269841
0 0.4193121693121693 0.6175595238095238 0.4144620811287478 0.6192956349206349 0.4126984126984127 0.6225198412698413 0.414021164021164 0.6264880952380952 0.4175485008818342 0.6307043650793651 0.42680776014109345 0.6371527777777778 0.4334215167548501 0.6383928571428571 0.4409171075837742 0.6371527777777778 0.4506172839506173 0.6307043650793651 0.45105820105820105 0.6264880952380952 0.4488536155202822 0.6235119047619048 0.43915343915343913 0.6190476190476191 0.42724867724867727 0.6170634920634921
0 0.36419753086419754 0.6061507936507936 0.359347442680776 0.609375 0.3562610229276896 0.6148313492063492 0.3558201058201058 0.6195436507936508 0.35978835978835977 0.6257440476190477 0.36860670194003525 0.6312003968253969 0.37081128747795417 0.6319444444444444 0.37786596119929455 0.6316964285714286 0.3880070546737213 0.6287202380952381 0.3932980599647266 0.6259920634920635 0.3959435626102293 0.623015873015873 0.3959435626102293 0.6185515873015873 0.39021164021164023 0.6125992063492064 0.38315696649029984 0.6083829365079365 0.3716931216931217 0.6061507936507936
0 0.359347442680776 0.6036706349206349 0.3558201058201058 0.6004464285714286 0.3509700176366843 0.5979662698412699 0.33465608465608465 0.5982142857142857 0.32451499118165783 0.6014384920634921 0.31261022927689597 0.607390873015873 0.31084656084656087 0.6096230158730159 0.31040564373897706 0.6118551587301587 0.31437389770723106 0.6145833333333334 0.32275132275132273 0.6173115079365079 0.3377425044091711 0.6170634920634921 0.3447971781305115 0.6175595238095238 0.3514109347442681 0.6170634920634921 0.3562610229276896 0.6148313492063492 0.35802469135802467 0.6128472222222222 0.3602292768959436 0.6076388888888888
0 0.30246913580246915 0.5848214285714286 0.2927689594356261 0.5870535714285714 0.2861552028218695 0.5902777777777778 0.2821869488536155 0.5954861111111112 0.2830687830687831 0.5994543650793651 0.2848324514991182 0.6014384920634921 0.2896825396825397 0.6044146825396826 0.3020282186948854 0.6063988095238095 0.3090828924162258 0.6068948412698413 0.3165784832451499 0.605406746031746 0.32142857142857145 0.6019345238095238 0.32319223985890655 0.5959821428571429 0.322310405643739 0.5915178571428571 0.3205467372134039 0.5887896825396826 0.3165784832451499 0.5863095238095238 0.3099647266313933 0.5848214285714286
0 0.3439153439153439 0.5736607142857143 0.33641975308641975 0.5744047619047619 0.3262786596119929 0.5806051587301587 0.32407407407407407 0.5870535714285714 0.32407407407407407 0.591765873015873 0.3262786596119929 0.5954861111111112 0.3306878306878307 0.5974702380952381 0.3373015873015873 0.5979662698412699 0.3522927689594356 0.5972222222222222 0.3584656084656085 0.5947420634920635 0.36155202821869487 0.5915178571428571 0.36243386243386244 0.5873015873015873 0.3611111111111111 0.5838293650793651 0.35537918871252205 0.5798611111111112 0.3461199294532628 0.5756448412698413
0 0.3924162257495591 0.5811011904761905 0.38315696649029984 0.5808531746031746 0.3783068783068783 0.5818452380952381 0.36948853615520283 0.5863095238095238 0.3628747795414462 0.5907738095238095 0.35890652557319225 0.5954861111111112 0.3584656084656085 0.5997023809523809 0.36331569664902996 0.6041666666666666 0.37742504409171074 0.6063988095238095 0.38492063492063494 0.6059027777777778 0.4025573192239859 0.5987103174603174 0.40476190476190477 0.5962301587301587 0.4060846560846561 0.5912698412698413 0.4038800705467372 0.5887896825396826 0.4012345679012346 0.5875496031746031 0.3959435626102293 0.5828373015873016
0 0.4056437389770723 0.5987103174603174 0.3985890652557319 0.5999503968253969 0.39109347442680775 0.6034226190476191 0.38844797178130513 0.6066468253968254 0.3888888888888889 0.6116071428571429 0.3972663139329806 0.6180555555555556 0.4025573192239859 0.6195436507936508 0.40828924162257496 0.6197916666666666 0.41358024691358025 0.6190476190476191 0.4201940035273369 0.6153273809523809 0.4228395061728395 0.6116071428571429 0.4228395061728395 0.6068948412698413 0.42151675485008816 0.6041666666666666 0.4175485008818342 0.6011904761904762 0.4149029982363316 0.6001984126984127
0 0.455026455026455 0.5942460317460317 0.44664902998236333 0.59375 0.4409171075837742 0.5952380952380952 0.43077601410934746 0.5997023809523809 0.42504409171075835 0.6036706349206349 0.42328042328042326 0.6068948412698413 0.4246031746031746 0.6130952380952381 0.4263668430335097 0.6150793650793651 0.43077601410934746 0.6170634920634921 0.43959435626102294 0.6187996031746031 0.44753086419753085 0.6183035714285714 0.4559082892416226 0.6155753968253969 0.4678130511463845 0.6098710317460317 0.4695767195767196 0.6076388888888888 0.4704585537918871 0.6031746031746031 0.46472663139329806 0.5982142857142857
0 0.49074074074074076 0.613343253968254 0.4828042328042328 0.6106150793650794 0.4678130511463845 0.6108630952380952 0.4620811287477954 0.6121031746031746 0.45105820105820105 0.6185515873015873 0.4506172839506173 0.6195436507936508 0.4519400352733686 0.623015873015873 0.4572310405643739 0.6262400793650794 0.45987654320987653 0.6287202380952381 0.4660493827160494 0.6309523809523809 0.47530864197530864 0.6319444444444444 0.48368606701940037 0.6319444444444444 0.4898589065255732 0.6309523809523809 0.49426807760141095 0.6272321428571429 0.4964726631393298 0.623015873015873 0.4964726631393298 0.6190476190476191 0.49382716049382713 0.6150793650793651
0 0.5154320987654321 0.6140873015873016 0.5061728395061729 0.6140873015873016 0.49955908289241624 0.6158234126984127 0.49603174603174605 0.6187996031746031 0.49603174603174605 0.6227678571428571 0.49426807760141095 0.6262400793650794 0.49382716049382713 0.6309523809523809 0.49603174603174605 0.6324404761904762 0.49691358024691357 0.6349206349206349 0.5030864197530864 0.6398809523809523 0.5092592592592593 0.638640873015873 0.5211640211640212 0.6344246031746031 0.5321869488536155 0.6272321428571429 0.533068783068783 0.6225198412698413 0.5304232804232805 0.6192956349206349
0 0.5357142857142857 0.6190476190476191 0.5348324514991182 0.6272321428571429 0.5383597883597884 0.6309523809523809 0.5427689594356261 0.6326884920634921 0.5529100529100529 0.6329365079365079 0.5652557319223986 0.6312003968253969 0.5758377425044092 0.626984126984127 0.5758377425044092 0.623015873015873 0.5692239858906526 0.6180555555555556 0.5621693121693122 0.6150793650793651 0.5529100529100529 0.6125992063492064 0.544973544973545 0.6125992063492064 0.5388007054673721 0.6158234126984127
0 0.5793650793650794 0.5982142857142857 0.5695326278659613 0.6014384920634921 0.5648148148148148 0.6076636904761904 0.5687389770723105 0.6129960317460317 0.5758377425044092 0.6155753968253969 0.5802910052910053 0.6174107142857143 0.5864197530864198 0.6185515873015873 0.5943562610229277 0.6183035714285714 0.6040564373897708 0.6153273809523809 0.607583774250441 0.6116071428571429 0.6084656084656085 0.6078869047619048 0.6049382716049383 0.6021825396825397 0.6014109347442681 0.6001984126984127 0.593915343915344 0.5982142857142857
0 0.0582010582010582 0.8174603174603174 0.053791887125220456 0.8191964285714286 0.050705467372134036 0.8231646825396826 0.04982363315696649 0.8303571428571429 0.051587301587301584 0.8373015873015873 0.05511463844797178 0.8427579365079365 0.059082892416225746 0.8447420634920635 0.06613756613756613 0.8454861111111112 0.07671957671957672 0.8432539682539683 0.08465608465608465 0.8395337301587301 0.08862433862433862 0.8358134920634921 0.0890652557319224 0.8323412698412699 0.08597883597883597 0.8271329365079365 0.08112874779541446 0.8224206349206349 0.07760141093474426 0.8204365079365079 0.06790123456790123 0.8182043650793651
0 0.045414462081128745 0.810515873015873 0.04056437389770723 0.8097718253968254 0.03042328042328042 0.810515873015873 0.026455026455026454 0.8120039682539683 0.018518518518518517 0.8172123015873016 0.016313932980599646 0.8221726190476191 0.017195767195767195 0.8251488095238095 0.019400352733686066 0.8278769841269841 0.023368606701940034 0.830109126984127 0.030864197530864196 0.8318452380952381 0.03835978835978836 0.8315972222222222 0.0427689594356261 0.8298611111111112 0.04497354497354497 0.8276289682539683 0.04894179894179894 0.8253968253968254 0.05114638447971781 0.8224206349206349 0.05202821869488536 0.8182043650793651 0.05026455026455026 0.8142361111111112
0 0.5149911816578483 0.5930059523809523 0.5123456790123457 0.5947420634920635 0.5097001763668431 0.6001984126984127 0.5092592592592593 0.6039186507936508 0.5105820105820106 0.6071428571428571 0.5163139329805997 0.6130952380952381 0.5220458553791887 0.6158234126984127 0.527336860670194 0.6170634920634921 0.533068783068783 0.6170634920634921 0.5436507936507936 0.6130952380952381 0.5493827160493827 0.609375 0.5511463844797179 0.6059027777777778 0.5502645502645502 0.5997023809523809 0.54673721340388 0.5969742063492064 0.5379188712522046 0.5927579365079365 0.533068783068783 0.5920138888888888 0.5238095238095238 0.5920138888888888
0 0.4894179894179894 0.5900297619047619 0.48192239858906527 0.5944940476190477 0.4748677248677249 0.5969742063492064 0.4722222222222222 0.5992063492063492 0.4739858906525573 0.6041666666666666 0.48236331569664903 0.6103670634920635 0.48897707231040566 0.6125992063492064 0.4973544973544973 0.613343253968254 0.5035273368606702 0.6103670634920635 0.5079365079365079 0.6071428571428571 0.5110229276895943 0.5947420634920635 0.5097001763668431 0.5927579365079365 0.5074955908289241 0.591765873015873 0.5022045855379189 0.5912698412698413 0.49691358024691357 0.589781746031746
0 0.4757495590828924 0.5731646825396826 0.46825396825396826 0.5736607142857143 0.458994708994709 0.5763888888888888 0.4532627865961199 0.5798611111111112 0.4514991181657848 0.5833333333333334 0.4506172839506173 0.5882936507936508 0.45282186948853614 0.591765873015873 0.45811287477954143 0.5944940476190477 0.468694885361552 0.5974702380952381 0.4757495590828924 0.5967261904761905 0.4845679012345679 0.5935019841269841 0.48721340388007056 0.5920138888888888 0.49029982363315694 0.5880456349206349 0.49029982363315694 0.5828373015873016 0.4876543209876543 0.5786210317460317 0.48192239858906527 0.5749007936507936
0 0.4263668430335097 0.574156746031746 0.4166666666666667 0.5768849206349206 0.4109347442680776 0.5803571428571429 0.4087301587301587 0.5833333333333334 0.40828924162257496 0.5882936507936508 0.4113756613756614 0.5920138888888888 0.41975308641975306 0.5967261904761905 0.4263668430335097 0.5987103174603174 0.43430335097001765 0.5982142857142857 0.445326278659612 0.5932539682539683 0.44929453262786595 0.5877976190476191 0.4501763668430335 0.5833333333333334 0.44929453262786595 0.5803571428571429 0.445326278659612 0.5771329365079365 0.43430335097001765 0.5746527777777778
0 0.49691358024691357 0.5721726190476191 0.49250440917107585 0.5758928571428571 0.4898589065255732 0.5796130952380952 0.4911816578483245 0.5858134920634921 0.49382716049382713 0.5887896825396826 0.5022045855379189 0.5912698412698413 0.5114638447971781 0.591765873015873 0.5189594356261023 0.5907738095238095 0.5308641975308642 0.5877976190476191 0.5317460317460317 0.5838293650793651 0.5286596119929453 0.5813492063492064 0.5255731922398589 0.5771329365079365 0.5198412698412699 0.574156746031746 0.5149911816578483 0.5699404761904762 0.5127865961199295 0.5694444444444444 0.5030864197530864 0.5696924603174603
0 0.5515873015873016 0.5734126984126984 0.5388007054673721 0.5778769841269841 0.5348324514991182 0.5833333333333334 0.5348324514991182 0.5870535714285714 0.5365961199294532 0.5912698412698413 0.5383597883597884 0.5930059523809523 0.5414462081128748 0.5947420634920635 0.544973544973545 0.595734126984127 0.5524691358024691 0.6009424603174603 0.5595238095238095 0.6016865079365079 0.5621693121693122 0.5999503968253969 0.5634920634920635 0.5979662698412699 0.5696649029982364 0.5939980158730159 0.572310405643739 0.5848214285714286 0.5727513227513228 0.5788690476190477 0.5714285714285714 0.5768849206349206 0.5661375661375662 0.5746527777777778
0 0.6071428571428571 0.580109126984127 0.6009700176366843 0.5778769841269841 0.5925925925925926 0.5778769841269841 0.5855379188712522 0.5791170634920635 0.5745149911816578 0.5828373015873016 0.572310405643739 0.5843253968253969 0.5692239858906526 0.5912698412698413 0.5701058201058201 0.59375 0.5718694885361552 0.5954861111111112 0.5798059964726632 0.5972222222222222 0.5943562610229277 0.5969742063492064 0.5983245149911817 0.5935019841269841 0.6027336860670194 0.5915178571428571 0.607583774250441 0.5877976190476191 0.609347442680776 0.5838293650793651
0 0.8999118165784833 0.1284722222222222 0.892416225749559 0.12475198412698413 0.8849206349206349 0.125 0.8783068783068783 0.12698412698412698 0.8677248677248677 0.13467261904761904 0.8668430335097002 0.13665674603174602 0.8544973544973545 0.14260912698412698 0.8531746031746031 0.14657738095238096 0.8584656084656085 0.1480654761904762 0.8725749559082893 0.14905753968253968 0.8787477954144621 0.14856150793650794 0.8835978835978836 0.1470734126984127 0.8928571428571429 0.14558531746031747 0.8977072310405644 0.14384920634920634 0.9038800705467372 0.13938492063492064 0.9047619047619048 0.13616071428571427 0.9025573192239859 0.13095238095238096
0 0.7473544973544973 0.13020833333333334 0.7380952380952381 0.12946428571428573 0.7288359788359788 0.1307043650793651 0.7208994708994709 0.13467261904761904 0.718694885361552 0.1371527777777778 0.7182539682539683 0.14310515873015872 0.7200176366843033 0.14657738095238096 0.7275132275132276 0.15476190476190477 0.7314814814814815 0.15649801587301587 0.7332451499118166 0.15649801587301587 0.7398589065255732 0.15327380952380953 0.7429453262786596 0.15252976190476192 0.7491181657848325 0.1488095238095238 0.7552910052910053 0.1433531746031746 0.7566137566137566 0.13988095238095238 0.7561728395061729 0.13467261904761904 0.7535273368606702 0.13219246031746032
0 0.7954144620811288 0.13913690476190477 0.7870370370370371 0.13864087301587302 0.7835097001763669 0.14012896825396826 0.7742504409171076 0.1416170634920635 0.7663139329805997 0.14608134920634921 0.7641093474426808 0.1480654761904762 0.7588183421516755 0.15029761904761904 0.7570546737213404 0.1535218253968254 0.7583774250440917 0.1579861111111111 0.7663139329805997 0.15947420634920634 0.7707231040564374 0.16220238095238096 0.7729276895943563 0.1626984126984127 0.7888007054673721 0.16121031746031747 0.7958553791887125 0.15848214285714285 0.8024691358024691 0.15228174603174602 0.8029100529100529 0.1463293650793651 0.8002645502645502 0.1423611111111111
0 0.7579365079365079 0.16989087301587302 0.7570546737213404 0.17435515873015872 0.7592592592592593 0.18154761904761904 0.7632275132275133 0.18526785714285715 0.767636684303351 0.18725198412698413 0.7729276895943563 0.18824404761904762 0.7777777777777778 0.18824404761904762 0.7852733686067019 0.18675595238095238 0.7888007054673721 0.18551587301587302 0.7971781305114638 0.17807539682539683 0.7971781305114638 0.1736111111111111 0.7962962962962963 0.17237103174603174 0.7883597883597884 0.1691468253968254 0.7667548500881834 0.16815476190476192
0 0.8051146384479718 0.1661706349206349 0.8051146384479718 0.17410714285714285 0.8064373897707231 0.17559523809523808 0.8165784832451499 0.1817956349206349 0.8236331569664903 0.18427579365079366 0.8302469135802469 0.18353174603174602 0.8373015873015873 0.18055555555555555 0.83994708994709 0.17782738095238096 0.8412698412698413 0.17410714285714285 0.8386243386243386 0.16989087301587302 0.8302469135802469 0.1671626984126984 0.8236331569664903 0.1661706349206349 0.8161375661375662 0.16741071428571427 0.810405643738977 0.16592261904761904
0 0.8783068783068783 0.18427579365079366 0.8752204585537919 0.18551587301587302 0.8734567901234568 0.18824404761904762 0.8699294532627866 0.19072420634920634 0.8641975308641975 0.19345238095238096 0.8641975308641975 0.19791666666666666 0.8664021164021164 0.20064484126984128 0.8659611992945326 0.20510912698412698 0.8690476190476191 0.20907738095238096 0.876984126984127 0.2113095238095238 0.8818342151675485 0.2113095238095238 0.8928571428571429 0.20982142857142858 0.8994708994708994 0.20758928571428573 0.9021164021164021 0.20510912698412698 0.9038800705467372 0.20089285714285715 0.9029982363315696 0.19717261904761904 0.8999118165784833 0.19345238095238096 0.8932980599647267 0.18948412698412698 0.8875661375661376 0.18799603174603174 0.8818342151675485 0.1847718253968254
0 0.8082010582010583 0.18030753968253968 0.8015873015873016 0.18700396825396826 0.794973544973545 0.19122023809523808 0.7927689594356261 0.19419642857142858 0.7918871252204586 0.19866071428571427 0.7932098765432098 0.20163690476190477 0.800705467372134 0.20535714285714285 0.808641975308642 0.20610119047619047 0.8156966490299824 0.2058531746031746 0.818342151675485 0.20535714285714285 0.8245149911816578 0.20163690476190477 0.826278659611993 0.1974206349206349 0.8267195767195767 0.1932043650793651 0.8231922398589065 0.18774801587301587 0.8152557319223986 0.18154761904761904
0 0.1318342151675485 0.8132440476190477 0.12169312169312169 0.8122519841269841 0.11419753086419752 0.8122519841269841 0.10846560846560846 0.8142361111111112 0.10405643738977072 0.8179563492063492 0.1027336860670194 0.8224206349206349 0.10626102292768959 0.828125 0.10758377425044091 0.8325892857142857 0.11022927689594356 0.8340773809523809 0.11552028218694885 0.8345734126984127 0.1283068783068783 0.8313492063492064 0.1371252204585538 0.8256448412698413 0.13977072310405644 0.8226686507936508 0.13932980599647266 0.8204365079365079 0.13580246913580246 0.8149801587301587
0 0.16137566137566137 0.8306051587301587 0.1591710758377425 0.830109126984127 0.13447971781305115 0.8311011904761905 0.1300705467372134 0.8323412698412699 0.12169312169312169 0.8363095238095238 0.11904761904761904 0.8390376984126984 0.11860670194003527 0.8425099206349206 0.12125220458553791 0.8472222222222222 0.12654320987654322 0.8516865079365079 0.13315696649029982 0.8529265873015873 0.14109347442680775 0.8526785714285714 0.1455026455026455 0.8516865079365079 0.14991181657848324 0.8497023809523809 0.1574074074074074 0.8427579365079365 0.16181657848324515 0.8360615079365079 0.1626984126984127 0.832093253968254
0 0.15476190476190477 0.8013392857142857 0.15035273368606702 0.8023313492063492 0.14462081128747795 0.8048115079365079 0.1371252204585538 0.810515873015873 0.13668430335097 0.814484126984127 0.1388888888888889 0.8187003968253969 0.14285714285714285 0.8224206349206349 0.15564373897707232 0.8268849206349206 0.164021164021164 0.8271329365079365 0.17019400352733685 0.8253968253968254 0.17504409171075838 0.8226686507936508 0.17768959435626103 0.8204365079365079 0.18121693121693122 0.8152281746031746 0.18077601410934743 0.810515873015873 0.1781305114638448 0.8067956349206349 0.1781305114638448 0.8025793650793651 0.17239858906525574 0.8015873015873016
0 0.14285714285714285 0.7874503968253969 0.13095238095238096 0.7876984126984127 0.12257495590828923 0.7891865079365079 0.10714285714285714 0.7978670634920635 0.10493827160493827 0.8025793650793651 0.10626102292768959 0.8058035714285714 0.10758377425044091 0.8072916666666666 0.11596119929453262 0.8115079365079365 0.12522045855379188 0.8125 0.13403880070546736 0.8120039682539683 0.1402116402116402 0.808531746031746 0.14638447971781304 0.8035714285714286 0.14770723104056438 0.800843253968254 0.1472663139329806 0.7916666666666666 0.14594356261022928 0.7894345238095238
0 0.1472663139329806 0.7750496031746031 0.1424162257495591 0.7790178571428571 0.14153439153439154 0.785218253968254 0.14682539682539683 0.7911706349206349 0.14991181657848324 0.7931547619047619 0.15432098765432098 0.7943948412698413 0.1626984126984127 0.7956349206349206 0.1710758377425044 0.7953869047619048 0.17724867724867724 0.7941468253968254 0.18606701940035272 0.7904265873015873 0.18915343915343916 0.7872023809523809 0.18694885361552027 0.7795138888888888 0.18518518518518517 0.777281746031746 0.18033509700176367 0.7743055555555556 0.17063492063492064 0.7718253968253969 0.16313932980599646 0.7715773809523809
0 0.23192239858906524 0.7790178571428571 0.22971781305114639 0.7775297619047619 0.2239858906525573 0.7760416666666666 0.21869488536155202 0.7723214285714286 0.21472663139329806 0.7708333333333334 0.21031746031746032 0.7705853174603174 0.19753086419753085 0.7723214285714286 0.19444444444444445 0.7738095238095238 0.18959435626102292 0.779265873015873 0.18915343915343916 0.783234126984127 0.19091710758377425 0.7857142857142857 0.1935626102292769 0.7869543650793651 0.1970899470899471 0.7874503968253969 0.20679012345679013 0.7874503968253969 0.2173721340388007 0.7854662698412699 0.2275132275132275 0.7824900793650794 0.23015873015873015 0.78125
0 0.2958553791887125 0.7894345238095238 0.29056437389770723 0.7911706349206349 0.2879188712522046 0.7931547619047619 0.2865961199294533 0.7953869047619048 0.2857142857142857 0.8058035714285714 0.28703703703703703 0.8095238095238095 0.2896825396825397 0.8134920634920635 0.2958553791887125 0.816468253968254 0.3002645502645503 0.8174603174603174 0.30952380952380953 0.8177083333333334 0.3117283950617284 0.8147321428571429 0.3152557319223986 0.8132440476190477 0.3236331569664903 0.8062996031746031 0.3253968253968254 0.8033234126984127 0.32583774250440917 0.7983630952380952 0.32319223985890655 0.7946428571428571 0.3170194003527337 0.7911706349206349 0.3082010582010582 0.7891865079365079 0.2998236331569665 0.7889384920634921
0 0.8434744268077602 0.21106150793650794 0.8412698412698413 0.2123015873015873 0.8364197530864198 0.2130456349206349 0.8350970017636684 0.2152777777777778 0.8293650793650794 0.22023809523809523 0.8293650793650794 0.22941468253968253 0.8306878306878307 0.23239087301587302 0.8373015873015873 0.23660714285714285 0.8434744268077602 0.23834325396825398 0.8522927689594356 0.23834325396825398 0.8584656084656085 0.23735119047619047 0.8655202821869489 0.23387896825396826 0.8694885361552028 0.22891865079365079 0.8708112874779541 0.22371031746031747 0.8690476190476191 0.2197420634920635 0.8668430335097002 0.21750992063492064 0.8571428571428571 0.2123015873015873 0.8474426807760141 0.2123015873015873
0 0.800705467372134 0.21676587301587302 0.7954144620811288 0.21875 0.791005291005291 0.2214781746031746 0.7857142857142857 0.22296626984126985 0.7848324514991182 0.22569444444444445 0.7861552028218695 0.22941468253968253 0.7879188712522046 0.2316468253968254 0.7962962962962963 0.23635912698412698 0.8020282186948854 0.23834325396825398 0.8077601410934744 0.23933531746031747 0.8161375661375662 0.23883928571428573 0.822310405643739 0.23635912698412698 0.8236331569664903 0.23363095238095238 0.8289241622574955 0.22916666666666666 0.8306878306878307 0.22594246031746032 0.8302469135802469 0.22321428571428573 0.8267195767195767 0.22023809523809523 0.8227513227513228 0.21924603174603174 0.8170194003527337 0.21676587301587302 0.8095238095238095 0.21626984126984128
0 0.8090828924162258 0.251984126984127 0.8015873015873016 0.2482638888888889 0.7954144620811288 0.2472718253968254 0.7843915343915344 0.24801587301587302 0.7751322751322751 0.2517361111111111 0.7702821869488536 0.25768849206349204 0.7671957671957672 0.2591765873015873 0.7645502645502645 0.26339285714285715 0.7645502645502645 0.26785714285714285 0.7663139329805997 0.2690972222222222 0.7671957671957672 0.27157738095238093 0.7746913580246914 0.27232142857142855 0.7760141093474426 0.2708333333333333 0.7786596119929453 0.26959325396825395 0.79673721340388 0.26785714285714285 0.8073192239858906 0.26438492063492064 0.8095238095238095 0.2631448412698413 0.8121693121693122 0.2601686507936508 0.8117283950617284 0.2554563492063492
0 0.8434744268077602 0.24801587301587302 0.8359788359788359 0.25049603174603174 0.8293650793650794 0.2537202380952381 0.8249559082892416 0.2594246031746032 0.8249559082892416 0.263640873015873 0.8271604938271605 0.267609126984127 0.8298059964726632 0.2700892857142857 0.8337742504409171 0.2718253968253968 0.8430335097001763 0.27380952380952384 0.8522927689594356 0.27380952380952384 0.8580246913580247 0.2728174603174603 0.8650793650793651 0.2693452380952381 0.8681657848324515 0.2638888888888889 0.8686067019400353 0.2562003968253968 0.8650793650793651 0.25148809523809523 0.8589065255731922 0.24801587301587302
0 0.9065255731922398 0.2472718253968254 0.894620811287478 0.24379960317460317 0.8844797178130511 0.24404761904761904 0.8783068783068783 0.2465277777777778 0.8747795414462081 0.2509920634920635 0.873015873015873 0.25570436507936506 0.8734567901234568 0.2604166666666667 0.8783068783068783 0.2666170634920635 0.8818342151675485 0.26537698412698413 0.8915343915343915 0.263640873015873 0.9012345679012346 0.2601686507936508 0.9065255731922398 0.2569444444444444 0.9091710758377425 0.2524801587301587
0 0.8522927689594356 0.2757936507936508 0.845679012345679 0.2760416666666667 0.8368606701940036 0.2775297619047619 0.8293650793650794 0.28075396825396826 0.8267195767195767 0.283234126984127 0.8249559082892416 0.2864583333333333 0.8245149911816578 0.29389880952380953 0.8267195767195767 0.2976190476190476 0.8373015873015873 0.3038194444444444 0.8434744268077602 0.3060515873015873 0.8465608465608465 0.30481150793650796 0.8500881834215167 0.2996031746031746 0.8562610229276896 0.294890873015873 0.8597883597883598 0.2896825396825397 0.8619929453262787 0.2837301587301587 0.8611111111111112 0.2805059523809524 0.8580246913580247 0.2767857142857143
0 0.8571428571428571 0.3038194444444444 0.849647266313933 0.3060515873015873 0.8430335097001763 0.3097718253968254 0.8386243386243386 0.31398809523809523 0.8386243386243386 0.3149801587301587 0.841710758377425 0.3187003968253968 0.8474426807760141 0.32068452380952384 0.8505291005291006 0.3229166666666667 0.8567019400352733 0.32316468253968256 0.8611111111111112 0.32514880952380953 0.8655202821869489 0.32589285714285715 0.8712522045855379 0.3246527777777778 0.8752204585537919 0.32242063492063494 0.8787477954144621 0.3187003968253968 0.8791887125220459 0.3100198412698413 0.8752204585537919 0.30654761904761907 0.8716931216931217 0.30456349206349204 0.8655202821869489 0.3033234126984127
0 0.8928571428571429 0.2849702380952381 0.8844797178130511 0.2847222222222222 0.8778659611992945 0.28596230158730157 0.8747795414462081 0.2874503968253968 0.8712522045855379 0.29117063492063494 0.8708112874779541 0.29737103174603174 0.873015873015873 0.30282738095238093 0.8778659611992945 0.30679563492063494 0.8805114638447972 0.310515873015873 0.8844797178130511 0.3117559523809524 0.8910934744268078 0.310515873015873 0.9016754850088183 0.3038194444444444 0.9065255731922398 0.29836309523809523 0.908289241622575 0.294890873015873 0.9087301587301587 0.29092261904761907 0.9065255731922398 0.2884424603174603 0.9025573192239859 0.2867063492063492
0 0.5731922398589065 0.1800595238095238 0.5599647266313933 0.1783234126984127 0.5515873015873016 0.17857142857142858 0.544973544973545 0.18129960317460317 0.5379188712522046 0.18625992063492064 0.5365961199294532 0.18898809523809523 0.5361552028218695 0.19370039682539683 0.5379188712522046 0.1974206349206349 0.5418871252204586 0.2013888888888889 0.5454144620811288 0.20362103174603174 0.5511463844797179 0.20535714285714285 0.5590828924162258 0.20510912698412698 0.5656966490299824 0.20362103174603174 0.5731922398589065 0.19866071428571427 0.5767195767195767 0.19370039682539683 0.578042328042328 0.1902281746031746 0.578042328042328 0.18700396825396826 0.576278659611993 0.1817956349206349
0 0.3853615520282187 0.30282738095238093 0.38227513227513227 0.3053075396825397 0.37786596119929455 0.30679563492063494 0.3765432098765432 0.314484126984127 0.3783068783068783 0.3187003968253968 0.3853615520282187 0.3236607142857143 0.3924162257495591 0.326140873015873 0.400352733686067 0.3263888888888889 0.4069664902998236 0.32514880952380953 0.4122574955908289 0.32217261904761907 0.41622574955908287 0.3187003968253968 0.41710758377425045 0.31374007936507936 0.414021164021164 0.3100198412698413 0.41005291005291006 0.30654761904761907 0.4021164021164021 0.3023313492063492 0.3955026455026455 0.3020833333333333
0 0.42239858906525574 0.3323412698412698 0.41975308641975306 0.3315972222222222 0.4104938271604938 0.3325892857142857 0.4052028218694885 0.3335813492063492 0.39197530864197533 0.33779761904761907 0.390652557319224 0.3420138888888889 0.3937389770723104 0.3462301587301587 0.39814814814814814 0.34970238095238093 0.4052028218694885 0.35143849206349204 0.4126984126984127 0.35119047619047616 0.42063492063492064 0.34970238095238093 0.42548500881834217 0.34672619047619047 0.42857142857142855 0.34226190476190477 0.42857142857142855 0.33903769841269843 0.42724867724867727 0.33556547619047616
0 0.3218694885361552 0.20610119047619047 0.31613756613756616 0.2065972222222222 0.3073192239858907 0.2088293650793651 0.3020282186948854 0.21254960317460317 0.30070546737213405 0.2170138888888889 0.30335097001763667 0.22073412698412698 0.3090828924162258 0.22470238095238096 0.3117283950617284 0.22544642857142858 0.31613756613756616 0.2279265873015873 0.3236331569664903 0.2286706349206349 0.3368606701940035 0.22470238095238096 0.33994708994708994 0.22073412698412698 0.3403880070546737 0.21478174603174602 0.33994708994708994 0.21279761904761904 0.33465608465608465 0.2088293650793651 0.3289241622574956 0.20684523809523808
0 0.23677248677248677 0.24702380952380953 0.23148148148148148 0.24801587301587302 0.22530864197530864 0.25223214285714285 0.22354497354497355 0.25570436507936506 0.22530864197530864 0.2619047619047619 0.2310405643738977 0.267609126984127 0.23236331569664903 0.2700892857142857 0.23985890652557318 0.27356150793650796 0.2447089947089947 0.27455357142857145 0.24779541446208111 0.27455357142857145 0.2566137566137566 0.27306547619047616 0.2605820105820106 0.27157738095238093 0.25793650793650796 0.267609126984127 0.2605820105820106 0.265625 0.263668430335097 0.25967261904761907 0.263668430335097 0.2554563492063492 0.2619047619047619 0.251984126984127 0.25793650793650796 0.24875992063492064 0.25440917107583777 0.2472718253968254 0.2495590828924162 0.24677579365079366
0 0.29056437389770723 0.3492063492063492 0.2879188712522046 0.35143849206349204 0.2865961199294533 0.3559027777777778 0.2865961199294533 0.36086309523809523 0.2879188712522046 0.36235119047619047 0.3064373897707231 0.3695436507936508 0.3099647266313933 0.37003968253968256 0.31746031746031744 0.36904761904761907 0.3236331569664903 0.3658234126984127 0.3271604938271605 0.36086309523809523 0.3271604938271605 0.35441468253968256 0.3236331569664903 0.3501984126984127 0.31613756613756616 0.34771825396825395 0.30952380952380953 0.3464781746031746 0.30158730158730157 0.34672619047619047
0 0.16534391534391535 0.296875 0.1609347442680776 0.3023313492063492 0.16181657848324515 0.3062996031746032 0.16313932980599646 0.3080357142857143 0.1728395061728395 0.3125 0.18298059964726632 0.31572420634920634 0.19268077601410935 0.3162202380952381 0.19929453262786595 0.31473214285714285 0.2054673721340388 0.3117559523809524 0.20634920634920634 0.3100198412698413 0.20502645502645503 0.3053075396825397 0.195326278659612 0.2986111111111111 0.1917989417989418 0.29712301587301587 0.18430335097001763 0.2951388888888889 0.17901234567901234 0.29464285714285715 0.1697530864197531 0.29464285714285715
0 0.11904761904761904 0.310515873015873 0.11948853615520282 0.31473214285714285 0.12125220458553791 0.31572420634920634 0.14638447971781304 0.3179563492063492 0.15652557319223986 0.31721230158730157 0.16225749559082892 0.3152281746031746 0.16666666666666666 0.314484126984127 0.1675485008818342 0.31101190476190477 0.16225749559082892 0.3080357142857143 0.1591710758377425 0.30431547619047616 0.15299823633156967 0.3010912698412698 0.14947089947089948 0.29985119047619047 0.1437389770723104 0.2993551587301587 0.1353615520282187 0.29985119047619047 0.12610229276895943 0.30257936507936506 0.12125220458553791 0.30654761904761907 0.12081128747795414 0.3087797619047619
0 0.09259259259259259 0.3209325396825397 0.09215167548500881 0.32242063492063494 0.09656084656084656 0.32490079365079366 0.09964726631393298 0.3291170634920635 0.10890652557319223 0.3343253968253968 0.11772486772486772 0.33779761904761907 0.11992945326278659 0.3382936507936508 0.12918871252204586 0.33804563492063494 0.13668430335097 0.3345734126984127 0.13977072310405644 0.32961309523809523 0.1402116402116402 0.3256448412698413 0.13756613756613756 0.3229166666666667 0.13227513227513227 0.32043650793650796 0.12345679012345678 0.31845238095238093 0.12169312169312169 0.31721230158730157 0.10229276895943562 0.3169642857142857 0.09700176366843033 0.31820436507936506
0 0.17680776014109348 0.35887896825396826 0.1710758377425044 0.36086309523809523 0.16313932980599646 0.36507936507936506 0.16313932980599646 0.3705357142857143 0.17195767195767195 0.376984126984127 0.17680776014109348 0.3792162698412698 0.18298059964726632 0.38095238095238093 0.1917989417989418 0.38070436507936506 0.19797178130511464 0.37822420634920634 0.20282186948853614 0.3732638888888889 0.20326278659611993 0.3685515873015873 0.2019400352733686 0.3648313492063492 0.1984126984126984 0.3611111111111111 0.19400352733686066 0.359375 0.18562610229276896 0.3586309523809524
0 0.23897707231040563 0.3687996031746032 0.23192239858906524 0.3707837301587302 0.222663139329806 0.375 0.2208994708994709 0.37822420634920634 0.21869488536155202 0.3802083333333333 0.21869488536155202 0.38492063492063494 0.2222222222222222 0.38665674603174605 0.2257495590828924 0.3896329365079365 0.23015873015873015 0.39112103174603174 0.23192239858906524 0.39285714285714285 0.23897707231040563 0.39384920634920634 0.24603174603174602 0.39360119047619047 0.25 0.39285714285714285 0.2605820105820106 0.3869047619047619 0.26322751322751325 0.38169642857142855 0.2623456790123457 0.37276785714285715 0.2605820105820106 0.3707837301587302 0.25396825396825395 0.36929563492063494
0 0.06349206349206349 0.3777281746031746 0.059964726631393295 0.38070436507936506 0.059964726631393295 0.38492063492063494 0.06569664902998236 0.38913690476190477 0.07231040564373897 0.3916170634920635 0.08068783068783068 0.3931051587301587 0.08862433862433862 0.3931051587301587 0.09391534391534391 0.39211309523809523 0.0992063492063492 0.38913690476190477 0.10185185185185185 0.38492063492063494 0.10141093474426807 0.38070436507936506 0.09347442680776014 0.37524801587301587 0.08597883597883597 0.3732638888888889 0.07980599647266313 0.3725198412698413 0.06878306878306878 0.37524801587301587
0 0.10758377425044091 0.39087301587301587 0.10582010582010581 0.3931051587301587 0.10008818342151675 0.3960813492063492 0.10008818342151675 0.3978174603174603 0.10317460317460317 0.4020337301587302 0.10405643738977072 0.40476190476190477 0.10670194003527336 0.40674603174603174 0.12301587301587301 0.4124503968253968 0.1283068783068783 0.4131944444444444 0.13977072310405644 0.41220238095238093 0.14947089947089948 0.40625 0.14947089947089948 0.39831349206349204 0.14770723104056438 0.39632936507936506 0.1424162257495591 0.3933531746031746 0.12874779541446207 0.390625 0.1128747795414462 0.3896329365079365
0 0.07142857142857142 0.40029761904761907 0.06349206349206349 0.404265873015873 0.06040564373897707 0.4079861111111111 0.06128747795414462 0.41220238095238093 0.07275132275132275 0.41889880952380953 0.07716049382716049 0.42038690476190477 0.08333333333333333 0.42137896825396826 0.08686067019400352 0.423859126984127 0.09391534391534391 0.423859126984127 0.09656084656084656 0.42311507936507936 0.10052910052910052 0.42038690476190477 0.10141093474426807 0.4154265873015873 0.09788359788359788 0.40674603174603174 0.09479717813051146 0.4025297619047619 0.09171075837742504 0.40029761904761907 0.08774250440917107 0.3993055555555556 0.07892416225749559 0.3993055555555556
0 0.015432098765432098 0.41195436507936506 0.017195767195767195 0.41716269841269843 0.03042328042328042 0.423859126984127 0.03527336860670194 0.42509920634920634 0.04409171075837742 0.42584325396825395 0.05114638447971781 0.4243551587301587 0.05731922398589065 0.419890873015873 0.05864197530864197 0.4114583333333333 0.05731922398589065 0.4079861111111111 0.054673721340388004 0.4069940476190476 0.04585537918871252 0.4055059523809524 0.037037037037037035 0.4055059523809524 0.023809523809523808 0.40848214285714285
0 0.010582010582010581 0.4340277777777778 0.007054673721340388 0.435515873015873 0.0048500881834215165 0.43874007936507936 0.004409171075837742 0.4439484126984127 0.005731922398589065 0.4476686507936508 0.013668430335097001 0.455109126984127 0.018518518518518517 0.4568452380952381 0.024250440917107582 0.46056547619047616 0.03130511463844797 0.4600694444444444 0.03439153439153439 0.45709325396825395 0.03968253968253968 0.455109126984127 0.04497354497354497 0.451140873015873 0.045414462081128745 0.44642857142857145 0.04409171075837742 0.4419642857142857 0.039241622574955906 0.4365079365079365 0.03130511463844797 0.43353174603174605 0.027336860670194002 0.4330357142857143 0.017195767195767195 0.4330357142857143
0 0.19753086419753085 0.4166666666666667 0.18738977072310406 0.4156746031746032 0.18033509700176367 0.41592261904761907 0.16358024691358025 0.4201388888888889 0.15873015873015872 0.423859126984127 0.15784832451499117 0.4273313492063492 0.15961199294532627 0.43179563492063494 0.1626984126984127 0.43427579365079366 0.17019400352733685 0.4375 0.17680776014109348 0.4392361111111111 0.18430335097001763 0.43799603174603174 0.18915343915343916 0.43625992063492064 0.19444444444444445 0.4330357142857143 0.19929453262786595 0.42782738095238093 0.19973544973544974 0.41964285714285715
0 0.23941798941798942 0.43005952380952384 0.21825396825396826 0.42931547619047616 0.21164021164021163 0.4303075396825397 0.20767195767195767 0.43154761904761907 0.2037037037037037 0.4350198412698413 0.20326278659611993 0.44345238095238093 0.20767195767195767 0.44742063492063494 0.21208112874779542 0.4496527777777778 0.21825396825396826 0.4503968253968254 0.22530864197530864 0.45014880952380953 0.23324514991181658 0.44742063492063494 0.23985890652557318 0.4439484126984127 0.24514991181657847 0.43799603174603174 0.24779541446208111 0.43625992063492064 0.24779541446208111 0.4350198412698413
0 0.19091710758377425 0.4739583333333333 0.18915343915343916 0.47470238095238093 0.1865079365079365 0.484375 0.18694885361552027 0.4880952380952381 0.19091710758377425 0.4935515873015873 0.1984126984126984 0.4975198412698413 0.20502645502645503 0.4982638888888889 0.21208112874779542 0.49677579365079366 0.2239858906525573 0.49007936507936506 0.2257495590828924 0.4868551587301587 0.2244268077601411 0.482390873015873 0.2156084656084656 0.47619047619047616 0.20987654320987653 0.47445436507936506 0.20105820105820105 0.47346230158730157
0 0.2751322751322751 0.4809027777777778 0.2623456790123457 0.482390873015873 0.25749559082892415 0.48462301587301587 0.2535273368606702 0.48561507936507936 0.2482363315696649 0.49007936507936506 0.2464726631393298 0.4930555555555556 0.2464726631393298 0.4947916666666667 0.25220458553791886 0.49702380952380953 0.2566137566137566 0.5 0.2601410934744268 0.5014880952380952 0.2671957671957672 0.5032242063492064 0.281305114638448 0.5027281746031746 0.28668430335097006 0.5009672619047619 0.2892416225749559 0.49875992063492064 0.29056437389770723 0.49702380952380953 0.291005291005291 0.4898313492063492 0.28835978835978837 0.48487103174603174 0.2830687830687831 0.482390873015873
0 0.33641975308641975 0.4732142857142857 0.33377425044091713 0.47470238095238093 0.3298059964726631 0.47941468253968256 0.32936507936507936 0.48139880952380953 0.3298059964726631 0.48412698412698413 0.33377425044091713 0.4880952380952381 0.3368606701940035 0.4898313492063492 0.34347442680776014 0.49107142857142855 0.3514109347442681 0.4913194444444444 0.3602292768959436 0.49032738095238093 0.3646384479717813 0.4878472222222222 0.3655202821869489 0.486359126984127 0.36596119929453264 0.4789186507936508 0.36507936507936506 0.4774305555555556 0.35978835978835977 0.47445436507936506 0.3562610229276896 0.47346230158730157 0.3544973544973545 0.4724702380952381 0.35361552028218696 0.470734126984127 0.35185185185185186 0.47023809523809523 0.345679012345679 0.4704861111111111 0.3425925925925926 0.4724702380952381
0 0.42063492063492064 0.44717261904761907 0.41887125220458554 0.44717261904761907 0.4131393298059965 0.4489087301587302 0.41005291005291006 0.45089285714285715 0.4060846560846561 0.4521329365079365 0.4021164021164021 0.45461309523809523 0.39991181657848324 0.45882936507936506 0.3990299823633157 0.4635416666666667 0.400352733686067 0.4677579365079365 0.4021164021164021 0.4694940476190476 0.4056437389770723 0.47098214285714285 0.4069664902998236 0.47271825396825395 0.4122574955908289 0.4749503968253968 0.42151675485008816 0.4749503968253968 0.4312169312169312 0.47346230158730157 0.4365079365079365 0.46999007936507936 0.4382716049382716 0.46726190476190477 0.43783068783068785 0.46056547619047616 0.43562610229276894 0.455109126984127 0.43386243386243384 0.453125 0.431657848324515 0.4521329365079365 0.4237213403880071 0.45014880952380953 0.42151675485008816 0.4489087301587302
0 0.45987654320987653 0.46651785714285715 0.45634920634920634 0.4660218253968254 0.4506172839506173 0.46651785714285715 0.4470899470899471 0.4677579365079365 0.43959435626102294 0.46899801587301587 0.43694885361552027 0.4704861111111111 0.431657848324515 0.4756944444444444 0.4294532627865961 0.48214285714285715 0.43209876543209874 0.4868551587301587 0.43386243386243384 0.4880952380952381 0.44223985890652556 0.49032738095238093 0.44753086419753085 0.4908234126984127 0.4559082892416226 0.4905753968253968 0.4620811287477954 0.4888392857142857 0.4660493827160494 0.4868551587301587 0.4708994708994709 0.48139880952380953 0.4713403880070547 0.4742063492063492
0 0.40652557319223986 0.47643849206349204 0.3985890652557319 0.47544642857142855 0.39021164021164023 0.4774305555555556 0.3853615520282187 0.47941468253968256 0.3800705467372134 0.48933531746031744 0.3818342151675485 0.4937996031746032 0.3853615520282187 0.49603174603174605 0.40167548500881833 0.49702380952380953 0.40652557319223986 0.4962797619047619 0.4113756613756614 0.49404761904761907 0.4131393298059965 0.49107142857142855 0.4131393298059965 0.4853670634920635 0.4122574955908289 0.4826388888888889 0.40828924162257496 0.4791666666666667
0 0.4739858906525573 0.48660714285714285 0.47178130511463845 0.49007936507936506 0.4708994708994709 0.49429563492063494 0.4801587301587302 0.5007440476190477 0.4894179894179894 0.5034722222222222 0.4947089947089947 0.503968253968254 0.5035273368606702 0.5037202380952381 0.5074955908289241 0.501984126984127 0.5101410934744268 0.49950396825396826 0.517636684303351 0.5007440476190477 0.5211640211640212 0.4982638888888889 0.5171957671957672 0.49429563492063494 0.5180776014109347 0.4898313492063492 0.5145502645502645 0.4861111111111111 0.5097001763668431 0.4826388888888889 0.49691358024691357 0.4789186507936508 0.4894179894179894 0.47867063492063494 0.4828042328042328 0.4806547619047619
0 0.5246913580246914 0.48387896825396826 0.5202821869488536 0.486359126984127 0.5194003527336861 0.49032738095238093 0.5211640211640212 0.4947916666666667 0.5277777777777778 0.49975198412698413 0.5361552028218695 0.5037202380952381 0.5379188712522046 0.5057043650793651 0.544973544973545 0.5059523809523809 0.5493827160493827 0.503968253968254 0.550705467372134 0.5022321428571429 0.5551146384479718 0.5 0.5573192239858906 0.4965277777777778 0.5573192239858906 0.49032738095238093 0.5551146384479718 0.48759920634920634 0.5520282186948854 0.48561507936507936 0.5454144620811288 0.4836309523809524 0.5392416225749559 0.48288690476190477 0.5304232804232805 0.48288690476190477
0 0.5731922398589065 0.484375 0.5665784832451499 0.4908234126984127 0.560405643738977 0.49528769841269843 0.5595238095238095 0.49702380952380953 0.560405643738977 0.5004960317460317 0.5656966490299824 0.5042162698412699 0.576278659611993 0.5059523809523809 0.5873015873015873 0.5062003968253969 0.58994708994709 0.5054563492063492 0.593915343915344 0.5027281746031746 0.593915343915344 0.498015873015873 0.5912698412698413 0.4937996031746032 0.5842151675485009 0.486359126984127 0.5802469135802469 0.48387896825396826
0 0.6283068783068783 0.5034722222222222 0.6208112874779541 0.5084325396825397 0.6172839506172839 0.5099206349206349 0.6159611992945326 0.5146329365079365 0.6177248677248677 0.5218253968253969 0.6216931216931217 0.5260416666666666 0.626984126984127 0.5270337301587301 0.6362433862433863 0.527281746031746 0.6428571428571429 0.5260416666666666 0.6494708994708994 0.5240575396825397 0.6525573192239859 0.5215773809523809 0.654320987654321 0.5178571428571429 0.6534391534391535 0.5141369047619048 0.6512345679012346 0.5099206349206349 0.6450617283950617 0.5076884920634921 0.6428571428571429 0.5057043650793651 0.6393298059964727 0.5052083333333334 0.6358024691358025 0.5034722222222222
0 0.6084656084656085 0.533234126984127 0.6071428571428571 0.5367063492063492 0.607583774250441 0.5416666666666666 0.6102292768959435 0.544890873015873 0.6164021164021164 0.5466269841269841 0.6234567901234568 0.5476190476190477 0.6300705467372134 0.5476190476190477 0.6358024691358025 0.546875 0.6419753086419753 0.5453869047619048 0.6463844797178131 0.5434027777777778 0.6529982363315696 0.5421626984126984 0.6547619047619048 0.5411706349206349 0.6525573192239859 0.5372023809523809 0.6481481481481481 0.5322420634920635 0.642416225749559 0.5285218253968254 0.626984126984127 0.5287698412698413 0.6208112874779541 0.5282738095238095 0.6124338624338624 0.5300099206349206
0 0.593915343915344 0.5245535714285714 0.5868606701940036 0.5250496031746031 0.5842151675485009 0.5280257936507936 0.5806878306878307 0.5297619047619048 0.5771604938271605 0.5329861111111112 0.5753968253968254 0.5362103174603174 0.5730599647266315 0.5385912698412698 0.5728395061728395 0.5422867063492064 0.5774250440917107 0.5457589285714286 0.5811287477954145 0.5458829365079365 0.5943562610229277 0.5466269841269841 0.6018518518518519 0.5451388888888888 0.6044973544973545 0.5434027777777778 0.6058201058201058 0.5396825396825397 0.605379188712522 0.5339781746031746 0.5961199294532628 0.5275297619047619
0 0.572310405643739 0.5059523809523809 0.5656966490299824 0.5076884920634921 0.558641975308642 0.511656746031746 0.5573192239858906 0.5131448412698413 0.558641975308642 0.5205853174603174 0.5595238095238095 0.5215773809523809 0.5639329805996472 0.5228174603174603 0.5687830687830688 0.5255456349206349 0.5802469135802469 0.5280257936507936 0.5912698412698413 0.5223214285714286 0.593915343915344 0.519593253968254 0.5947971781305115 0.515625 0.5943562610229277 0.5096726190476191 0.5930335097001763 0.5084325396825397 0.5873015873015873 0.5066964285714286
0 0.5445326278659612 0.5198412698412699 0.5379188712522046 0.5208333333333334 0.5339506172839507 0.5225694444444444 0.5286596119929453 0.5290178571428571 0.5291005291005291 0.5337301587301587 0.5321869488536155 0.5362103174603174 0.5454144620811288 0.5426587301587301 0.5524691358024691 0.5421626984126984 0.5621693121693122 0.5399305555555556 0.5679012345679012 0.535218253968254 0.5718694885361552 0.5290178571428571 0.5701058201058201 0.5270337301587301 0.5590828924162258 0.5218253968253969
0 0.5167548500881834 0.5029761904761905 0.5149911816578483 0.5049603174603174 0.5149911816578483 0.5099206349206349 0.527336860670194 0.5161210317460317 0.531305114638448 0.5203373015873016 0.5392416225749559 0.5208333333333334 0.5445326278659612 0.519593253968254 0.5462962962962963 0.5186011904761905 0.5476190476190477 0.5158730158730159 0.5476190476190477 0.5124007936507936 0.5440917107583775 0.5089285714285714 0.5365961199294532 0.5054563492063492 0.5326278659611993 0.5014880952380952 0.5304232804232805 0.5004960317460317 0.5242504409171076 0.5
0 0.5097001763668431 0.5114087301587301 0.5008818342151675 0.513640873015873 0.49603174603174605 0.5161210317460317 0.4947089947089947 0.5173611111111112 0.4947089947089947 0.5215773809523809 0.5097001763668431 0.5314980158730159 0.517636684303351 0.5339781746031746 0.5238095238095238 0.5322420634920635 0.5277777777777778 0.5302579365079365 0.5317460317460317 0.5257936507936508 0.533068783068783 0.5213293650793651 0.5295414462081128 0.5173611111111112 0.5238095238095238 0.513640873015873 0.517636684303351 0.511656746031746
0 0.4894179894179894 0.503968253968254 0.4828042328042328 0.501984126984127 0.47442680776014107 0.5014880952380952 0.46164021164021163 0.5037202380952381 0.455026455026455 0.5057043650793651 0.45105820105820105 0.5096726190476191 0.4497354497354497 0.517609126984127 0.4523809523809524 0.5181051587301587 0.45458553791887124 0.5193452380952381 0.4554673721340388 0.5213293650793651 0.4576719576719577 0.5230654761904762 0.46164021164021163 0.5240575396825397 0.47354497354497355 0.5238095238095238 0.48412698412698413 0.5218253968253969 0.4933862433862434 0.5173611111111112 0.4947089947089947 0.5133928571428571 0.49250440917107585 0.5057043650793651
0 0.5304232804232805 0.5369543650793651 0.5167548500881834 0.5374503968253969 0.5105820105820106 0.5386904761904762 0.5057319223985891 0.5414186507936508 0.5057319223985891 0.5458829365079365 0.5101410934744268 0.5565476190476191 0.513668430335097 0.558531746031746 0.5167548500881834 0.5615079365079365 0.5242504409171076 0.5595238095238095 0.5335097001763669 0.5553075396825397 0.5383597883597884 0.550843253968254 0.5427689594356261 0.5451388888888888 0.5401234567901234 0.5404265873015873 0.5365961199294532 0.5386904761904762
0 0.576278659611993 0.5453869047619048 0.5731922398589065 0.5426587301587301 0.5670194003527337 0.5401785714285714 0.5590828924162258 0.5406746031746031 0.5476190476190477 0.5436507936507936 0.5401234567901234 0.5486111111111112 0.5365961199294532 0.5523313492063492 0.5370370370370371 0.5558035714285714 0.5383597883597884 0.5567956349206349 0.5520282186948854 0.5607638888888888 0.562610229276896 0.5610119047619048 0.5709876543209876 0.5600198412698413 0.5784832451499118 0.5567956349206349 0.5789241622574955 0.5500992063492064
0 0.6005291005291006 0.5461309523809523 0.5943562610229277 0.5486111111111112 0.5970017636684304 0.5525793650793651 0.5965608465608465 0.5567956349206349 0.599647266313933 0.5629960317460317 0.6058201058201058 0.5689484126984127 0.6097883597883598 0.5709325396825397 0.61331569664903 0.5716765873015873 0.6212522045855379 0.5709325396825397 0.6274250440917107 0.5687003968253969 0.6353615520282186 0.5637400793650794 0.6375661375661376 0.5607638888888888 0.6362433862433863 0.5560515873015873 0.6305114638447972 0.5515873015873016 0.623015873015873 0.5483630952380952 0.6084656084656085 0.5453869047619048
0 0.5943562610229277 0.5543154761904762 0.5859788359788359 0.5548115079365079 0.5811287477954145 0.5558035714285714 0.5687830687830688 0.5607638888888888 0.5648148148148148 0.5632440476190477 0.5639329805996472 0.5687003968253969 0.5679012345679012 0.5736607142857143 0.5709876543209876 0.5753968253968254 0.5793650793650794 0.578125 0.5868606701940036 0.5783730158730159 0.591710758377425 0.5771329365079365 0.5952380952380952 0.5756448412698413 0.5983245149911817 0.5724206349206349 0.5992063492063492 0.5637400793650794 0.5978835978835979 0.5572916666666666 0.5965608465608465 0.5553075396825397
0 0.2848324514991182 0.7663690476190477 0.27998236331569665 0.7651289682539683 0.2724867724867725 0.7646329365079365 0.26675485008818345 0.765625 0.26146384479717816 0.7683531746031746 0.25308641975308643 0.7780257936507936 0.2526455026455027 0.783234126984127 0.25308641975308643 0.7857142857142857 0.25440917107583777 0.7872023809523809 0.26102292768959434 0.7889384920634921 0.26807760141093473 0.7889384920634921 0.2742504409171076 0.7876984126984127 0.2821869488536155 0.7872023809523809 0.29012345679012347 0.7849702380952381 0.29541446208112876 0.779265873015873 0.29541446208112876 0.7743055555555556 0.2927689594356261 0.7705853174603174
0 0.5511463844797179 0.560515873015873 0.5436507936507936 0.5580357142857143 0.5379188712522046 0.5570436507936508 0.5308641975308642 0.5580357142857143 0.5211640211640212 0.5610119047619048 0.5171957671957672 0.5637400793650794 0.5158730158730159 0.5682043650793651 0.5171957671957672 0.5719246031746031 0.5189594356261023 0.5736607142857143 0.5233686067019401 0.5763888888888888 0.5286596119929453 0.5776289682539683 0.5388007054673721 0.5776289682539683 0.5476190476190477 0.5746527777777778 0.5515873015873016 0.5724206349206349 0.5537918871252204 0.5684523809523809 0.5537918871252204 0.5632440476190477
0 0.48148148148148145 0.5458829365079365 0.4748677248677249 0.5491071428571429 0.4695767195767196 0.5525793650793651 0.4678130511463845 0.5570436507936508 0.4731040564373898 0.564484126984127 0.4801587301587302 0.5687003968253969 0.48544973544973546 0.5699404761904762 0.4973544973544973 0.5706845238095238 0.5061728395061729 0.5691964285714286 0.5079365079365079 0.5679563492063492 0.5110229276895943 0.5612599206349206 0.5097001763668431 0.5562996031746031 0.5061728395061729 0.5503472222222222 0.5004409171075838 0.5466269841269841 0.49514991181657847 0.5453869047619048 0.4880952380952381 0.5446428571428571
0 0.4237213403880071 0.5634920634920635 0.4237213403880071 0.5684523809523809 0.42592592592592593 0.5716765873015873 0.4312169312169312 0.5739087301587301 0.4409171075837742 0.5756448412698413 0.4501763668430335 0.576140873015873 0.4620811287477954 0.5749007936507936 0.47178130511463845 0.5719246031746031 0.4739858906525573 0.5696924603174603 0.4739858906525573 0.5652281746031746 0.4708994708994709 0.5617559523809523 0.46649029982363316 0.5595238095238095 0.44929453262786595 0.5560515873015873 0.44047619047619047 0.5558035714285714 0.43209876543209874 0.5575396825396826 0.4263668430335097 0.5600198412698413
0 0.4880952380952381 0.5215773809523809 0.48192239858906527 0.5220734126984127 0.47266313932980597 0.5250496031746031 0.4669312169312169 0.529265873015873 0.4660493827160494 0.5334821428571429 0.4695767195767196 0.5367063492063492 0.47795414462081126 0.5416666666666666 0.48324514991181655 0.5434027777777778 0.49029982363315694 0.5441468253968254 0.4964726631393298 0.5436507936507936 0.5017636684303352 0.5409226190476191 0.5052910052910053 0.5374503968253969 0.5070546737213404 0.5322420634920635 0.5061728395061729 0.5295138888888888 0.5013227513227513 0.5255456349206349 0.49514991181657847 0.5225694444444444
0 0.46119929453262787 0.5300099206349206 0.45458553791887124 0.5295138888888888 0.45105820105820105 0.5307539682539683 0.4444444444444444 0.535218253968254 0.43915343915343913 0.5404265873015873 0.43694885361552027 0.5446428571428571 0.43783068783068785 0.5491071428571429 0.4400352733686067 0.5518353174603174 0.445326278659612 0.5543154761904762 0.44929453262786595 0.5548115079365079 0.4642857142857143 0.5543154761904762 0.4678130511463845 0.5533234126984127 0.4748677248677249 0.548859126984127 0.4748677248677249 0.5406746031746031 0.4651675485008818 0.5329861111111112 0.4638447971781305 0.5310019841269841
0 0.4131393298059965 0.5161210317460317 0.4096119929453263 0.5173611111111112 0.40299823633156967 0.5213293650793651 0.4056437389770723 0.5255456349206349 0.4109347442680776 0.5305059523809523 0.41887125220458554 0.5357142857142857 0.42724867724867727 0.5386904761904762 0.43430335097001765 0.5389384920634921 0.43959435626102294 0.5376984126984127 0.4462081128747795 0.5329861111111112 0.4497354497354497 0.5295138888888888 0.4506172839506173 0.5267857142857143 0.4497354497354497 0.5208333333333334 0.44047619047619047 0.5166170634920635 0.4281305114638448 0.5146329365079365 0.41975308641975306 0.5148809523809523
0 0.4237213403880071 0.4905753968253968 0.4166666666666667 0.49255952380952384 0.414021164021164 0.49404761904761907 0.4104938271604938 0.498015873015873 0.4113756613756614 0.501984126984127 0.4166666666666667 0.5086805555555556 0.42151675485008816 0.5128968253968254 0.42548500881834217 0.5141369047619048 0.4409171075837742 0.5161210317460317 0.44400352733686066 0.5133928571428571 0.44929453262786595 0.5106646825396826 0.4519400352733686 0.5062003968253969 0.4514991181657848 0.4992559523809524 0.4497354497354497 0.4955357142857143 0.44753086419753085 0.4928075396825397 0.44312169312169314 0.4908234126984127 0.4347442680776014 0.4895833333333333
0 0.3897707231040564 0.49702380952380953 0.3818342151675485 0.49950396825396826 0.37786596119929455 0.5032242063492064 0.3752204585537919 0.5089285714285714 0.376984126984127 0.5148809523809523 0.37962962962962965 0.517609126984127 0.3853615520282187 0.5193452380952381 0.39197530864197533 0.5205853174603174 0.39991181657848324 0.5208333333333334 0.4087301587301587 0.5173611111111112 0.41181657848324515 0.5153769841269841 0.4144620811287478 0.5106646825396826 0.41358024691358025 0.5057043650793651 0.41005291005291006 0.5009920634920635 0.4078483245149912 0.49950396825396826 0.3994708994708995 0.4972718253968254
0 0.3412698412698413 0.4937996031746032 0.33994708994708994 0.4955357142857143 0.33994708994708994 0.49875992063492064 0.3430335097001764 0.5027281746031746 0.3505291005291005 0.5084325396825397 0.35537918871252205 0.5099206349206349 0.3637566137566138 0.5114087301587301 0.3716931216931217 0.5096726190476191 0.37433862433862436 0.5084325396825397 0.3765432098765432 0.5062003968253969 0.38095238095238093 0.4982638888888889 0.37962962962962965 0.4937996031746032 0.376984126984127 0.49231150793650796 0.3637566137566138 0.4908234126984127
0 0.3664021164021164 0.5198412698412699 0.3637566137566138 0.5218253968253969 0.359347442680776 0.5285218253968254 0.3602292768959436 0.5339781746031746 0.36155202821869487 0.5359623015873016 0.3646384479717813 0.5381944444444444 0.36904761904761907 0.5401785714285714 0.37389770723104054 0.5411706349206349 0.3915343915343915 0.5419146825396826 0.3994708994708995 0.5416666666666666 0.40476190476190477 0.5384424603174603 0.4096119929453263 0.533234126984127 0.40343915343915343 0.5240575396825397 0.3977072310405644 0.5213293650793651 0.38139329805996475 0.5186011904761905 0.37742504409171074 0.5183531746031746
0 0.4126984126984127 0.5357142857142857 0.4060846560846561 0.5379464285714286 0.404320987654321 0.5406746031746031 0.39814814814814814 0.5446428571428571 0.3990299823633157 0.5553075396825397 0.4007936507936508 0.5575396825396826 0.4056437389770723 0.5597718253968254 0.4126984126984127 0.5615079365079365 0.42063492063492064 0.5615079365079365 0.42724867724867727 0.5597718253968254 0.43606701940035275 0.5562996031746031 0.4382716049382716 0.5535714285714286 0.43783068783068785 0.5491071428571429 0.4347442680776014 0.5438988095238095 0.427689594356261 0.5391865079365079 0.42063492063492064 0.5367063492063492
0 0.3990299823633157 0.5582837301587301 0.390652557319224 0.560515873015873 0.3871252204585538 0.5629960317460317 0.3844797178130511 0.5679563492063492 0.3844797178130511 0.5756448412698413 0.3853615520282187 0.5768849206349206 0.3915343915343915 0.5803571428571429 0.3990299823633157 0.5828373015873016 0.40652557319223986 0.5828373015873016 0.4201940035273369 0.5751488095238095 0.42328042328042326 0.5726686507936508 0.42239858906525574 0.5679563492063492 0.4201940035273369 0.5657242063492064 0.414021164021164 0.5620039682539683
0 0.3492063492063492 0.5625 0.345679012345679 0.564484126984127 0.34347442680776014 0.5677083333333334 0.34347442680776014 0.5726686507936508 0.34656084656084657 0.576140873015873 0.3584656084656085 0.582093253968254 0.3646384479717813 0.5843253968253969 0.3716931216931217 0.5840773809523809 0.37742504409171074 0.582093253968254 0.38051146384479717 0.5798611111111112 0.38271604938271603 0.5734126984126984 0.38227513227513227 0.5677083333333334 0.3800705467372134 0.564484126984127 0.37389770723104054 0.5617559523809523 0.3646384479717813 0.5602678571428571 0.3575837742504409 0.560515873015873
0 0.32583774250440917 0.5672123015873016 0.30952380952380953 0.5637400793650794 0.30246913580246915 0.5639880952380952 0.2962962962962963 0.5662202380952381 0.2927689594356261 0.5684523809523809 0.29056437389770723 0.5719246031746031 0.29012345679012347 0.5771329365079365 0.2927689594356261 0.5818452380952381 0.29541446208112876 0.5833333333333334 0.30070546737213405 0.5845734126984127 0.3134920634920635 0.5845734126984127 0.3170194003527337 0.5838293650793651 0.32495590828924165 0.5806051587301587 0.3324514991181658 0.5763888888888888 0.3333333333333333 0.5729166666666666 0.33201058201058203 0.5709325396825397
0 0.2976190476190476 0.5590277777777778 0.29717813051146386 0.5607638888888888 0.3037918871252205 0.5629960317460317 0.31216931216931215 0.5639880952380952 0.32275132275132273 0.566468253968254 0.3289241622574956 0.5669642857142857 0.3403880070546737 0.564484126984127 0.3425925925925926 0.5632440476190477 0.3443562610229277 0.5607638888888888 0.3403880070546737 0.5528273809523809 0.3342151675485009 0.5498511904761905 0.32319223985890655 0.5478670634920635 0.31128747795414463 0.5503472222222222 0.30599647266313934 0.5543154761904762
0 0.3298059964726631 0.5327380952380952 0.3253968253968254 0.535218253968254 0.32319223985890655 0.5374503968253969 0.32275132275132273 0.5416666666666666 0.3262786596119929 0.5463789682539683 0.3373015873015873 0.5513392857142857 0.33994708994708994 0.5518353174603174 0.3492063492063492 0.5518353174603174 0.3549382716049383 0.550843253968254 0.35714285714285715 0.5483630952380952 0.3584656084656085 0.5438988095238095 0.3567019400352734 0.5404265873015873 0.3514109347442681 0.5369543650793651 0.35008818342151676 0.535218253968254 0.33818342151675485 0.5310019841269841 0.33465608465608465 0.53125
0 0.36067019400352734 0.5443948412698413 0.3567019400352734 0.5486111111111112 0.35537918871252205 0.5528273809523809 0.3575837742504409 0.5543154761904762 0.359347442680776 0.5582837301587301 0.3611111111111111 0.5595238095238095 0.3699294532627866 0.5612599206349206 0.37918871252204583 0.5622519841269841 0.3862433862433862 0.5612599206349206 0.3924162257495591 0.5595238095238095 0.3972663139329806 0.5567956349206349 0.39814814814814814 0.5545634920634921 0.3977072310405644 0.5473710317460317 0.3959435626102293 0.5446428571428571 0.39285714285714285 0.542906746031746 0.3871252204585538 0.5416666666666666 0.37037037037037035 0.5416666666666666 0.36419753086419754 0.5426587301587301
0 0.3368606701940035 0.5096726190476191 0.33201058201058203 0.511656746031746 0.328042328042328 0.5168650793650794 0.3298059964726631 0.5218253968253969 0.3368606701940035 0.5297619047619048 0.34347442680776014 0.5322420634920635 0.3509700176366843 0.5319940476190477 0.3584656084656085 0.5275297619047619 0.3628747795414462 0.5230654761904762 0.36596119929453264 0.5178571428571429 0.3646384479717813 0.513640873015873 0.3602292768959436 0.5109126984126984 0.35008818342151676 0.5091765873015873 0.34171075837742504 0.5089285714285714
0 0.30864197530864196 0.5161210317460317 0.3020282186948854 0.5173611111111112 0.2993827160493827 0.5188492063492064 0.2967372134038801 0.5218253968253969 0.2962962962962963 0.5257936507936508 0.2985008818342152 0.5310019841269841 0.30070546737213405 0.5337301587301587 0.3082010582010582 0.5379464285714286 0.3170194003527337 0.5384424603174603 0.32142857142857145 0.5374503968253969 0.33112874779541446 0.5319940476190477 0.3342151675485009 0.5295138888888888 0.33377425044091713 0.527281746031746 0.33112874779541446 0.5230654761904762 0.32760141093474426 0.519593253968254 0.32495590828924165 0.5181051587301587 0.31790123456790126 0.5161210317460317
0 0.281305114638448 0.5716765873015873 0.2751322751322751 0.5719246031746031 0.26102292768959434 0.5739087301587301 0.2570546737213404 0.576140873015873 0.25617283950617287 0.5808531746031746 0.25749559082892415 0.5843253968253969 0.26146384479717816 0.5882936507936508 0.26675485008818345 0.5907738095238095 0.2760141093474427 0.5912698412698413 0.281305114638448 0.5905257936507936 0.28527336860670194 0.5892857142857143 0.2914462081128748 0.5853174603174603 0.29188712522045857 0.5830853174603174 0.28880070546737213 0.5758928571428571
0 0.24691358024691357 0.5548115079365079 0.23897707231040563 0.5642361111111112 0.23941798941798942 0.5684523809523809 0.24338624338624337 0.5706845238095238 0.25308641975308643 0.5729166666666666 0.2619047619047619 0.5734126984126984 0.2768959435626102 0.5716765873015873 0.2839506172839506 0.5694444444444444 0.2848324514991182 0.5674603174603174 0.28350970017636684 0.5622519841269841 0.2791005291005291 0.5587797619047619 0.2707231040564374 0.5543154761904762 0.26278659611992944 0.5525793650793651 0.2588183421516755 0.5523313492063492 0.2517636684303351 0.5528273809523809
0 0.2508818342151676 0.5416666666666666 0.24691358024691357 0.5406746031746031 0.23148148148148148 0.5409226190476191 0.22486772486772486 0.5416666666666666 0.21516754850088182 0.544890873015873 0.21075837742504408 0.5481150793650794 0.20899470899470898 0.5525793650793651 0.21031746031746032 0.5565476190476191 0.22134038800705466 0.5629960317460317 0.22530864197530864 0.5642361111111112 0.2328042328042328 0.5649801587301587 0.23765432098765432 0.5639880952380952 0.23941798941798942 0.5632440476190477 0.2464726631393298 0.5555555555555556 0.25044091710758376 0.5525793650793651 0.2526455026455027 0.5451388888888888
0 0.17680776014109348 0.5297619047619048 0.1728395061728395 0.5310019841269841 0.1657848324514991 0.535218253968254 0.1644620811287478 0.5367063492063492 0.16534391534391535 0.5414186507936508 0.17063492063492064 0.544890873015873 0.18165784832451498 0.5483630952380952 0.19135802469135801 0.5491071428571429 0.19576719576719576 0.5478670634920635 0.19973544973544974 0.5458829365079365 0.20414462081128748 0.5411706349206349 0.2037037037037037 0.5367063492063492 0.20238095238095238 0.535218253968254 0.1988536155202822 0.5329861111111112 0.19091710758377425 0.5305059523809523 0.18474426807760141 0.529265873015873
0 0.2962962962962963 0.5374503968253969 0.28835978835978837 0.5379464285714286 0.2751322751322751 0.5409226190476191 0.27028218694885364 0.5426587301587301 0.2671957671957672 0.544890873015873 0.2671957671957672 0.548859126984127 0.2742504409171076 0.5558035714285714 0.2821869488536155 0.5595238095238095 0.2874779541446208 0.5602678571428571 0.294973544973545 0.5597718253968254 0.3082010582010582 0.5528273809523809 0.31128747795414463 0.5491071428571429 0.3117283950617284 0.5443948412698413 0.30952380952380953 0.5409226190476191 0.3037918871252205 0.5389384920634921
0 0.291005291005291 0.5220734126984127 0.2874779541446208 0.5203373015873016 0.2821869488536155 0.5188492063492064 0.27998236331569665 0.5188492063492064 0.27469135802469136 0.5200892857142857 0.2588183421516755 0.5280257936507936 0.25485008818342153 0.5334821428571429 0.25396825396825395 0.5359623015873016 0.25485008818342153 0.5396825396825397 0.25617283950617287 0.5404265873015873 0.2601410934744268 0.5409226190476191 0.27557319223985893 0.5406746031746031 0.2923280423280423 0.5372023809523809 0.2976190476190476 0.533234126984127 0.2976190476190476 0.5287698412698413 0.294973544973545 0.5250496031746031
0 0.2328042328042328 0.5111607142857143 0.23020282186948854 0.5115575396825397 0.22522045855379189 0.5121527777777778 0.21957671957671956 0.5124007936507936 0.2173721340388007 0.5124007936507936 0.21164021164021163 0.5141369047619048 0.21075837742504408 0.5215773809523809 0.20811287477954143 0.5252976190476191 0.20855379188712522 0.529265873015873 0.21428571428571427 0.5349702380952381 0.22134038800705466 0.5394345238095238 0.22486772486772486 0.5406746031746031 0.2328042328042328 0.5409226190476191 0.24250440917107582 0.5389384920634921 0.24603174603174602 0.5367063492063492 0.2495590828924162 0.5357142857142857 0.2526455026455027 0.5339781746031746 0.25573192239858905 0.5295138888888888 0.25485008818342153 0.5252976190476191 0.2517636684303351 0.5225694444444444 0.24162257495590828 0.5161210317460317 0.23721340388007053 0.5151289682539683 0.23412698412698413 0.513640873015873
0 0.3020282186948854 0.49429563492063494 0.2980599647266314 0.49677579365079366 0.2923280423280423 0.498015873015873 0.2879188712522046 0.501984126984127 0.2958553791887125 0.5047123015873016 0.2993827160493827 0.5071924603174603 0.3020282186948854 0.5111607142857143 0.3082010582010582 0.5148809523809523 0.3134920634920635 0.515625 0.3187830687830688 0.5153769841269841 0.32671957671957674 0.5119047619047619 0.3315696649029982 0.5066964285714286 0.33289241622574955 0.5024801587301587 0.3315696649029982 0.4990079365079365 0.328042328042328 0.4965277777777778 0.3236331569664903 0.49528769841269843 0.30776014109347444 0.4955357142857143
0 0.27469135802469136 0.5049603174603174 0.26763668430335097 0.5042162698412699 0.2601410934744268 0.5042162698412699 0.24867724867724866 0.5066964285714286 0.24426807760141092 0.5096726190476191 0.24338624338624337 0.511656746031746 0.24426807760141092 0.5166170634920635 0.24911816578483245 0.5208333333333334 0.25573192239858905 0.5245535714285714 0.2605820105820106 0.5252976190476191 0.26763668430335097 0.5243055555555556 0.281305114638448 0.5171130952380952 0.28527336860670194 0.5138888888888888 0.2865961199294533 0.5096726190476191 0.2839506172839506 0.5081845238095238
0 0.09788359788359788 0.7599206349206349 0.08641975308641975 0.7619047619047619 0.08112874779541446 0.7638888888888888 0.07892416225749559 0.7668650793650794 0.07892416225749559 0.7718253968253969 0.08112874779541446 0.7755456349206349 0.08950617283950617 0.7829861111111112 0.10008818342151675 0.7891865079365079 0.10185185185185185 0.7891865079365079 0.11243386243386243 0.7872023809523809 0.11728395061728394 0.7834821428571429 0.11728395061728394 0.7795138888888888 0.11948853615520282 0.7755456349206349 0.11948853615520282 0.7710813492063492 0.11860670194003527 0.7671130952380952 0.11552028218694885 0.7646329365079365 0.10141093474426807 0.7599206349206349
0 0.1657848324514991 0.7490079365079365 0.15828924162257496 0.7482638888888888 0.15079365079365079 0.7482638888888888 0.14682539682539683 0.7487599206349206 0.1388888888888889 0.7509920634920635 0.1318342151675485 0.7557043650793651 0.12742504409171077 0.761656746031746 0.12522045855379188 0.7633928571428571 0.12698412698412698 0.7678571428571429 0.1353615520282187 0.7698412698412699 0.1424162257495591 0.7735615079365079 0.14770723104056438 0.7743055555555556 0.15784832451499117 0.7730654761904762 0.1675485008818342 0.7703373015873016 0.1715167548500882 0.7681051587301587 0.17548500881834214 0.7638888888888888 0.1763668430335097 0.7596726190476191 0.1693121693121693 0.7507440476190477
0 0.14947089947089948 0.7249503968253969 0.1424162257495591 0.7261904761904762 0.13580246913580246 0.7284226190476191 0.13139329805996472 0.7326388888888888 0.13095238095238096 0.7373511904761905 0.1318342151675485 0.7400793650793651 0.1353615520282187 0.7442956349206349 0.1419753086419753 0.7465277777777778 0.14947089947089948 0.7462797619047619 0.15520282186948853 0.7447916666666666 0.1657848324514991 0.7388392857142857 0.167989417989418 0.7368551587301587 0.16666666666666666 0.7331349206349206 0.1644620811287478 0.7309027777777778 0.15961199294532627 0.7281746031746031 0.15255731922398588 0.7264384920634921
0 0.2054673721340388 0.7502480158730159 0.2001763668430335 0.7502480158730159 0.19091710758377425 0.7512400793650794 0.18033509700176367 0.7557043650793651 0.1781305114638448 0.7594246031746031 0.17768959435626103 0.763640873015873 0.18430335097001763 0.7690972222222222 0.19444444444444445 0.7715773809523809 0.1988536155202822 0.7720734126984127 0.20590828924162258 0.7715773809523809 0.21604938271604937 0.7690972222222222 0.21869488536155202 0.767609126984127 0.2208994708994709 0.7643849206349206 0.2204585537918871 0.7594246031746031 0.21428571428571427 0.7544642857142857
0 0.24867724867724866 0.7418154761904762 0.24382716049382716 0.7475198412698413 0.24426807760141092 0.751984126984127 0.2464726631393298 0.7544642857142857 0.2605820105820106 0.7591765873015873 0.2689594356261023 0.7594246031746031 0.281305114638448 0.7576884920634921 0.2826278659611993 0.7524801587301587 0.2821869488536155 0.7475198412698413 0.2786596119929453 0.7423115079365079 0.2751322751322751 0.7393353174603174 0.26763668430335097 0.7366071428571429 0.2601410934744268 0.7368551587301587
0 0.31216931216931215 0.7234623015873016 0.30864197530864196 0.7229662698412699 0.29894179894179895 0.7239583333333334 0.2879188712522046 0.7284226190476191 0.2843915343915344 0.7279265873015873 0.28174603174603174 0.7266865079365079 0.2808641975308642 0.7269345238095238 0.2804232804232804 0.7289186507936508 0.2826278659611993 0.7309027777777778 0.2830687830687831 0.7326388888888888 0.2795414462081129 0.7361111111111112 0.2791005291005291 0.7403273809523809 0.2839506172839506 0.7430555555555556 0.29188712522045857 0.7447916666666666 0.29541446208112876 0.7475198412698413 0.3029100529100529 0.748015873015873 0.31790123456790126 0.746031746031746 0.32319223985890655 0.7440476190476191 0.32671957671957674 0.7403273809523809 0.32671957671957674 0.7356150793650794 0.3253968253968254 0.7318948412698413 0.31790123456790126 0.7254464285714286
0 0.24603174603174602 0.7038690476190477 0.23500881834215168 0.7127976190476191 0.23368606701940034 0.7170138888888888 0.23412698412698413 0.7274305555555556 0.23544973544973544 0.7299107142857143 0.23853615520282187 0.7326388888888888 0.24691358024691357 0.7336309523809523 0.25617283950617287 0.7318948412698413 0.25970017636684306 0.7306547619047619 0.26278659611992944 0.7284226190476191 0.26499118165784835 0.7239583333333334 0.26675485008818345 0.7165178571428571 0.263668430335097 0.7090773809523809 0.26102292768959434 0.7080853174603174 0.2535273368606702 0.7090773809523809 0.2495590828924162 0.7048611111111112
0 0.22486772486772486 0.7296626984126984 0.21825396825396826 0.7301587301587301 0.21119929453262787 0.7321428571428571 0.20634920634920634 0.7346230158730159 0.20458553791887124 0.7361111111111112 0.20458553791887124 0.7415674603174603 0.20679012345679013 0.7452876984126984 0.21208112874779542 0.7490079365079365 0.2204585537918871 0.7522321428571429 0.2261904761904762 0.7527281746031746 0.2310405643738977 0.751984126984127 0.23897707231040563 0.748015873015873 0.24514991181657847 0.7405753968253969 0.24514991181657847 0.7371031746031746 0.24382716049382716 0.7348710317460317 0.24162257495590828 0.7336309523809523 0.23589065255731922 0.732390873015873 0.23236331569664903 0.7306547619047619
0 0.10846560846560846 0.8385416666666666 0.1009700176366843 0.8392857142857143 0.08774250440917107 0.8452380952380952 0.08245149911816578 0.8492063492063492 0.082010582010582 0.8539186507936508 0.08333333333333333 0.8576388888888888 0.0873015873015873 0.861359126984127 0.09479717813051146 0.8638392857142857 0.10141093474426807 0.8643353174603174 0.11772486772486772 0.861359126984127 0.11904761904761904 0.8596230158730159 0.12169312169312169 0.8583829365079365 0.1247795414462081 0.8536706349206349 0.12301587301587301 0.8494543650793651 0.11816578483245149 0.8459821428571429 0.1164021164021164 0.841765873015873 0.11507936507936507 0.8407738095238095
0 0.07407407407407407 0.8494543650793651 0.06613756613756613 0.8487103174603174 0.05952380952380952 0.8494543650793651 0.05511463844797178 0.8509424603174603 0.051587301587301584 0.8534226190476191 0.048500881834215165 0.857390873015873 0.04805996472663139 0.8621031746031746 0.04894179894179894 0.8670634920634921 0.05026455026455026 0.8690476190476191 0.05864197530864197 0.8715277777777778 0.06613756613756613 0.8712797619047619 0.08024691358024691 0.8655753968253969 0.08509700176366843 0.861359126984127 0.07980599647266313 0.8529265873015873
0 0.1609347442680776 0.8707837301587301 0.15608465608465608 0.8700396825396826 0.14109347442680775 0.8745039682539683 0.1353615520282187 0.8754960317460317 0.12213403880070546 0.8799603174603174 0.11684303350970017 0.8829365079365079 0.1128747795414462 0.8881448412698413 0.1128747795414462 0.8928571428571429 0.11552028218694885 0.8965773809523809 0.12081128747795414 0.9000496031746031 0.12786596119929453 0.9017857142857143 0.13624338624338625 0.9015376984126984 0.1437389770723104 0.8993055555555556 0.14947089947089948 0.8960813492063492 0.15784832451499117 0.8883928571428571 0.16005291005291006 0.8767361111111112 0.16225749559082892 0.8732638888888888
0 0.19135802469135801 0.7301587301587301 0.18386243386243387 0.7301587301587301 0.17328042328042328 0.7333829365079365 0.17063492063492064 0.7348710317460317 0.1644620811287478 0.7405753968253969 0.164021164021164 0.7445436507936508 0.1657848324514991 0.7477678571428571 0.17195767195767195 0.7512400793650794 0.18209876543209877 0.7534722222222222 0.18474426807760141 0.7534722222222222 0.19973544973544974 0.7495039682539683 0.2019400352733686 0.7482638888888888 0.20414462081128748 0.7447916666666666 0.20282186948853614 0.7395833333333334 0.19929453262786595 0.7336309523809523 0.1970899470899471 0.7316468253968254
0 0.1609347442680776 0.8306051587301587 0.15476190476190477 0.830109126984127 0.13447971781305115 0.8313492063492064 0.12257495590828923 0.8360615079365079 0.11948853615520282 0.8387896825396826 0.11860670194003527 0.8425099206349206 0.12345679012345678 0.8497023809523809 0.12610229276895943 0.8514384920634921 0.1335978835978836 0.8529265873015873 0.14109347442680775 0.8526785714285714 0.14462081128747795 0.8519345238095238 0.14991181657848324 0.8497023809523809 0.15784832451499117 0.8420138888888888 0.1626984126984127 0.8343253968253969 0.16225749559082892 0.8315972222222222
0 0.10670194003527336 0.595734126984127 0.10537918871252204 0.5997023809523809 0.10758377425044091 0.6021825396825397 0.11772486772486772 0.6086309523809523 0.12522045855379188 0.6106150793650794 0.1335978835978836 0.6121031746031746 0.14462081128747795 0.6111111111111112 0.14947089947089948 0.6096230158730159 0.15343915343915343 0.605406746031746 0.15432098765432098 0.6034226190476191 0.15388007054673722 0.5972222222222222 0.15167548500881833 0.5954861111111112 0.14285714285714285 0.5925099206349206 0.1371252204585538 0.591765873015873 0.12566137566137567 0.5915178571428571 0.12213403880070546 0.5920138888888888 0.1146384479717813 0.5944940476190477 0.10846560846560846 0.5949900793650794
0 0.2257495590828924 0.6081349206349206 0.21119929453262787 0.6086309523809523 0.20414462081128748 0.611359126984127 0.19973544973544974 0.6150793650793651 0.1988536155202822 0.6168154761904762 0.195326278659612 0.6190476190476191 0.19444444444444445 0.6215277777777778 0.19223985890652556 0.6232638888888888 0.19294532627865962 0.6287698412698413 0.20145502645502644 0.6327876984126984 0.21252204585537918 0.6309523809523809 0.2191358024691358 0.6297123015873016 0.22663139329805995 0.6274801587301587 0.2292768959435626 0.625 0.23324514991181658 0.6235119047619048 0.23589065255731922 0.6197916666666666 0.23633156966490299 0.6150793650793651 0.2328042328042328 0.6108630952380952
