0 0.08115942028985507 0.1795 0.07053140096618357 0.182 0.06570048309178744 0.1855 0.0647342995169082 0.206 0.06666666666666667 0.2095 0.07729468599033816 0.214 0.08599033816425121 0.2155 0.09565217391304348 0.2155 0.10628019323671498 0.2125 0.11884057971014493 0.2045 0.12270531400966184 0.1985 0.12173913043478261 0.189 0.11594202898550725 0.1835 0.10434782608695652 0.1825 0.08985507246376812 0.1795
0 0.1294685990338164 0.1965 0.12367149758454106 0.1995 0.11207729468599034 0.212 0.11304347826086956 0.2205 0.1178743961352657 0.225 0.12560386473429952 0.228 0.13429951690821257 0.229 0.15555555555555556 0.227 0.16521739130434782 0.2245 0.1748792270531401 0.22 0.17681159420289855 0.217 0.1748792270531401 0.209 0.15265700483091788 0.2045 0.14009661835748793 0.196
0 0.14782608695652175 0.188 0.14396135265700483 0.192 0.14396135265700483 0.198 0.14879227053140096 0.203 0.15942028985507245 0.206 0.1748792270531401 0.2085 0.18647342995169083 0.2085 0.20096618357487922 0.2065 0.2144927536231884 0.2005 0.21545893719806763 0.1935 0.2135265700483092 0.1895 0.20676328502415459 0.184 0.19806763285024154 0.18 0.17777777777777778 0.178 0.16521739130434782 0.1805
0 0.23091787439613526 0.202 0.21545893719806763 0.2015 0.20676328502415459 0.204 0.20193236714975846 0.2075 0.18743961352657004 0.2245 0.18937198067632852 0.2275 0.20193236714975846 0.233 0.20676328502415459 0.234 0.21932367149758455 0.234 0.23478260869565218 0.2325 0.24347826086956523 0.2305 0.2531400966183575 0.2255 0.25120772946859904 0.216 0.2396135265700483 0.2055
0 0.08599033816425121 0.2205 0.07922705314009662 0.224 0.07246376811594203 0.232 0.07149758454106281 0.237 0.07342995169082125 0.2405 0.07922705314009662 0.244 0.08888888888888889 0.247 0.10434782608695652 0.2475 0.11207729468599034 0.246 0.11690821256038647 0.2485 0.12270531400966184 0.247 0.1285024154589372 0.243 0.13140096618357489 0.238 0.1294685990338164 0.23 0.1111111111111111 0.2215 0.09951690821256039 0.22
0 0.13429951690821257 0.243 0.12753623188405797 0.2435 0.12270531400966184 0.2475 0.1178743961352657 0.249 0.10821256038647344 0.2495 0.10048309178743961 0.2545 0.09855072463768116 0.2595 0.09951690821256039 0.2635 0.10434782608695652 0.2685 0.11014492753623188 0.271 0.11594202898550725 0.272 0.1323671497584541 0.2715 0.14299516908212562 0.269 0.14782608695652175 0.266 0.15072463768115943 0.2575 0.1497584541062802 0.2515 0.1468599033816425 0.2475
0 0.2782608695652174 0.221 0.2714975845410628 0.2285 0.2714975845410628 0.233 0.2763285024154589 0.2375 0.29178743961352654 0.243 0.30917874396135264 0.2455 0.3391304347826087 0.2445 0.34299516908212563 0.243 0.34492753623188405 0.2395 0.34492753623188405 0.2295 0.34106280193236715 0.2245 0.3333333333333333 0.2195 0.314975845410628 0.215 0.2985507246376812 0.2145 0.28502415458937197 0.2175
0 0.38164251207729466 0.2155 0.37294685990338167 0.2195 0.36038647342995167 0.232 0.36038647342995167 0.2435 0.3652173913043478 0.247 0.3748792270531401 0.2495 0.39903381642512076 0.2495 0.4048309178743961 0.248 0.41256038647342996 0.2435 0.41352657004830917 0.2375 0.4115942028985507 0.232 0.4057971014492754 0.2235 0.391304347826087 0.216
0 0.4270531400966184 0.2095 0.42028985507246375 0.2115 0.41835748792270533 0.2165 0.40869565217391307 0.223 0.40869565217391307 0.226 0.41642512077294686 0.2375 0.41739130434782606 0.2455 0.4270531400966184 0.2505 0.43285024154589374 0.252 0.4434782608695652 0.252 0.45893719806763283 0.2495 0.47439613526570046 0.2445 0.47632850241545893 0.242 0.47632850241545893 0.235 0.46956521739130436 0.226 0.4618357487922705 0.2205 0.4463768115942029 0.2145
0 0.4434782608695652 0.1955 0.4454106280193237 0.207 0.45410628019323673 0.215 0.463768115942029 0.217 0.4714975845410628 0.217 0.48792270531400966 0.2145 0.5014492753623189 0.2095 0.5159420289855072 0.201 0.5159420289855072 0.196 0.5120772946859904 0.193 0.5033816425120773 0.19 0.4859903381642512 0.187 0.45893719806763283 0.187 0.44830917874396137 0.1905
0 0.5439613526570048 0.1635 0.5371980676328503 0.162 0.5265700483091788 0.162 0.5130434782608696 0.1645 0.4966183574879227 0.1695 0.4859903381642512 0.1765 0.48695652173913045 0.181 0.49371980676328503 0.1865 0.5111111111111111 0.192 0.5294685990338164 0.192 0.5362318840579711 0.1905 0.5468599033816425 0.1845 0.5507246376811594 0.1785 0.548792270531401 0.1675
0 0.58743961352657 0.144 0.578743961352657 0.1445 0.5719806763285025 0.1495 0.5565217391304348 0.158 0.5526570048309178 0.1645 0.553623188405797 0.179 0.557487922705314 0.184 0.5642512077294686 0.1875 0.5748792270531401 0.1895 0.5835748792270531 0.1895 0.5990338164251208 0.187 0.6048309178743961 0.1845 0.6067632850241546 0.182 0.6067632850241546 0.165 0.6038647342995169 0.1545 0.5942028985507246 0.151 0.5922705314009662 0.1465
0 0.6347826086956522 0.1535 0.6115942028985507 0.164 0.6086956521739131 0.1705 0.6289855072463768 0.1795 0.6444444444444445 0.182 0.6579710144927536 0.1825 0.6840579710144927 0.1735 0.6859903381642513 0.171 0.6859903381642513 0.161 0.6782608695652174 0.1555 0.6628019323671498 0.152 0.6444444444444445 0.152
0 0.6231884057971014 0.1795 0.6144927536231884 0.1815 0.6038647342995169 0.1865 0.6 0.1925 0.5990338164251208 0.199 0.6028985507246377 0.206 0.6067632850241546 0.209 0.6251207729468599 0.2145 0.6415458937198067 0.213 0.6541062801932367 0.2055 0.6589371980676328 0.198 0.659903381642512 0.189 0.6589371980676328 0.186 0.6550724637681159 0.1835
0 0.5285024154589372 0.195 0.523671497584541 0.201 0.5246376811594203 0.21 0.5265700483091788 0.2125 0.5420289855072464 0.22 0.5603864734299517 0.2225 0.5729468599033817 0.2225 0.5806763285024155 0.22 0.6038647342995169 0.217 0.6038647342995169 0.2115 0.5990338164251208 0.203 0.5826086956521739 0.1905 0.5700483091787439 0.189 0.5584541062801932 0.186 0.5420289855072464 0.1875
0 0.49178743961352656 0.2145 0.4782608695652174 0.2315 0.4792270531400966 0.2375 0.4859903381642512 0.2415 0.5014492753623189 0.2425 0.527536231884058 0.2405 0.5429951690821256 0.237 0.5497584541062802 0.233 0.5497584541062802 0.227 0.5458937198067633 0.223 0.5256038647342995 0.212 0.514975845410628 0.21 0.5024154589371981 0.21
0 0.6038647342995169 0.2185 0.578743961352657 0.221 0.5632850241545894 0.2285 0.5545893719806764 0.2355 0.5594202898550724 0.242 0.5777777777777777 0.25 0.5961352657004831 0.2515 0.6067632850241546 0.2495 0.6173913043478261 0.2445 0.6193236714975845 0.241 0.6173913043478261 0.228 0.6125603864734299 0.222
0 0.6743961352657005 0.216 0.6608695652173913 0.2145 0.6367149758454106 0.2145 0.6289855072463768 0.216 0.6193236714975845 0.2205 0.6164251207729469 0.225 0.6202898550724638 0.233 0.6318840579710145 0.243 0.6405797101449275 0.247 0.6492753623188405 0.2475 0.6618357487922706 0.2445 0.6830917874396135 0.2295 0.6821256038647343 0.2205
0 0.5497584541062802 0.249 0.5410628019323671 0.2485 0.518840579710145 0.255 0.5091787439613527 0.256 0.5053140096618357 0.2575 0.4995169082125604 0.263 0.4975845410628019 0.2665 0.4985507246376812 0.2725 0.5053140096618357 0.2775 0.5198067632850242 0.2825 0.5314009661835749 0.2845 0.5478260869565217 0.284 0.5584541062801932 0.2815 0.5700483091787439 0.2755 0.5719806763285025 0.272 0.5700483091787439 0.259 0.561352657004831 0.253
0 0.48985507246376814 0.2445 0.47246376811594204 0.245 0.45603864734299515 0.25 0.4454106280193237 0.2515 0.442512077294686 0.2535 0.442512077294686 0.2565 0.45120772946859905 0.264 0.4753623188405797 0.274 0.48405797101449277 0.274 0.49178743961352656 0.271 0.4956521739130435 0.268 0.4966183574879227 0.264 0.5024154589371981 0.2575 0.5024154589371981 0.252 0.4966183574879227 0.247
0 0.18454106280193236 0.271 0.1603864734299517 0.268 0.14782608695652175 0.27 0.14106280193236714 0.2735 0.13429951690821257 0.279 0.12077294685990338 0.286 0.11497584541062802 0.294 0.11594202898550725 0.299 0.1246376811594203 0.3045 0.14106280193236714 0.3085 0.1603864734299517 0.308 0.17198067632850242 0.3045 0.18067632850241547 0.299 0.19227053140096617 0.2845 0.19033816425120773 0.277
0 0.0966183574879227 0.2635 0.08888888888888889 0.264 0.06666666666666667 0.27 0.05990338164251208 0.274 0.05603864734299517 0.2785 0.05603864734299517 0.2905 0.06086956521739131 0.2945 0.07053140096618357 0.298 0.07729468599033816 0.299 0.10241545893719807 0.2985 0.11014492753623188 0.2965 0.11497584541062802 0.293 0.11884057971014493 0.282 0.11207729468599034 0.272
0 0.06376811594202898 0.3065 0.05990338164251208 0.3105 0.05990338164251208 0.3155 0.06376811594202898 0.3225 0.07632850241545894 0.3315 0.08599033816425121 0.3345 0.10241545893719807 0.335 0.11014492753623188 0.3335 0.1285024154589372 0.3215 0.1294685990338164 0.3135 0.12173913043478261 0.308 0.1111111111111111 0.305 0.09758454106280193 0.303 0.08502415458937199 0.303 0.07922705314009662 0.307 0.06859903381642513 0.3075
0 0.15555555555555556 0.32 0.14589371980676327 0.3195 0.13043478260869565 0.323 0.1072463768115942 0.336 0.10434782608695652 0.3445 0.10628019323671498 0.3485 0.11497584541062802 0.3545 0.1246376811594203 0.3575 0.14009661835748793 0.358 0.15169082125603864 0.356 0.15942028985507245 0.352 0.17198067632850242 0.342 0.17391304347826086 0.3385 0.17198067632850242 0.3305 0.16135265700483092 0.322
0 0.2 0.2945 0.1855072463768116 0.2975 0.1671497584541063 0.3075 0.16231884057971013 0.315 0.16231884057971013 0.321 0.17198067632850242 0.328 0.18840579710144928 0.332 0.2028985507246377 0.333 0.21642512077294687 0.332 0.23091787439613526 0.329 0.23671497584541062 0.326 0.2396135265700483 0.3175 0.23285024154589373 0.306 0.2251207729468599 0.3 0.2135265700483092 0.2955
0 0.2956521739130435 0.2835 0.27246376811594203 0.278 0.2608695652173913 0.2785 0.2463768115942029 0.2835 0.2396135265700483 0.291 0.23768115942028986 0.2975 0.2396135265700483 0.308 0.24541062801932367 0.316 0.2560386473429952 0.316 0.2772946859903382 0.3135 0.293719806763285 0.307 0.30241545893719807 0.2995 0.3004830917874396 0.2875
0 0.30434782608695654 0.2475 0.28888888888888886 0.2505 0.2772946859903382 0.2555 0.26666666666666666 0.2635 0.26570048309178745 0.269 0.26859903381642514 0.273 0.2772946859903382 0.2785 0.2985507246376812 0.284 0.314975845410628 0.2845 0.3285024154589372 0.28 0.3323671497584541 0.275 0.3342995169082126 0.2675 0.3207729468599034 0.249 0.3159420289855073 0.2475
0 0.3217391304347826 0.248 0.3314009661835749 0.2645 0.34299516908212563 0.2715 0.3565217391304348 0.2755 0.370048309178744 0.2755 0.37874396135265703 0.2725 0.3826086956521739 0.269 0.38743961352657 0.259 0.37584541062801935 0.25 0.35942028985507246 0.246 0.3468599033816425 0.2455 0.33043478260869563 0.246
0 0.42028985507246375 0.2525 0.41256038647342996 0.255 0.39806763285024155 0.2565 0.3903381642512077 0.2595 0.38067632850241545 0.271 0.38067632850241545 0.2765 0.38454106280193234 0.2805 0.4 0.287 0.4289855072463768 0.2895 0.44154589371980674 0.2845 0.4473429951690821 0.277 0.4473429951690821 0.263 0.4444444444444444 0.26 0.4289855072463768 0.2525
0 0.45893719806763283 0.283 0.4405797101449275 0.2855 0.4289855072463768 0.29 0.42028985507246375 0.2915 0.41545893719806765 0.2945 0.41642512077294686 0.2995 0.4260869565217391 0.3065 0.44830917874396137 0.3135 0.45507246376811594 0.3145 0.46570048309178746 0.3135 0.4714975845410628 0.311 0.4753623188405797 0.3065 0.4753623188405797 0.295 0.47246376811594204 0.288 0.4666666666666667 0.2845
0 0.4048309178743961 0.305 0.3922705314009662 0.3085 0.38357487922705313 0.3175 0.3826086956521739 0.33 0.3855072463768116 0.3375 0.3893719806763285 0.3415 0.3961352657004831 0.345 0.4038647342995169 0.3465 0.41739130434782606 0.3465 0.42995169082125606 0.3445 0.4492753623188406 0.337 0.45507246376811594 0.3305 0.45410628019323673 0.322 0.45120772946859905 0.318 0.442512077294686 0.3125 0.43091787439613527 0.3105 0.42028985507246375 0.307
0 0.35942028985507246 0.276 0.3536231884057971 0.2765 0.336231884057971 0.2815 0.32657004830917874 0.288 0.32560386473429953 0.293 0.3294685990338164 0.2995 0.34202898550724636 0.3075 0.35555555555555557 0.3135 0.3690821256038647 0.3155 0.3855072463768116 0.31 0.3932367149758454 0.3055 0.39806763285024155 0.294 0.39420289855072466 0.2875 0.38067632850241545 0.28 0.3719806763285024 0.2765
0 0.3294685990338164 0.3105 0.3111111111111111 0.3135 0.3004830917874396 0.3165 0.29082125603864734 0.3225 0.2898550724637681 0.329 0.2946859903381642 0.3355 0.3072463768115942 0.3435 0.32270531400966185 0.3485 0.3333333333333333 0.349 0.34396135265700484 0.3465 0.3536231884057971 0.3415 0.35845410628019325 0.3375 0.36135265700483093 0.3295 0.36038647342995167 0.322 0.35555555555555557 0.3155 0.3468599033816425 0.312
0 0.3140096618357488 0.3495 0.2995169082125604 0.3505 0.28502415458937197 0.354 0.2811594202898551 0.358 0.2772946859903382 0.3695 0.2811594202898551 0.3815 0.28502415458937197 0.386 0.3072463768115942 0.3925 0.314975845410628 0.3935 0.32270531400966185 0.3885 0.3294685990338164 0.3875 0.34106280193236715 0.3825 0.34492753623188405 0.375 0.34492753623188405 0.3645 0.33719806763285026 0.3545 0.3323671497584541 0.352 0.32367149758454106 0.35
0 0.2560386473429952 0.3355 0.2531400966183575 0.3355 0.23381642512077294 0.342 0.22608695652173913 0.346 0.21932367149758455 0.352 0.21642512077294687 0.362 0.2135265700483092 0.365 0.2144927536231884 0.3695 0.22705314009661837 0.376 0.23768115942028986 0.3775 0.2579710144927536 0.3765 0.26859903381642514 0.372 0.2753623188405797 0.3665 0.2782608695652174 0.3575 0.2763285024154589 0.35 0.26859903381642514 0.3445 0.263768115942029 0.3385
0 0.17391304347826086 0.3445 0.16618357487922705 0.348 0.1536231884057971 0.357 0.15458937198067632 0.3615 0.16521739130434782 0.371 0.17391304347826086 0.3745 0.18454106280193236 0.376 0.20193236714975846 0.3755 0.2135265700483092 0.3735 0.2144927536231884 0.3685 0.21256038647342995 0.3645 0.21642512077294687 0.359 0.21545893719806763 0.3515 0.20579710144927535 0.3475 0.19033816425120773 0.344 0.1826086956521739 0.3435
0 0.1497584541062802 0.369 0.14106280193236714 0.367 0.13526570048309178 0.367 0.12173913043478261 0.3695 0.10048309178743961 0.382 0.0966183574879227 0.3875 0.0966183574879227 0.397 0.10048309178743961 0.401 0.11690821256038647 0.4045 0.13429951690821257 0.4045 0.1497584541062802 0.401 0.1681159420289855 0.393 0.17101449275362318 0.3895 0.17004830917874397 0.3815 0.1642512077294686 0.3765
0 0.07149758454106281 0.337 0.06570048309178744 0.3395 0.06376811594202898 0.3435 0.05410628019323672 0.351 0.05314009661835749 0.3615 0.05507246376811594 0.37 0.06376811594202898 0.377 0.07149758454106281 0.38 0.08888888888888889 0.381 0.10434782608695652 0.378 0.11304347826086956 0.3735 0.11690821256038647 0.3675 0.11690821256038647 0.358 0.11014492753623188 0.354 0.10338164251207729 0.346 0.09565217391304348 0.342 0.0821256038647343 0.3405
0 0.19033816425120773 0.4075 0.178743961352657 0.4045 0.1642512077294686 0.4045 0.15169082125603864 0.4065 0.14009661835748793 0.41 0.1294685990338164 0.415 0.1246376811594203 0.42 0.11980676328502415 0.43 0.10917874396135266 0.433 0.10917874396135266 0.4385 0.11207729468599034 0.4395 0.12657004830917876 0.4395 0.14299516908212562 0.4415 0.15845410628019324 0.4415 0.17198067632850242 0.44 0.18454106280193236 0.437 0.19516908212560385 0.432 0.19710144927536233 0.4295 0.1961352657004831 0.417
0 0.21545893719806763 0.38 0.20966183574879227 0.384 0.19806763285024154 0.3885 0.19420289855072465 0.3955 0.1932367149758454 0.4075 0.19710144927536233 0.4155 0.2038647342995169 0.4195 0.21256038647342995 0.422 0.2251207729468599 0.4225 0.23864734299516907 0.421 0.24734299516908212 0.4185 0.2541062801932367 0.415 0.2589371980676328 0.407 0.2492753623188406 0.3855 0.24154589371980675 0.383 0.23381642512077294 0.3825 0.2251207729468599 0.3795
0 0.26570048309178745 0.3985 0.263768115942029 0.4055 0.26666666666666666 0.41 0.28405797101449276 0.416 0.3004830917874396 0.4165 0.3207729468599034 0.4125 0.3294685990338164 0.4085 0.3294685990338164 0.4035 0.3217391304347826 0.397 0.3169082125603865 0.3945 0.30531400966183575 0.392 0.2995169082125604 0.3895 0.28792270531400965 0.389 0.2811594202898551 0.39 0.26859903381642514 0.3955
0 0.3159420289855073 0.42 0.293719806763285 0.421 0.2753623188405797 0.4265 0.26763285024154587 0.432 0.26763285024154587 0.4385 0.2753623188405797 0.4485 0.28502415458937197 0.454 0.29082125603864734 0.4555 0.3033816425120773 0.456 0.3111111111111111 0.455 0.32753623188405795 0.45 0.3391304347826087 0.4435 0.34492753623188405 0.4315 0.336231884057971 0.4255
0 0.3642512077294686 0.4085 0.3545893719806763 0.4155 0.3516908212560386 0.422 0.3516908212560386 0.432 0.3536231884057971 0.4345 0.36231884057971014 0.439 0.38743961352657 0.444 0.4067632850241546 0.446 0.41739130434782606 0.4395 0.41932367149758454 0.4365 0.4386473429951691 0.429 0.4396135265700483 0.4235 0.43285024154589374 0.4175 0.4289855072463768 0.411 0.42318840579710143 0.408 0.4028985507246377 0.4055 0.3855072463768116 0.405 0.3739130434782609 0.406
0 0.421256038647343 0.3655 0.4048309178743961 0.366 0.39710144927536234 0.368 0.3884057971014493 0.3725 0.38454106280193234 0.3775 0.38454106280193234 0.386 0.3884057971014493 0.392 0.39806763285024155 0.398 0.4048309178743961 0.4 0.421256038647343 0.4 0.4318840579710145 0.3975 0.4386473429951691 0.394 0.44154589371980674 0.3895 0.44154589371980674 0.376 0.4396135265700483 0.372 0.43285024154589374 0.3675
0 0.49468599033816424 0.315 0.4753623188405797 0.3205 0.46859903381642515 0.325 0.4628019323671498 0.3325 0.4608695652173913 0.3425 0.4666666666666667 0.35 0.4753623188405797 0.3535 0.4888888888888889 0.3565 0.5082125603864734 0.3565 0.5217391304347826 0.353 0.5246376811594203 0.349 0.5314009661835749 0.3455 0.5314009661835749 0.34 0.5227053140096618 0.32 0.518840579710145 0.318 0.5053140096618357 0.315
0 0.5555555555555556 0.317 0.5410628019323671 0.3195 0.5342995169082125 0.322 0.5294685990338164 0.327 0.5285024154589372 0.3345 0.5333333333333333 0.3435 0.5420289855072464 0.3505 0.548792270531401 0.3535 0.5632850241545894 0.354 0.5777777777777777 0.349 0.58743961352657 0.3415 0.5884057971014492 0.3265 0.5797101449275363 0.319 0.5681159420289855 0.317
0 0.5710144927536231 0.285 0.5671497584541063 0.287 0.5623188405797102 0.294 0.5632850241545894 0.3045 0.5710144927536231 0.3135 0.5758454106280193 0.316 0.5816425120772947 0.317 0.6 0.3175 0.6096618357487923 0.3165 0.621256038647343 0.313 0.6318840579710145 0.2995 0.6318840579710145 0.295 0.6260869565217392 0.2885 0.6202898550724638 0.2855 0.6048309178743961 0.282 0.5864734299516908 0.282
0 0.6038647342995169 0.2595 0.6 0.2645 0.5990338164251208 0.2755 0.6028985507246377 0.2785 0.6231884057971014 0.2855 0.6463768115942029 0.284 0.6608695652173913 0.2795 0.6676328502415458 0.276 0.6685990338164252 0.271 0.659903381642512 0.2625 0.6550724637681159 0.2595 0.6434782608695652 0.2555 0.633816425120773 0.254 0.621256038647343 0.254 0.6135265700483091 0.255
0 0.7014492753623188 0.227 0.6917874396135266 0.227 0.6811594202898551 0.232 0.672463768115942 0.2375 0.6666666666666666 0.2435 0.6666666666666666 0.259 0.6714975845410628 0.263 0.6840579710144927 0.2655 0.7014492753623188 0.2645 0.7140096618357488 0.2615 0.7265700483091787 0.252 0.7265700483091787 0.248 0.7178743961352657 0.234
0 0.7101449275362319 0.2625 0.6888888888888889 0.2665 0.6763285024154589 0.274 0.6734299516908212 0.2805 0.6763285024154589 0.285 0.6850241545893719 0.2895 0.7072463768115942 0.295 0.7227053140096619 0.2945 0.7246376811594203 0.2915 0.7304347826086957 0.289 0.7391304347826086 0.289 0.7458937198067633 0.2835 0.7458937198067633 0.2785 0.736231884057971 0.2675 0.7323671497584541 0.2655 0.7178743961352657 0.2625
0 0.6550724637681159 0.286 0.6367149758454106 0.2955 0.633816425120773 0.299 0.6357487922705314 0.3045 0.6454106280193237 0.311 0.6473429951690821 0.3145 0.6521739130434783 0.3165 0.6647342995169082 0.3175 0.6859903381642513 0.3155 0.6917874396135266 0.3125 0.6956521739130435 0.3075 0.6946859903381642 0.2995 0.6898550724637681 0.2915 0.6753623188405797 0.2855 0.6618357487922706 0.285
0 0.6666666666666666 0.318 0.6541062801932367 0.3295 0.6531400966183575 0.337 0.6570048309178744 0.341 0.6676328502415458 0.345 0.6927536231884058 0.3485 0.7091787439613526 0.345 0.7140096618357488 0.3425 0.7159420289855073 0.338 0.7101449275362319 0.3285 0.7033816425120772 0.322 0.6898550724637681 0.3165 0.6753623188405797 0.3165
0 0.6396135265700483 0.323 0.6193236714975845 0.319 0.6106280193236715 0.319 0.5980676328502416 0.3235 0.5922705314009662 0.328 0.5893719806763285 0.334 0.5903381642512078 0.346 0.5961352657004831 0.3525 0.6028985507246377 0.3535 0.6241545893719807 0.3505 0.629951690821256 0.3485 0.642512077294686 0.339 0.6463768115942029 0.327
0 0.6850241545893719 0.348 0.6714975845410628 0.346 0.6560386473429952 0.341 0.6454106280193237 0.341 0.6347826086956522 0.3445 0.6280193236714976 0.351 0.6251207729468599 0.3615 0.6260869565217392 0.3695 0.633816425120773 0.376 0.6386473429951691 0.3775 0.6531400966183575 0.377 0.663768115942029 0.374 0.6850241545893719 0.361 0.6869565217391305 0.3565 0.6869565217391305 0.3495
0 0.7033816425120772 0.3585 0.6821256038647343 0.3635 0.672463768115942 0.369 0.6705314009661836 0.375 0.6734299516908212 0.3815 0.6821256038647343 0.3885 0.6995169082125604 0.396 0.7101449275362319 0.3975 0.7159420289855073 0.397 0.7256038647342995 0.3925 0.7333333333333333 0.382 0.7342995169082126 0.376 0.7294685990338164 0.363 0.7101449275362319 0.3585
0 0.5140096618357488 0.3565 0.5120772946859904 0.3595 0.5130434782608696 0.366 0.5217391304347826 0.3695 0.5429951690821256 0.3835 0.5478260869565217 0.3845 0.553623188405797 0.384 0.5690821256038647 0.377 0.5758454106280193 0.3695 0.5768115942028985 0.364 0.5739130434782609 0.359 0.5671497584541063 0.355 0.5400966183574879 0.354 0.523671497584541 0.3545
0 0.5111111111111111 0.3705 0.49371980676328503 0.3835 0.49371980676328503 0.394 0.4985507246376812 0.4015 0.5101449275362319 0.407 0.5207729468599034 0.407 0.548792270531401 0.4035 0.557487922705314 0.398 0.557487922705314 0.3925 0.5526570048309178 0.3865 0.527536231884058 0.3735 0.5169082125603864 0.3705
0 0.45893719806763283 0.3935 0.4396135265700483 0.399 0.43091787439613527 0.4035 0.4270531400966184 0.4085 0.43381642512077295 0.418 0.4434782608695652 0.4255 0.463768115942029 0.4295 0.47729468599033814 0.43 0.48792270531400966 0.428 0.4975845410628019 0.4225 0.5053140096618357 0.4075 0.5014492753623189 0.403 0.49082125603864735 0.3965 0.47342995169082125 0.393
0 0.5806763285024155 0.4095 0.5497584541062802 0.405 0.5333333333333333 0.405 0.5101449275362319 0.4085 0.5043478260869565 0.4115 0.5014492753623189 0.416 0.5014492753623189 0.4255 0.5091787439613527 0.437 0.5178743961352656 0.4405 0.5381642512077295 0.4405 0.5632850241545894 0.4325 0.5777777777777777 0.4295 0.5826086956521739 0.424 0.5845410628019324 0.417 0.5835748792270531 0.4115
0 0.6347826086956522 0.3785 0.6241545893719807 0.3785 0.6106280193236715 0.381 0.6028985507246377 0.3845 0.5971014492753624 0.3905 0.5951690821256038 0.397 0.5990338164251208 0.4055 0.6067632850241546 0.41 0.6173913043478261 0.413 0.6367149758454106 0.412 0.642512077294686 0.41 0.6463768115942029 0.399 0.6550724637681159 0.389 0.6531400966183575 0.385 0.642512077294686 0.38
0 0.6550724637681159 0.392 0.6492753623188405 0.395 0.6454106280193237 0.4005 0.6444444444444445 0.405 0.6483091787439613 0.4105 0.6560386473429952 0.4145 0.6695652173913044 0.4175 0.6821256038647343 0.416 0.6985507246376812 0.4075 0.7033816425120772 0.4015 0.7014492753623188 0.397 0.6869565217391305 0.391
0 0.6859903381642513 0.4195 0.6753623188405797 0.418 0.6676328502415458 0.421 0.6541062801932367 0.421 0.6405797101449275 0.425 0.629951690821256 0.4305 0.6270531400966184 0.4345 0.6270531400966184 0.4395 0.633816425120773 0.446 0.6396135265700483 0.449 0.6502415458937199 0.4525 0.6618357487922706 0.4535 0.672463768115942 0.452 0.6782608695652174 0.449 0.6898550724637681 0.438 0.6946859903381642 0.429
0 0.7072463768115942 0.4215 0.6975845410628019 0.4295 0.6917874396135266 0.437 0.6908212560386473 0.4515 0.6956521739130435 0.4565 0.7072463768115942 0.4625 0.7236714975845411 0.463 0.7371980676328502 0.4615 0.7439613526570048 0.4595 0.7574879227053141 0.4515 0.7603864734299517 0.4385 0.7632850241545893 0.435 0.7536231884057971 0.4275 0.7458937198067633 0.426 0.7314009661835749 0.4265 0.7236714975845411 0.425 0.7169082125603865 0.4215
0 0.6309178743961352 0.447 0.6028985507246377 0.4615 0.5971014492753624 0.4665 0.5942028985507246 0.4755 0.6009661835748792 0.485 0.6077294685990338 0.4885 0.6231884057971014 0.493 0.6376811594202898 0.4935 0.6483091787439613 0.4915 0.6579710144927536 0.4875 0.663768115942029 0.4785 0.6647342995169082 0.4705 0.6608695652173913 0.468 0.6560386473429952 0.46 0.6444444444444445 0.4545 0.6396135265700483 0.4535 0.633816425120773 0.4475
0 0.6038647342995169 0.438 0.5942028985507246 0.4355 0.5729468599033817 0.4325 0.5632850241545894 0.433 0.5545893719806764 0.436 0.5468599033816425 0.443 0.5429951690821256 0.451 0.5429951690821256 0.462 0.5497584541062802 0.4725 0.5652173913043478 0.474 0.578743961352657 0.472 0.5903381642512078 0.4685 0.6067632850241546 0.459 0.6115942028985507 0.4525 0.6106280193236715 0.4425
0 0.5381642512077295 0.451 0.5207729468599034 0.4415 0.514975845410628 0.44 0.5033816425120773 0.44 0.49178743961352656 0.4425 0.48405797101449277 0.447 0.4753623188405797 0.459 0.4753623188405797 0.4635 0.4801932367149758 0.469 0.4966183574879227 0.469 0.5304347826086957 0.4615 0.5410628019323671 0.4555
0 0.43381642512077295 0.434 0.42028985507246375 0.437 0.4077294685990338 0.447 0.40869565217391307 0.455 0.41642512077294686 0.463 0.4260869565217391 0.4675 0.45603864734299515 0.4705 0.4608695652173913 0.4685 0.47729468599033814 0.4555 0.47729468599033814 0.444 0.46859903381642515 0.438 0.4579710144927536 0.435 0.45120772946859905 0.434
0 0.3748792270531401 0.445 0.3671497584541063 0.448 0.357487922705314 0.4565 0.3545893719806763 0.463 0.35555555555555557 0.471 0.36135265700483093 0.4745 0.3739130434782609 0.4775 0.40096618357487923 0.4775 0.4115942028985507 0.4745 0.41642512077294686 0.4715 0.4144927536231884 0.4625 0.4067632850241546 0.45 0.40193236714975844 0.447 0.3922705314009662 0.445
0 0.37294685990338167 0.4845 0.35845410628019325 0.4875 0.34492753623188405 0.494 0.34009661835748795 0.4985 0.3391304347826087 0.503 0.34492753623188405 0.512 0.3565217391304348 0.5195 0.3710144927536232 0.523 0.38357487922705313 0.5235 0.3893719806763285 0.522 0.40096618357487923 0.516 0.4048309178743961 0.511 0.40869565217391307 0.509 0.4096618357487923 0.5 0.4057971014492754 0.4925 0.39903381642512076 0.4875 0.3903381642512077 0.485
0 0.4676328502415459 0.4755 0.4405797101449275 0.4695 0.43285024154589374 0.4695 0.42318840579710143 0.473 0.40869565217391307 0.491 0.4106280193236715 0.5085 0.41256038647342996 0.51 0.421256038647343 0.511 0.4270531400966184 0.508 0.4463768115942029 0.503 0.4647342995169082 0.495 0.46956521739130436 0.4905 0.4714975845410628 0.485 0.47053140096618357 0.4785
0 0.5304347826086957 0.4645 0.527536231884058 0.4635 0.514975845410628 0.4645 0.5072463768115942 0.467 0.4859903381642512 0.47 0.47342995169082125 0.4745 0.47342995169082125 0.4795 0.4782608695652174 0.4835 0.4792270531400966 0.4865 0.4859903381642512 0.4905 0.5004830917874397 0.4945 0.527536231884058 0.4935 0.5400966183574879 0.487 0.5429951690821256 0.4815 0.5400966183574879 0.4715
0 0.578743961352657 0.4735 0.5700483091787439 0.4735 0.5516908212560386 0.479 0.5449275362318841 0.483 0.5314009661835749 0.495 0.5285024154589372 0.5065 0.5362318840579711 0.512 0.5458937198067633 0.515 0.5545893719806764 0.516 0.5700483091787439 0.516 0.5806763285024155 0.5135 0.591304347826087 0.506 0.5942028985507246 0.499 0.5932367149758454 0.4845 0.5845410628019324 0.4755
0 0.1603864734299517 0.4565 0.14589371980676327 0.4585 0.13429951690821257 0.463 0.12753623188405797 0.471 0.12753623188405797 0.4805 0.1294685990338164 0.485 0.13816425120772946 0.4915 0.14589371980676327 0.493 0.1565217391304348 0.493 0.16328502415458937 0.495 0.16908212560386474 0.4985 0.1748792270531401 0.498 0.178743961352657 0.491 0.18937198067632852 0.483 0.19130434782608696 0.4725 0.1855072463768116 0.4615 0.17777777777777778 0.458
0 0.10048309178743961 0.461 0.09082125603864734 0.465 0.07922705314009662 0.473 0.07342995169082125 0.4785 0.07246376811594203 0.4835 0.07632850241545894 0.49 0.08405797101449275 0.4955 0.10048309178743961 0.498 0.11207729468599034 0.498 0.12270531400966184 0.4935 0.1294685990338164 0.4865 0.12560386473429952 0.4765 0.12560386473429952 0.4705 0.12367149758454106 0.466 0.11690821256038647 0.4625 0.1111111111111111 0.461
0 0.26956521739130435 0.4795 0.2608695652173913 0.4785 0.23091787439613526 0.4845 0.21932367149758455 0.488 0.21159420289855072 0.493 0.20869565217391303 0.4965 0.20966183574879227 0.5055 0.21642512077294687 0.512 0.22608695652173913 0.5175 0.2357487922705314 0.519 0.24830917874396136 0.5185 0.26280193236714977 0.513 0.2743961352657005 0.506 0.2782608695652174 0.5005 0.28019323671497587 0.4925 0.28599033816425123 0.4905 0.28695652173913044 0.486
0 0.057971014492753624 0.5095 0.057971014492753624 0.5235 0.0647342995169082 0.5295 0.07536231884057971 0.532 0.08599033816425121 0.532 0.11594202898550725 0.5285 0.13043478260869565 0.5215 0.14202898550724638 0.52 0.14492753623188406 0.5185 0.14396135265700483 0.513 0.1246376811594203 0.501 0.11207729468599034 0.4985 0.08985507246376812 0.4965 0.0782608695652174 0.497 0.06666666666666667 0.501
0 0.1826086956521739 0.524 0.16521739130434782 0.5205 0.13623188405797101 0.521 0.12753623188405797 0.523 0.11980676328502415 0.527 0.11594202898550725 0.5315 0.11400966183574879 0.542 0.11884057971014493 0.549 0.1285024154589372 0.554 0.13623188405797101 0.5555 0.14396135265700483 0.5555 0.1671497584541063 0.5515 0.18357487922705315 0.5435 0.19516908212560385 0.5345 0.19420289855072465 0.53
0 0.21739130434782608 0.529 0.20483091787439614 0.5355 0.2038647342995169 0.5465 0.20676328502415459 0.5505 0.21932367149758455 0.5555 0.2396135265700483 0.5605 0.2531400966183575 0.562 0.2608695652173913 0.5605 0.26763285024154587 0.557 0.2763285024154589 0.546 0.2772946859903382 0.537 0.2743961352657005 0.5335 0.2618357487922705 0.529 0.2396135265700483 0.526 0.2289855072463768 0.5265
0 0.3169082125603865 0.5155 0.3111111111111111 0.517 0.2985507246376812 0.525 0.29178743961352654 0.5325 0.2927536231884058 0.5405 0.30531400966183575 0.548 0.3140096618357488 0.5505 0.33719806763285026 0.5515 0.3516908212560386 0.5475 0.357487922705314 0.5405 0.357487922705314 0.527 0.3516908212560386 0.52 0.34396135265700484 0.5165 0.3333333333333333 0.515
0 0.38067632850241545 0.554 0.36038647342995167 0.553 0.3526570048309179 0.5505 0.34396135265700484 0.5505 0.33816425120772947 0.553 0.336231884057971 0.5565 0.32463768115942027 0.561 0.31980676328502416 0.5665 0.3207729468599034 0.5745 0.3285024154589372 0.582 0.336231884057971 0.5845 0.3526570048309179 0.5845 0.37874396135265703 0.5785 0.38454106280193234 0.5755 0.3884057971014493 0.57 0.3884057971014493 0.5605 0.3855072463768116 0.5565
0 0.30241545893719807 0.5555 0.28405797101449276 0.556 0.26859903381642514 0.558 0.25507246376811593 0.563 0.2531400966183575 0.567 0.2541062801932367 0.577 0.263768115942029 0.5855 0.2743961352657005 0.592 0.28405797101449276 0.5935 0.29178743961352654 0.5965 0.3004830917874396 0.596 0.3120772946859903 0.592 0.32367149758454106 0.5825 0.32367149758454106 0.5785 0.31980676328502416 0.573 0.3188405797101449 0.5605 0.3101449275362319 0.5565
0 0.23091787439613526 0.5695 0.221256038647343 0.57 0.2135265700483092 0.5725 0.20193236714975846 0.583 0.19806763285024154 0.591 0.19903381642512077 0.599 0.2028985507246377 0.6045 0.21256038647342995 0.6105 0.21932367149758455 0.612 0.23768115942028986 0.6115 0.2560386473429952 0.607 0.26859903381642514 0.6005 0.2714975845410628 0.5965 0.2714975845410628 0.5915 0.2560386473429952 0.579 0.23864734299516907 0.571
0 0.20483091787439614 0.561 0.19420289855072465 0.5565 0.17198067632850242 0.5515 0.14009661835748793 0.5565 0.13623188405797101 0.559 0.13043478260869565 0.5675 0.13043478260869565 0.573 0.13429951690821257 0.5805 0.14009661835748793 0.584 0.14879227053140096 0.586 0.15845410628019324 0.586 0.16908212560386474 0.584 0.18647342995169083 0.5775 0.20483091787439614 0.568 0.20676328502415459 0.565
0 0.07053140096618357 0.5395 0.06666666666666667 0.541 0.05507246376811594 0.5515 0.05410628019323672 0.5575 0.05893719806763285 0.5685 0.07246376811594203 0.579 0.08502415458937199 0.5805 0.10241545893719807 0.5795 0.11497584541062802 0.5755 0.12753623188405797 0.5685 0.1294685990338164 0.5565 0.1111111111111111 0.542 0.10531400966183575 0.5405 0.0821256038647343 0.5385
0 0.10628019323671498 0.5805 0.06956521739130435 0.5795 0.057004830917874394 0.5825 0.04927536231884058 0.5875 0.04734299516908213 0.595 0.050241545893719805 0.6045 0.05314009661835749 0.6085 0.06763285024154589 0.6145 0.0782608695652174 0.616 0.08695652173913043 0.6145 0.0966183574879227 0.6105 0.11014492753623188 0.6005 0.11497584541062802 0.591 0.11304347826086956 0.5845
0 0.1323671497584541 0.5995 0.12270531400966184 0.606 0.12270531400966184 0.6175 0.1294685990338164 0.6265 0.14106280193236714 0.635 0.14879227053140096 0.638 0.16328502415458937 0.639 0.17391304347826086 0.6375 0.1855072463768116 0.6325 0.1961352657004831 0.6245 0.19806763285024154 0.616 0.1932367149758454 0.609 0.1826086956521739 0.6025 0.16908212560386474 0.599 0.15072463768115943 0.598
0 0.08599033816425121 0.6195 0.07536231884057971 0.6185 0.05507246376811594 0.622 0.04154589371980676 0.629 0.03671497584541063 0.634 0.035748792270531404 0.6405 0.03768115942028986 0.646 0.044444444444444446 0.6545 0.04541062801932367 0.6605 0.051207729468599035 0.6645 0.057004830917874394 0.665 0.0782608695652174 0.6555 0.09565217391304348 0.6535 0.10241545893719807 0.6495 0.10241545893719807 0.646 0.09758454106280193 0.639 0.10048309178743961 0.6325 0.09951690821256039 0.6275 0.09565217391304348 0.6235
0 0.13526570048309178 0.6415 0.12270531400966184 0.642 0.10821256038647344 0.6465 0.09565217391304348 0.6645 0.09565217391304348 0.6705 0.09855072463768116 0.673 0.1072463768115942 0.6765 0.12270531400966184 0.68 0.13333333333333333 0.6795 0.15072463768115943 0.669 0.1497584541062802 0.662 0.15265700483091788 0.658 0.15169082125603864 0.6495 0.14299516908212562 0.643
0 0.043478260869565216 0.6725 0.03864734299516908 0.6815 0.03768115942028986 0.69 0.04154589371980676 0.696 0.04927536231884058 0.7 0.07342995169082125 0.7015 0.09371980676328502 0.6995 0.10628019323671498 0.696 0.1178743961352657 0.689 0.11980676328502415 0.6845 0.11594202898550725 0.68 0.08792270531400966 0.668 0.06763285024154589 0.668 0.05507246376811594 0.6665 0.04927536231884058 0.668
0 0.08309178743961353 0.7085 0.07536231884057971 0.713 0.07149758454106281 0.7175 0.07246376811594203 0.7235 0.08019323671497584 0.7315 0.08695652173913043 0.7345 0.10531400966183575 0.738 0.1285024154589372 0.7385 0.13623188405797101 0.7375 0.14106280193236714 0.7345 0.14492753623188406 0.7265 0.14492753623188406 0.71 0.14299516908212562 0.708 0.12753623188405797 0.704 0.11497584541062802 0.7035 0.09468599033816426 0.7055
0 0.04734299516908213 0.6995 0.043478260869565216 0.701 0.03961352657004831 0.7075 0.04154589371980676 0.718 0.05603864734299517 0.7285 0.06376811594202898 0.73 0.07342995169082125 0.7295 0.07536231884057971 0.7275 0.06956521739130435 0.7205 0.06956521739130435 0.7175 0.08599033816425121 0.7075 0.09468599033816426 0.705 0.09565217391304348 0.7005 0.09468599033816426 0.6995 0.08695652173913043 0.6995 0.08019323671497584 0.701 0.06376811594202898 0.7015
0 0.20096618357487922 0.6735 0.178743961352657 0.667 0.1536231884057971 0.669 0.13043478260869565 0.681 0.1294685990338164 0.692 0.13333333333333333 0.698 0.13719806763285025 0.7 0.1468599033816425 0.7015 0.15555555555555556 0.7015 0.17004830917874397 0.699 0.18647342995169083 0.6925 0.1961352657004831 0.687 0.20193236714975846 0.679
0 0.2 0.6335 0.1855072463768116 0.6335 0.1681159420289855 0.6405 0.15265700483091788 0.6565 0.15072463768115943 0.6605 0.15265700483091788 0.667 0.15942028985507245 0.668 0.1681159420289855 0.6675 0.20483091787439614 0.661 0.21739130434782608 0.6565 0.22028985507246376 0.654 0.21932367149758455 0.6475
0 0.2618357487922705 0.6135 0.24347826086956523 0.6115 0.2135265700483092 0.6125 0.20772946859903382 0.615 0.2 0.623 0.2 0.63 0.20772946859903382 0.6385 0.21545893719806763 0.641 0.221256038647343 0.645 0.23285024154589373 0.6455 0.25024154589371983 0.641 0.263768115942029 0.6315 0.26763285024154587 0.6275 0.26763285024154587 0.6205 0.26570048309178745 0.6155
0 0.29082125603864734 0.6255 0.28019323671497587 0.6255 0.2714975845410628 0.6275 0.2560386473429952 0.637 0.25024154589371983 0.643 0.24734299516908212 0.6515 0.2608695652173913 0.665 0.28695652173913044 0.665 0.29178743961352654 0.664 0.30434782608695654 0.6585 0.3188405797101449 0.649 0.31980676328502416 0.6405 0.3169082125603865 0.636 0.30434782608695654 0.6295
0 0.32560386473429953 0.6485 0.3188405797101449 0.649 0.2956521739130435 0.663 0.28888888888888886 0.6745 0.28888888888888886 0.682 0.2927536231884058 0.6885 0.2966183574879227 0.691 0.3111111111111111 0.6935 0.3323671497584541 0.693 0.34396135265700484 0.69 0.3545893719806763 0.6825 0.35942028985507246 0.675 0.3565217391304348 0.6665 0.34299516908212563 0.6595 0.33816425120772947 0.6535 0.3333333333333333 0.6505
0 0.391304347826087 0.627 0.38067632850241545 0.628 0.3536231884057971 0.638 0.34299516908212563 0.6465 0.34106280193236715 0.6495 0.34202898550724636 0.658 0.3536231884057971 0.665 0.36328502415458935 0.668 0.37874396135265703 0.6675 0.38164251207729466 0.666 0.3826086956521739 0.663 0.39420289855072466 0.6585 0.39903381642512076 0.655 0.40096618357487923 0.642 0.39710144927536234 0.6315
0 0.4289855072463768 0.5625 0.41642512077294686 0.5625 0.4057971014492754 0.564 0.391304347826087 0.572 0.38454106280193234 0.578 0.38357487922705313 0.5865 0.3855072463768116 0.5915 0.3903381642512077 0.595 0.3961352657004831 0.596 0.40193236714975844 0.599 0.4048309178743961 0.6055 0.41256038647342996 0.6045 0.41642512077294686 0.6015 0.4270531400966184 0.5995 0.4396135265700483 0.593 0.4434782608695652 0.588 0.4454106280193237 0.5815 0.4444444444444444 0.5685 0.4396135265700483 0.565
0 0.3932367149758454 0.528 0.38067632850241545 0.5265 0.35942028985507246 0.529 0.357487922705314 0.542 0.35555555555555557 0.544 0.35555555555555557 0.5495 0.35942028985507246 0.552 0.3642512077294686 0.553 0.38067632850241545 0.553 0.4 0.5445 0.4 0.5365
0 0.4057971014492754 0.5125 0.39710144927536234 0.524 0.39710144927536234 0.531 0.4028985507246377 0.542 0.4096618357487923 0.5455 0.41835748792270533 0.5475 0.43381642512077295 0.5475 0.4444444444444444 0.5455 0.45410628019323673 0.541 0.45893719806763283 0.536 0.4647342995169082 0.5335 0.4599033816425121 0.53 0.4570048309178744 0.525 0.4454106280193237 0.519 0.4434782608695652 0.5165 0.43671497584541064 0.514 0.41642512077294686 0.5115
0 0.4821256038647343 0.49 0.47053140096618357 0.4925 0.45410628019323673 0.5005 0.4444444444444444 0.513 0.4444444444444444 0.517 0.4473429951690821 0.52 0.4647342995169082 0.526 0.47729468599033814 0.5265 0.485024154589372 0.525 0.49082125603864735 0.5225 0.4956521739130435 0.512 0.49468599033816424 0.4945 0.48792270531400966 0.491
0 0.5159420289855072 0.507 0.5043478260869565 0.5095 0.4966183574879227 0.513 0.4927536231884058 0.521 0.49468599033816424 0.53 0.5178743961352656 0.543 0.5285024154589372 0.545 0.5323671497584541 0.5445 0.5458937198067633 0.537 0.548792270531401 0.529 0.5478260869565217 0.517 0.527536231884058 0.507
0 0.4628019323671498 0.535 0.45410628019323673 0.5405 0.45217391304347826 0.5445 0.45410628019323673 0.5535 0.4618357487922705 0.5595 0.47246376811594204 0.5615 0.49468599033816424 0.5615 0.5072463768115942 0.56 0.5111111111111111 0.5585 0.5159420289855072 0.545 0.5101449275362319 0.5385 0.5024154589371981 0.5335 0.4966183574879227 0.5315 0.4811594202898551 0.531 0.47246376811594204 0.532
0 0.5710144927536231 0.5165 0.5642512077294686 0.521 0.5603864734299517 0.528 0.5603864734299517 0.5385 0.5632850241545894 0.542 0.5719806763285025 0.5455 0.578743961352657 0.5465 0.5864734299516908 0.546 0.6019323671497585 0.5505 0.6106280193236715 0.5505 0.6164251207729469 0.549 0.6183574879227053 0.546 0.6164251207729469 0.531 0.6125603864734299 0.5255 0.6 0.5205 0.5903381642512078 0.5145
0 0.6705314009661836 0.503 0.6608695652173913 0.4975 0.6550724637681159 0.492 0.6347826086956522 0.494 0.6164251207729469 0.4925 0.6067632850241546 0.4945 0.5971014492753624 0.499 0.5932367149758454 0.506 0.5932367149758454 0.514 0.5951690821256038 0.517 0.6009661835748792 0.5205 0.6251207729468599 0.5235 0.6608695652173913 0.516 0.6705314009661836 0.509
0 0.6869565217391305 0.4515 0.6734299516908212 0.452 0.659903381642512 0.4585 0.6608695652173913 0.466 0.6714975845410628 0.471 0.6734299516908212 0.474 0.6666666666666666 0.477 0.659903381642512 0.4855 0.659903381642512 0.495 0.6657004830917874 0.5005 0.6753623188405797 0.5035 0.6966183574879227 0.4995 0.706280193236715 0.4945 0.7091787439613526 0.491 0.7169082125603865 0.4905 0.7236714975845411 0.4885 0.7256038647342995 0.4865 0.7236714975845411 0.4815 0.7130434782608696 0.4765 0.7101449275362319 0.4665 0.6995169082125604 0.458
0 0.7169082125603865 0.4965 0.7082125603864734 0.497 0.6811594202898551 0.5025 0.6772946859903382 0.505 0.6753623188405797 0.509 0.6772946859903382 0.514 0.6917874396135266 0.5215 0.7072463768115942 0.5255 0.7159420289855073 0.5255 0.7265700483091787 0.523 0.7304347826086957 0.521 0.7342995169082126 0.5145 0.7342995169082126 0.508 0.7314009661835749 0.501 0.7256038647342995 0.498
0 0.7768115942028986 0.5195 0.7526570048309179 0.5195 0.7371980676328502 0.524 0.7333333333333333 0.5265 0.7304347826086957 0.5365 0.7342995169082126 0.546 0.7381642512077294 0.5505 0.7497584541062802 0.555 0.7710144927536232 0.556 0.778743961352657 0.5545 0.7884057971014493 0.549 0.7961352657004831 0.5415 0.7961352657004831 0.5355 0.7922705314009661 0.528 0.7855072463768116 0.5215
0 0.672463768115942 0.521 0.6628019323671498 0.5185 0.6541062801932367 0.518 0.633816425120773 0.5235 0.621256038647343 0.5295 0.6173913043478261 0.537 0.621256038647343 0.5495 0.6280193236714976 0.5535 0.6396135265700483 0.5555 0.6560386473429952 0.5555 0.6705314009661836 0.554 0.6811594202898551 0.549 0.6811594202898551 0.528 0.6792270531400966 0.5245
0 0.6666666666666666 0.556 0.6463768115942029 0.556 0.633816425120773 0.5575 0.621256038647343 0.568 0.6173913043478261 0.574 0.6183574879227053 0.5815 0.6260869565217392 0.5885 0.6376811594202898 0.5925 0.6521739130434783 0.5935 0.6628019323671498 0.5925 0.6772946859903382 0.586 0.6840579710144927 0.5805 0.6840579710144927 0.571 0.6821256038647343 0.5675 0.6705314009661836 0.5575
0 0.6193236714975845 0.5515 0.6019323671497585 0.551 0.58743961352657 0.5475 0.5652173913043478 0.5505 0.5603864734299517 0.553 0.5555555555555556 0.5605 0.557487922705314 0.5675 0.5652173913043478 0.576 0.5710144927536231 0.5785 0.58743961352657 0.5815 0.6135265700483091 0.575 0.6183574879227053 0.5725 0.6231884057971014 0.565 0.6241545893719807 0.556 0.6222222222222222 0.5525
0 0.5362318840579711 0.561 0.5207729468599034 0.561 0.5082125603864734 0.563 0.4966183574879227 0.5665 0.48695652173913045 0.5715 0.485024154589372 0.5755 0.48695652173913045 0.58 0.4927536231884058 0.5855 0.5024154589371981 0.591 0.5159420289855072 0.593 0.5285024154589372 0.593 0.5371980676328503 0.591 0.5458937198067633 0.5855 0.548792270531401 0.5805 0.548792270531401 0.5685 0.5449275362318841 0.5635
0 0.5033816425120773 0.598 0.485024154589372 0.6015 0.47246376811594204 0.607 0.46859903381642515 0.6115 0.46859903381642515 0.62 0.47439613526570046 0.628 0.4830917874396135 0.633 0.4966183574879227 0.6355 0.5140096618357488 0.636 0.5265700483091788 0.633 0.5391304347826087 0.6245 0.5439613526570048 0.615 0.5439613526570048 0.607 0.5400966183574879 0.6035 0.5314009661835749 0.5995 0.5217391304347826 0.598
0 0.41256038647342996 0.6135 0.4067632850241546 0.6155 0.4048309178743961 0.621 0.39710144927536234 0.6265 0.4 0.6355 0.4077294685990338 0.6445 0.41739130434782606 0.6515 0.4260869565217391 0.6535 0.4444444444444444 0.654 0.45603864734299515 0.6515 0.47053140096618357 0.6435 0.47729468599033814 0.637 0.47729468599033814 0.631 0.4666666666666667 0.62 0.45507246376811594 0.6145 0.4396135265700483 0.611
0 0.4956521739130435 0.6365 0.47632850241545893 0.6405 0.4608695652173913 0.6495 0.4599033816425121 0.655 0.46570048309178746 0.6635 0.4792270531400966 0.671 0.49082125603864735 0.674 0.5043478260869565 0.6745 0.5140096618357488 0.6715 0.5294685990338164 0.6625 0.5304347826086957 0.6575 0.5217391304347826 0.6395 0.5140096618357488 0.6375
0 0.5594202898550724 0.6225 0.5507246376811594 0.6225 0.5400966183574879 0.6255 0.5314009661835749 0.631 0.5256038647342995 0.639 0.5256038647342995 0.647 0.5333333333333333 0.6585 0.5400966183574879 0.661 0.548792270531401 0.662 0.5584541062801932 0.6615 0.5661835748792271 0.6595 0.578743961352657 0.6515 0.5855072463768116 0.643 0.5864734299516908 0.6335 0.5845410628019324 0.63 0.5768115942028985 0.6265
0 0.6251207729468599 0.5905 0.6173913043478261 0.5905 0.6096618357487923 0.592 0.6019323671497585 0.596 0.5942028985507246 0.6035 0.5855072463768116 0.6185 0.5855072463768116 0.6245 0.591304347826087 0.628 0.6115942028985507 0.6275 0.6251207729468599 0.6255 0.6376811594202898 0.6215 0.6473429951690821 0.615 0.6492753623188405 0.609 0.6463768115942029 0.6035 0.6318840579710145 0.593
0 0.7140096618357488 0.5905 0.7004830917874396 0.587 0.6782608695652174 0.588 0.663768115942029 0.5925 0.6579710144927536 0.596 0.6541062801932367 0.601 0.6550724637681159 0.6115 0.6589371980676328 0.6155 0.6685990338164252 0.6195 0.6753623188405797 0.6205 0.6946859903381642 0.62 0.7101449275362319 0.617 0.7246376811594203 0.6085 0.7285024154589372 0.6035 0.7265700483091787 0.5985
0 0.714975845410628 0.623 0.7053140096618358 0.62 0.6985507246376812 0.6195 0.6908212560386473 0.6205 0.6676328502415458 0.6205 0.6512077294685991 0.624 0.6444444444444445 0.6285 0.6434782608695652 0.6345 0.6473429951690821 0.643 0.6570048309178744 0.652 0.6666666666666666 0.655 0.6811594202898551 0.655 0.6927536231884058 0.653 0.7101449275362319 0.6455 0.714975845410628 0.638 0.7217391304347827 0.632 0.7207729468599033 0.6265
0 0.7323671497584541 0.63 0.7198067632850241 0.635 0.7140096618357488 0.641 0.7120772946859903 0.648 0.714975845410628 0.653 0.7246376811594203 0.66 0.744927536231884 0.6635 0.7594202898550725 0.6635 0.7671497584541063 0.6585 0.770048309178744 0.6525 0.7671497584541063 0.6345 0.7545893719806763 0.629
0 0.7690821256038647 0.6055 0.7555555555555555 0.6105 0.7497584541062802 0.615 0.748792270531401 0.62 0.7545893719806763 0.6285 0.7710144927536232 0.6365 0.7874396135265701 0.6395 0.7980676328502415 0.639 0.8019323671497585 0.634 0.8019323671497585 0.6205 0.7980676328502415 0.6115 0.7903381642512077 0.607 0.7816425120772947 0.6055
0 0.5922705314009662 0.6495 0.5922705314009662 0.6545 0.5990338164251208 0.6595 0.6144927536231884 0.667 0.6318840579710145 0.672 0.6473429951690821 0.6715 0.6521739130434783 0.67 0.6541062801932367 0.6505 0.6444444444444445 0.641 0.6270531400966184 0.639 0.6173913043478261 0.6395 0.6057971014492753 0.6425
0 0.6579710144927536 0.6555 0.6531400966183575 0.662 0.6531400966183575 0.672 0.6560386473429952 0.674 0.6560386473429952 0.6815 0.6647342995169082 0.6825 0.6946859903381642 0.6795 0.6995169082125604 0.6765 0.7082125603864734 0.667 0.706280193236715 0.662 0.693719806763285 0.6545 0.6618357487922706 0.6545
0 0.7555555555555555 0.6655 0.7342995169082126 0.6615 0.7227053140096619 0.6615 0.706280193236715 0.6695 0.6966183574879227 0.6795 0.6985507246376812 0.689 0.6975845410628019 0.6975 0.706280193236715 0.7 0.7178743961352657 0.7005 0.748792270531401 0.6935 0.7574879227053141 0.6895 0.7652173913043478 0.682 0.7661835748792271 0.677 0.7574879227053141 0.6695
0 0.7545893719806763 0.6945 0.7420289855072464 0.695 0.7082125603864734 0.703 0.7043478260869566 0.7085 0.7043478260869566 0.717 0.7072463768115942 0.725 0.7159420289855073 0.7315 0.7304347826086957 0.734 0.748792270531401 0.734 0.7574879227053141 0.732 0.7729468599033816 0.723 0.7806763285024154 0.714 0.7806763285024154 0.709 0.7739130434782608 0.704 0.7632850241545893 0.7015 0.7594202898550725 0.697
0 0.6859903381642513 0.6815 0.6763285024154589 0.6815 0.6685990338164252 0.683 0.6579710144927536 0.687 0.6473429951690821 0.693 0.642512077294686 0.7 0.6434782608695652 0.7075 0.6473429951690821 0.712 0.663768115942029 0.7175 0.672463768115942 0.719 0.6801932367149759 0.719 0.6956521739130435 0.715 0.7033816425120772 0.708 0.7033816425120772 0.7005 0.6966183574879227 0.696 0.6966183574879227 0.6855 0.693719806763285 0.6835
0 0.702415458937198 0.7175 0.6927536231884058 0.716 0.6801932367149759 0.719 0.6618357487922706 0.7185 0.6512077294685991 0.7275 0.6483091787439613 0.735 0.6492753623188405 0.743 0.6570048309178744 0.748 0.6695652173913044 0.7505 0.6975845410628019 0.7505 0.706280193236715 0.749 0.7188405797101449 0.744 0.7207729468599033 0.7355 0.7188405797101449 0.733 0.7111111111111111 0.729
0 0.5565217391304348 0.706 0.5449275362318841 0.7125 0.5410628019323671 0.717 0.5391304347826087 0.7285 0.5420289855072464 0.7325 0.5497584541062802 0.7365 0.5594202898550724 0.738 0.5758454106280193 0.7385 0.5932367149758454 0.736 0.6009661835748792 0.7325 0.6067632850241546 0.7255 0.6057971014492753 0.721 0.6019323671497585 0.7185 0.5961352657004831 0.7105 0.5826086956521739 0.7055 0.5652173913043478 0.7045
0 0.6347826086956522 0.684 0.6125603864734299 0.6835 0.6057971014492753 0.6845 0.5990338164251208 0.6875 0.5951690821256038 0.6925 0.5990338164251208 0.714 0.6038647342995169 0.72 0.6173913043478261 0.7275 0.6251207729468599 0.7265 0.6376811594202898 0.72 0.6434782608695652 0.7135 0.6434782608695652 0.6885 0.6415458937198067 0.686
0 0.5632850241545894 0.6605 0.5468599033816425 0.6635 0.5381642512077295 0.6675 0.5333333333333333 0.6735 0.5314009661835749 0.683 0.5381642512077295 0.6935 0.5458937198067633 0.6975 0.5584541062801932 0.7005 0.5700483091787439 0.7005 0.5826086956521739 0.698 0.5922705314009662 0.694 0.5990338164251208 0.687 0.5990338164251208 0.68 0.5884057971014492 0.6675 0.5719806763285025 0.6615
0 0.527536231884058 0.6845 0.5043478260869565 0.6765 0.4792270531400966 0.6765 0.47246376811594204 0.6775 0.4599033816425121 0.6815 0.4570048309178744 0.686 0.4579710144927536 0.6995 0.463768115942029 0.704 0.4714975845410628 0.707 0.4821256038647343 0.707 0.5140096618357488 0.6995 0.5217391304347826 0.6955 0.5285024154589372 0.69
0 0.38357487922705313 0.6625 0.38164251207729466 0.666 0.391304347826087 0.678 0.42028985507246375 0.6855 0.4434782608695652 0.685 0.45217391304347826 0.6825 0.4599033816425121 0.6775 0.4647342995169082 0.67 0.4647342995169082 0.665 0.4579710144927536 0.6575 0.45120772946859905 0.655 0.421256038647343 0.653 0.4028985507246377 0.654 0.39516908212560387 0.659
0 0.3893719806763285 0.6775 0.38067632850241545 0.6805 0.3681159420289855 0.6915 0.36618357487922704 0.7025 0.3690821256038647 0.709 0.37874396135265703 0.716 0.39710144927536234 0.7175 0.41739130434782606 0.7145 0.4251207729468599 0.7095 0.4318840579710145 0.7 0.4260869565217391 0.688
0 0.36231884057971014 0.691 0.3507246376811594 0.69 0.32367149758454106 0.6945 0.30531400966183575 0.6955 0.2898550724637681 0.7085 0.29082125603864734 0.718 0.30531400966183575 0.7265 0.3178743961352657 0.73 0.3294685990338164 0.7295 0.34202898550724636 0.725 0.34396135265700484 0.7205 0.34879227053140094 0.7175 0.3565217391304348 0.716 0.3642512077294686 0.709 0.3652173913043478 0.693
0 0.2821256038647343 0.6885 0.2743961352657005 0.6875 0.25024154589371983 0.6875 0.23671497584541062 0.691 0.23381642512077294 0.6955 0.23381642512077294 0.7095 0.23768115942028986 0.715 0.24541062801932367 0.7195 0.2531400966183575 0.721 0.2599033816425121 0.7205 0.2772946859903382 0.715 0.28695652173913044 0.7105 0.293719806763285 0.7025 0.293719806763285 0.6995 0.28792270531400965 0.6905
0 0.1681159420289855 0.701 0.16908212560386474 0.7055 0.18164251207729468 0.7175 0.2 0.7225 0.20869565217391303 0.7225 0.2289855072463768 0.7195 0.23478260869565218 0.717 0.23381642512077294 0.693 0.2251207729468599 0.6885 0.21932367149758455 0.6875 0.2 0.6875 0.1758454106280193 0.6965
0 0.13429951690821257 0.701 0.1323671497584541 0.705 0.13816425120772946 0.706 0.14299516908212562 0.7085 0.14589371980676327 0.7125 0.14396135265700483 0.729 0.13719806763285025 0.737 0.14589371980676327 0.7385 0.15555555555555556 0.7385 0.17004830917874397 0.7335 0.1758454106280193 0.73 0.18067632850241547 0.725 0.18067632850241547 0.717 0.16618357487922705 0.704 0.157487922705314 0.702
0 0.20869565217391303 0.723 0.19420289855072465 0.7275 0.18937198067632852 0.732 0.19033816425120773 0.7355 0.20193236714975846 0.747 0.2144927536231884 0.753 0.22318840579710145 0.7555 0.23285024154589373 0.756 0.2492753623188406 0.7525 0.26280193236714977 0.745 0.2618357487922705 0.732 0.2589371980676328 0.727 0.23285024154589373 0.7215 0.221256038647343 0.7215
0 0.18454106280193236 0.733 0.17777777777777778 0.7325 0.1681159420289855 0.734 0.15072463768115943 0.741 0.1468599033816425 0.746 0.14396135265700483 0.756 0.15169082125603864 0.764 0.16231884057971013 0.77 0.17681159420289855 0.769 0.18743961352657004 0.764 0.19710144927536233 0.7435 0.19227053140096617 0.737
0 0.28405797101449276 0.721 0.27342995169082124 0.7245 0.26280193236714977 0.7305 0.263768115942029 0.7445 0.26859903381642514 0.751 0.27342995169082124 0.754 0.28019323671497587 0.755 0.2966183574879227 0.7545 0.3140096618357488 0.749 0.3188405797101449 0.744 0.3207729468599034 0.735 0.2927536231884058 0.721
0 0.34782608695652173 0.7185 0.34492753623188405 0.7205 0.34396135265700484 0.7245 0.3323671497584541 0.7305 0.3314009661835749 0.742 0.3342995169082126 0.747 0.34106280193236715 0.751 0.3516908212560386 0.754 0.3652173913043478 0.7555 0.37584541062801935 0.7555 0.3864734299516908 0.754 0.3922705314009662 0.7515 0.39516908212560387 0.7475 0.3748792270531401 0.7185 0.36618357487922704 0.717
0 0.39710144927536234 0.718 0.3903381642512077 0.7205 0.3864734299516908 0.7245 0.3864734299516908 0.7325 0.3922705314009662 0.744 0.3961352657004831 0.748 0.4038647342995169 0.751 0.4222222222222222 0.7505 0.4289855072463768 0.7475 0.43285024154589374 0.744 0.43768115942028984 0.7365 0.43671497584541064 0.732 0.4280193236714976 0.727 0.41739130434782606 0.718 0.41256038647342996 0.717
0 0.45120772946859905 0.7 0.4444444444444444 0.7005 0.43381642512077295 0.704 0.4222222222222222 0.7115 0.42028985507246375 0.716 0.4241545893719807 0.7235 0.4405797101449275 0.7335 0.442512077294686 0.7365 0.4492753623188406 0.7385 0.45314009661835747 0.738 0.4608695652173913 0.7325 0.4666666666666667 0.7325 0.46570048309178746 0.724 0.4714975845410628 0.713 0.47053140096618357 0.7075 0.45893719806763283 0.701
0 0.5120772946859904 0.702 0.5024154589371981 0.7025 0.4811594202898551 0.707 0.47342995169082125 0.711 0.46570048309178746 0.7225 0.46570048309178746 0.729 0.4676328502415459 0.7315 0.47632850241545893 0.736 0.49082125603864735 0.7385 0.506280193236715 0.7385 0.5159420289855072 0.737 0.5362318840579711 0.7295 0.5362318840579711 0.724 0.5323671497584541 0.721 0.5246376811594203 0.709
0 0.7980676328502415 0.72 0.7855072463768116 0.716 0.7777777777777778 0.717 0.7729468599033816 0.7225 0.7545893719806763 0.733 0.7323671497584541 0.7355 0.7275362318840579 0.74 0.7285024154589372 0.744 0.7381642512077294 0.746 0.7729468599033816 0.7495 0.7903381642512077 0.7485 0.8 0.7465 0.8057971014492754 0.743 0.8077294685990338 0.736
0 0.851207729468599 0.7075 0.8299516908212561 0.708 0.8202898550724638 0.71 0.8057971014492754 0.7165 0.8028985507246377 0.7205 0.8028985507246377 0.726 0.8067632850241546 0.733 0.81256038647343 0.737 0.8289855072463768 0.7425 0.8396135265700483 0.743 0.8492753623188406 0.7405 0.8666666666666667 0.721 0.8657004830917875 0.714 0.8560386473429952 0.7085
0 0.7903381642512077 0.679 0.7816425120772947 0.6845 0.7797101449275362 0.694 0.782608695652174 0.698 0.7913043478260869 0.7025 0.8038647342995169 0.7065 0.8202898550724638 0.709 0.8405797101449275 0.7075 0.8454106280193237 0.706 0.8502415458937198 0.6975 0.851207729468599 0.689 0.8483091787439614 0.685 0.8396135265700483 0.6795 0.8318840579710145 0.6765 0.8193236714975846 0.674 0.808695652173913 0.6745
0 0.8067632850241546 0.6495 0.8 0.648 0.7874396135265701 0.648 0.7777777777777778 0.65 0.7719806763285024 0.653 0.7623188405797101 0.6655 0.7623188405797101 0.6705 0.7690821256038647 0.6765 0.7739130434782608 0.6775 0.7932367149758454 0.6775 0.8154589371980676 0.6735 0.8202898550724638 0.6715 0.8193236714975846 0.666 0.81256038647343 0.658 0.8135265700483092 0.6535
0 0.8289855072463768 0.6395 0.821256038647343 0.644 0.8144927536231884 0.654 0.8183574879227054 0.666 0.8231884057971014 0.6705 0.8318840579710145 0.674 0.8415458937198068 0.676 0.855072463768116 0.676 0.863768115942029 0.6735 0.8753623188405797 0.6665 0.8753623188405797 0.6635 0.8792270531400966 0.6585 0.8772946859903382 0.6525 0.8685990338164251 0.6445 0.8531400966183574 0.6415
0 0.8415458937198068 0.6075 0.8347826086956521 0.609 0.8260869565217391 0.6145 0.8193236714975846 0.6235 0.8193236714975846 0.6305 0.8241545893719807 0.635 0.8357487922705314 0.64 0.842512077294686 0.6415 0.8531400966183574 0.6415 0.8647342995169082 0.639 0.8782608695652174 0.632 0.8830917874396135 0.6215 0.8830917874396135 0.6155 0.8666666666666667 0.6085 0.8599033816425121 0.6075
0 0.8830917874396135 0.5745 0.8772946859903382 0.5775 0.8714975845410629 0.585 0.8705314009661835 0.592 0.8743961352657005 0.599 0.8888888888888888 0.6065 0.9043478260869565 0.6085 0.9227053140096618 0.609 0.9285024154589372 0.6065 0.936231884057971 0.599 0.936231884057971 0.5955 0.9304347826086956 0.5855 0.9169082125603865 0.578 0.9082125603864735 0.575 0.8956521739130435 0.5735
0 0.9816425120772947 0.5335 0.9797101449275363 0.5335 0.9777777777777777 0.537 0.9719806763285024 0.5395 0.9652173913043478 0.5395 0.9594202898550724 0.5415 0.9420289855072463 0.5405 0.9198067632850242 0.542 0.9082125603864735 0.5445 0.9014492753623189 0.5475 0.8975845410628019 0.552 0.8975845410628019 0.5585 0.9033816425120773 0.5705 0.9101449275362319 0.5755 0.927536231884058 0.5815 0.9391304347826087 0.582 0.9516908212560387 0.5785 0.9729468599033816 0.569 0.9748792270531401 0.5655 0.9845410628019323 0.559 0.9864734299516909 0.552 0.9903381642512077 0.549 0.9874396135265701 0.545 0.9874396135265701 0.541
0 0.8734299516908213 0.533 0.8647342995169082 0.5305 0.851207729468599 0.53 0.8357487922705314 0.5325 0.8241545893719807 0.536 0.8115942028985508 0.542 0.8028985507246377 0.552 0.8048309178743961 0.558 0.8154589371980676 0.5615 0.8318840579710145 0.563 0.8367149758454107 0.5645 0.8589371980676328 0.5645 0.8753623188405797 0.561 0.881159420289855 0.5565 0.8821256038647343 0.55
0 0.9400966183574879 0.5835 0.9323671497584541 0.587 0.9352657004830918 0.5995 0.9246376811594202 0.607 0.9246376811594202 0.6115 0.9304347826086956 0.6125 0.9652173913043478 0.612 0.9690821256038648 0.61 0.9739130434782609 0.604 0.9652173913043478 0.587 0.9565217391304348 0.5835
0 0.9951690821256038 0.5825 0.9874396135265701 0.5845 0.9806763285024155 0.5905 0.9777777777777777 0.598 0.9777777777777777 0.6075 0.9806763285024155 0.616 0.996135265700483 0.625 1.0 0.625 1.0 0.5825
0 0.966183574879227 0.615 0.957487922705314 0.615 0.9526570048309179 0.619 0.936231884057971 0.6265 0.9285024154589372 0.6425 0.9294685990338164 0.6495 0.9391304347826087 0.6585 0.9584541062801932 0.6625 0.9710144927536232 0.662 0.9758454106280193 0.66 0.9826086956521739 0.6545 0.9864734299516909 0.6445 0.9864734299516909 0.627 0.9748792270531401 0.621 0.9710144927536232 0.6165
0 0.9188405797101449 0.626 0.9101449275362319 0.6255 0.8917874396135266 0.6295 0.8801932367149758 0.6355 0.8734299516908213 0.642 0.8734299516908213 0.647 0.8830917874396135 0.6555 0.8908212560386474 0.6585 0.9014492753623189 0.659 0.9188405797101449 0.6565 0.9256038647342996 0.651 0.9285024154589372 0.6435 0.9285024154589372 0.6335 0.923671497584541 0.628
0 0.9062801932367149 0.6635 0.9033816425120773 0.665 0.9033816425120773 0.6715 0.9091787439613527 0.6805 0.9198067632850242 0.688 0.9333333333333333 0.6945 0.9420289855072463 0.6955 0.9526570048309179 0.6955 0.9565217391304348 0.6945 0.9671497584541063 0.6885 0.9758454106280193 0.678 0.9758454106280193 0.6725 0.9710144927536232 0.668 0.961352657004831 0.6635 0.9342995169082126 0.659 0.9246376811594202 0.659 0.9140096618357488 0.6625
0 0.9932367149758454 0.6515 0.9884057971014493 0.6535 0.978743961352657 0.6645 0.9777777777777777 0.671 0.9797101449275363 0.6745 0.9903381642512077 0.6805 1.0 0.6815 1.0 0.6515
0 0.996135265700483 0.6815 0.9845410628019323 0.6865 0.9719806763285024 0.6965 0.9719806763285024 0.7 0.9845410628019323 0.7115 0.9951690821256038 0.716 1.0 0.716 1.0 0.6815
0 0.9942028985507246 0.7175 0.9826086956521739 0.72 0.9690821256038648 0.732 0.9690821256038648 0.7365 0.9729468599033816 0.741 0.9806763285024155 0.745 0.996135265700483 0.749 1.0 0.749 1.0 0.7175
0 0.9333333333333333 0.696 0.9082125603864735 0.708 0.9062801932367149 0.7105 0.9072463768115943 0.7185 0.9188405797101449 0.7285 0.9304347826086956 0.7335 0.9400966183574879 0.7355 0.9632850241545894 0.7345 0.9777777777777777 0.7255 0.9826086956521739 0.718 0.9826086956521739 0.713 0.9681159420289855 0.6995 0.9487922705314009 0.696
0 0.9053140096618357 0.679 0.893719806763285 0.6775 0.8676328502415459 0.679 0.8608695652173913 0.681 0.8531400966183574 0.6865 0.851207729468599 0.694 0.855072463768116 0.7035 0.8589371980676328 0.7075 0.8734299516908213 0.7145 0.8830917874396135 0.7135 0.9053140096618357 0.7085 0.9188405797101449 0.7015 0.9207729468599034 0.6975 0.9198067632850242 0.6885 0.9101449275362319 0.681
0 0.8724637681159421 0.7195 0.8618357487922705 0.7285 0.8599033816425121 0.734 0.863768115942029 0.7405 0.8734299516908213 0.7455 0.9004830917874396 0.7495 0.9140096618357488 0.7495 0.9314009661835749 0.7445 0.9333333333333333 0.7395 0.9294685990338164 0.7335 0.9169082125603865 0.728 0.9053140096618357 0.719 0.8908212560386474 0.717 0.881159420289855 0.717
0 0.996135265700483 0.522 0.9874396135265701 0.5265 0.9874396135265701 0.5355 0.991304347826087 0.541 0.996135265700483 0.5435 1.0 0.5435 1.0 0.522
0 0.9855072463768116 0.4935 0.9632850241545894 0.4935 0.9555555555555556 0.4965 0.9516908212560387 0.5 0.9487922705314009 0.5075 0.9497584541062802 0.5195 0.9594202898550724 0.528 0.9835748792270531 0.5265 0.9971014492753624 0.5215 1.0 0.5215 1.0 0.498 0.9971014492753624 0.498
0 0.9951690821256038 0.4645 0.9710144927536232 0.474 0.9671497584541063 0.48 0.970048309178744 0.4845 0.9855072463768116 0.4925 0.996135265700483 0.496 1.0 0.496 1.0 0.4645
0 0.8415458937198068 0.503 0.8405797101449275 0.507 0.842512077294686 0.5095 0.8608695652173913 0.517 0.8743961352657005 0.521 0.8840579710144928 0.5215 0.8908212560386474 0.52 0.9130434782608695 0.519 0.914975845410628 0.518 0.9140096618357488 0.5095 0.9101449275362319 0.5045 0.8985507246376812 0.499 0.8859903381642512 0.496 0.8714975845410629 0.494 0.8579710144927536 0.494 0.8473429951690822 0.498
0 0.8096618357487922 0.423 0.7990338164251207 0.4255 0.7835748792270532 0.4355 0.7816425120772947 0.439 0.782608695652174 0.4475 0.7961352657004831 0.456 0.8057971014492754 0.459 0.8309178743961353 0.4595 0.8376811594202899 0.457 0.8473429951690822 0.4485 0.8492753623188406 0.445 0.8483091787439614 0.4385 0.8376811594202899 0.43 0.8260869565217391 0.424 0.8193236714975846 0.4225
0 0.7623188405797101 0.393 0.7545893719806763 0.392 0.7304347826086957 0.393 0.7120772946859903 0.3985 0.7101449275362319 0.401 0.7111111111111111 0.408 0.7256038647342995 0.4195 0.7265700483091787 0.425 0.7391304347826086 0.4255 0.7439613526570048 0.4245 0.7690821256038647 0.4125 0.7719806763285024 0.4025 0.7681159420289855 0.396
0 0.7352657004830918 0.3625 0.7323671497584541 0.365 0.7352657004830918 0.3755 0.7439613526570048 0.3825 0.7594202898550725 0.3905 0.7719806763285024 0.395 0.7835748792270532 0.3965 0.7874396135265701 0.3955 0.7961352657004831 0.3905 0.8057971014492754 0.381 0.8057971014492754 0.3755 0.8 0.366 0.7845410628019324 0.3615 0.7719806763285024 0.36 0.7603864734299517 0.36
0 0.7169082125603865 0.329 0.7140096618357488 0.3305 0.7130434782608696 0.3335 0.714975845410628 0.3395 0.7053140096618358 0.347 0.702415458937198 0.353 0.706280193236715 0.3575 0.7304347826086957 0.362 0.7468599033816425 0.3615 0.7603864734299517 0.359 0.7661835748792271 0.355 0.7690821256038647 0.35 0.7681159420289855 0.3415 0.7642512077294686 0.3335 0.7468599033816425 0.329 0.7275362318840579 0.328
0 0.8038647342995169 0.32 0.7961352657004831 0.32 0.7758454106280194 0.3235 0.7671497584541063 0.3325 0.7690821256038647 0.3425 0.7758454106280194 0.35 0.7845410628019324 0.3545 0.7922705314009661 0.355 0.8067632850241546 0.3525 0.8289855072463768 0.3425 0.8309178743961353 0.34 0.8328502415458937 0.3295 0.8299516908212561 0.3265
0 0.8908212560386474 0.3295 0.8792270531400966 0.326 0.8531400966183574 0.322 0.8415458937198068 0.324 0.8347826086956521 0.3285 0.8328502415458937 0.334 0.8328502415458937 0.341 0.8386473429951691 0.3495 0.8444444444444444 0.352 0.8560386473429952 0.3525 0.8782608695652174 0.346 0.885024154589372 0.342 0.8917874396135266 0.335
0 0.8975845410628019 0.3315 0.8840579710144928 0.3445 0.8840579710144928 0.347 0.8879227053140096 0.3505 0.8946859903381642 0.354 0.9130434782608695 0.357 0.9342995169082126 0.3575 0.9420289855072463 0.3565 0.9468599033816425 0.3535 0.9478260869565217 0.3485 0.936231884057971 0.3335 0.9217391304347826 0.3285 0.9111111111111111 0.3285
0 0.9439613526570049 0.317 0.9391304347826087 0.327 0.9391304347826087 0.3365 0.9507246376811594 0.348 0.9584541062801932 0.35 0.9729468599033816 0.3505 1.0 0.343 1.0 0.3265 0.9951690821256038 0.3255 0.9903381642512077 0.3205 0.9845410628019323 0.3175 0.966183574879227 0.315 0.9487922705314009 0.315
0 1.0 0.3545 0.9835748792270531 0.3535 0.9681159420289855 0.3545 0.9565217391304348 0.358 0.9497584541062802 0.364 0.9497584541062802 0.3775 0.9526570048309179 0.3835 0.9681159420289855 0.391 0.9806763285024155 0.3935 1.0 0.3915
0 0.9642512077294686 0.4225 0.9584541062801932 0.4215 0.9352657004830918 0.422 0.927536231884058 0.424 0.9207729468599034 0.429 0.9178743961352657 0.436 0.9217391304347826 0.444 0.9285024154589372 0.4515 0.936231884057971 0.4545 0.9439613526570049 0.455 0.9652173913043478 0.449 0.9710144927536232 0.445 0.9739130434782609 0.4275
0 0.9507246376811594 0.383 0.927536231884058 0.383 0.9198067632850242 0.385 0.9130434782608695 0.389 0.9082125603864735 0.403 0.9101449275362319 0.41 0.9140096618357488 0.4135 0.9256038647342996 0.4185 0.9371980676328503 0.4185 0.9516908212560387 0.4155 0.9710144927536232 0.4055 0.9739130434782609 0.399 0.9729468599033816 0.3935
0 0.8840579710144928 0.3755 0.8628019323671497 0.3765 0.8463768115942029 0.3805 0.8434782608695652 0.383 0.8405797101449275 0.393 0.8454106280193237 0.4015 0.855072463768116 0.409 0.8666666666666667 0.4115 0.8763285024154589 0.412 0.8917874396135266 0.4095 0.9043478260869565 0.4045 0.9101449275362319 0.4 0.9082125603864735 0.387 0.893719806763285 0.3785
0 0.8985507246376812 0.4105 0.8879227053140096 0.4105 0.8695652173913043 0.4135 0.8618357487922705 0.418 0.8589371980676328 0.422 0.8579710144927536 0.43 0.8618357487922705 0.44 0.8647342995169082 0.443 0.8821256038647343 0.4505 0.8927536231884058 0.45 0.9053140096618357 0.4435 0.914975845410628 0.435 0.9217391304347826 0.424 0.9198067632850242 0.42 0.9082125603864735 0.412
0 0.8309178743961353 0.3915 0.8202898550724638 0.389 0.8028985507246377 0.39 0.7739130434782608 0.4055 0.770048309178744 0.4115 0.7710144927536232 0.415 0.782608695652174 0.4225 0.8 0.4245 0.8154589371980676 0.422 0.8222222222222222 0.422 0.8299516908212561 0.4195 0.8357487922705314 0.3975 0.8347826086956521 0.394
0 0.8202898550724638 0.3485 0.808695652173913 0.353 0.8028985507246377 0.3635 0.8028985507246377 0.37 0.8096618357487922 0.379 0.8289855072463768 0.3825 0.8396135265700483 0.3825 0.8628019323671497 0.3745 0.8657004830917875 0.3705 0.8657004830917875 0.364 0.8541062801932368 0.354 0.8338164251207729 0.3485
0 0.8898550724637682 0.355 0.885024154589372 0.357 0.8801932367149758 0.365 0.8830917874396135 0.371 0.8888888888888888 0.3765 0.9072463768115943 0.384 0.914975845410628 0.3845 0.927536231884058 0.3815 0.9371980676328503 0.3765 0.9449275362318841 0.369 0.9478260869565217 0.3625 0.9458937198067633 0.3585 0.9410628019323671 0.357 0.9207729468599034 0.3575 0.8995169082125604 0.3545
0 0.6956521739130435 0.3105 0.6927536231884058 0.314 0.693719806763285 0.3165 0.7091787439613526 0.325 0.7314009661835749 0.3285 0.7458937198067633 0.3285 0.7555555555555555 0.325 0.7603864734299517 0.32 0.7632850241545893 0.3115 0.7623188405797101 0.307 0.7584541062801933 0.3025 0.7478260869565218 0.299 0.7227053140096619 0.3005 0.7072463768115942 0.305
0 0.7806763285024154 0.2845 0.770048309178744 0.287 0.7632850241545893 0.291 0.7603864734299517 0.303 0.7690821256038647 0.314 0.77487922705314 0.317 0.7816425120772947 0.318 0.7855072463768116 0.32 0.7932367149758454 0.3205 0.8048309178743961 0.3185 0.8173913043478261 0.311 0.8164251207729468 0.2945 0.8115942028985508 0.2895 0.8028985507246377 0.286 0.7913043478260869 0.284
0 0.7681159420289855 0.25 0.7516908212560387 0.2545 0.7439613526570048 0.259 0.7381642512077294 0.2665 0.7391304347826086 0.272 0.744927536231884 0.278 0.7516908212560387 0.2805 0.7661835748792271 0.282 0.7864734299516908 0.2815 0.7932367149758454 0.2795 0.8 0.2725 0.8019323671497585 0.2685 0.8009661835748793 0.2605 0.7971014492753623 0.257 0.7864734299516908 0.253
0 0.7371980676328502 0.224 0.7275362318840579 0.226 0.7227053140096619 0.2285 0.7207729468599033 0.231 0.7217391304347827 0.24 0.7265700483091787 0.2465 0.736231884057971 0.252 0.7458937198067633 0.254 0.7536231884057971 0.254 0.7652173913043478 0.2505 0.77487922705314 0.2445 0.778743961352657 0.24 0.778743961352657 0.2315 0.7478260869565218 0.2235
0 0.8057971014492754 0.1975 0.8009661835748793 0.1965 0.7884057971014493 0.197 0.7632850241545893 0.203 0.7574879227053141 0.206 0.7516908212560387 0.212 0.7497584541062802 0.219 0.7507246376811594 0.2245 0.7536231884057971 0.226 0.7671497584541063 0.2285 0.778743961352657 0.229 0.7932367149758454 0.2275 0.8096618357487922 0.2225 0.8164251207729468 0.219 0.8202898550724638 0.2125
0 0.7884057971014493 0.1675 0.7797101449275362 0.1655 0.7681159420289855 0.1655 0.7555555555555555 0.17 0.7507246376811594 0.177 0.7371980676328502 0.186 0.7342995169082126 0.1935 0.7285024154589372 0.198 0.7285024154589372 0.2015 0.7304347826086957 0.2025 0.7391304347826086 0.2035 0.7536231884057971 0.201 0.7681159420289855 0.2005 0.7806763285024154 0.1975 0.7922705314009661 0.192 0.8 0.1865 0.8038647342995169 0.1815 0.8019323671497585 0.177
0 0.6927536231884058 0.152 0.6869565217391305 0.162 0.6869565217391305 0.174 0.6927536231884058 0.181 0.7082125603864734 0.1895 0.7169082125603865 0.189 0.7314009661835749 0.184 0.736231884057971 0.1835 0.7429951690821256 0.18 0.7507246376811594 0.1715 0.7507246376811594 0.1655 0.7391304347826086 0.158 0.7188405797101449 0.1535
0 0.7971014492753623 0.149 0.7903381642512077 0.153 0.7884057971014493 0.1665 0.8019323671497585 0.176 0.8067632850241546 0.177 0.8376811594202899 0.177 0.855072463768116 0.171 0.8608695652173913 0.1665 0.863768115942029 0.1625 0.8628019323671497 0.1585 0.8492753623188406 0.1495 0.8376811594202899 0.1465 0.8260869565217391 0.1455 0.8115942028985508 0.1455
0 0.8685990338164251 0.162 0.8608695652173913 0.167 0.8541062801932368 0.181 0.8599033816425121 0.186 0.8676328502415459 0.1885 0.8859903381642512 0.189 0.8995169082125604 0.188 0.9082125603864735 0.1855 0.9130434782608695 0.1825 0.9169082125603865 0.1755 0.914975845410628 0.172 0.9033816425120773 0.163 0.8927536231884058 0.1595 0.881159420289855 0.1595
0 0.9053140096618357 0.187 0.8966183574879227 0.192 0.8946859903381642 0.1965 0.8975845410628019 0.201 0.9014492753623189 0.203 0.9120772946859903 0.206 0.9342995169082126 0.216 0.9507246376811594 0.217 0.961352657004831 0.2135 0.9690821256038648 0.2055 0.970048309178744 0.1895 0.966183574879227 0.1865 0.9584541062801932 0.184 0.9497584541062802 0.1835 0.9323671497584541 0.1855 0.9120772946859903 0.1855
0 0.9951690821256038 0.1665 0.9884057971014493 0.168 0.9681159420289855 0.177 0.9681159420289855 0.18 0.9729468599033816 0.189 0.9942028985507246 0.1985 1.0 0.199 1.0 0.1665
0 0.9951690821256038 0.2 0.9719806763285024 0.2055 0.9623188405797102 0.2125 0.9623188405797102 0.2165 0.9652173913043478 0.2215 0.9826086956521739 0.2345 0.9874396135265701 0.237 0.9951690821256038 0.239 1.0 0.239 1.0 0.2
0 0.957487922705314 0.2335 0.9536231884057971 0.2355 0.9449275362318841 0.246 0.9449275362318841 0.2515 0.9516908212560387 0.2585 0.9632850241545894 0.2615 0.9748792270531401 0.2615 1.0 0.259 1.0 0.24 0.9874396135265701 0.237 0.9797101449275363 0.233 0.9748792270531401 0.232 0.9652173913043478 0.232
0 0.9439613526570049 0.226 0.9352657004830918 0.2255 0.9169082125603865 0.228 0.8975845410628019 0.2345 0.8927536231884058 0.239 0.8917874396135266 0.245 0.893719806763285 0.2475 0.9004830917874396 0.2505 0.9188405797101449 0.2555 0.9285024154589372 0.256 0.9381642512077295 0.2525 0.9410628019323671 0.2445 0.9507246376811594 0.2335 0.9497584541062802 0.2285
0 0.8714975845410629 0.1995 0.8628019323671497 0.202 0.8473429951690822 0.21 0.8454106280193237 0.2215 0.8483091787439614 0.2245 0.8589371980676328 0.2305 0.863768115942029 0.2315 0.8917874396135266 0.2325 0.9033816425120773 0.2305 0.9130434782608695 0.2265 0.9178743961352657 0.221 0.9140096618357488 0.2085 0.8888888888888888 0.199 0.8801932367149758 0.1985
0 0.8299516908212561 0.177 0.8115942028985508 0.1785 0.8057971014492754 0.191 0.8067632850241546 0.197 0.8164251207729468 0.207 0.8222222222222222 0.21 0.8270531400966183 0.2105 0.8405797101449275 0.2095 0.851207729468599 0.207 0.8628019323671497 0.2015 0.8647342995169082 0.198 0.8647342995169082 0.191 0.8599033816425121 0.186 0.8463768115942029 0.18
0 0.8135265700483092 0.2225 0.7971014492753623 0.227 0.7874396135265701 0.231 0.782608695652174 0.235 0.7806763285024154 0.241 0.782608695652174 0.2435 0.7980676328502415 0.2515 0.8048309178743961 0.253 0.8241545893719807 0.253 0.8396135265700483 0.245 0.8444444444444444 0.2355 0.8367149758454107 0.2275 0.8231884057971014 0.223
0 0.8782608695652174 0.2325 0.8628019323671497 0.2325 0.8521739130434782 0.234 0.8473429951690822 0.2355 0.8434782608695652 0.2405 0.8463768115942029 0.2565 0.8599033816425121 0.2655 0.8685990338164251 0.266 0.8859903381642512 0.26 0.8917874396135266 0.2525 0.8917874396135266 0.236
0 0.8289855072463768 0.254 0.8173913043478261 0.257 0.8067632850241546 0.263 0.8009661835748793 0.276 0.8057971014492754 0.2815 0.8115942028985508 0.284 0.8338164251207729 0.2895 0.8483091787439614 0.2895 0.8541062801932368 0.286 0.8589371980676328 0.28 0.8599033816425121 0.267 0.8521739130434782 0.26 0.8405797101449275 0.255
0 0.885024154589372 0.2605 0.8695652173913043 0.265 0.8608695652173913 0.2705 0.8579710144927536 0.283 0.8599033816425121 0.2875 0.8695652173913043 0.2935 0.8821256038647343 0.297 0.8975845410628019 0.298 0.9111111111111111 0.2965 0.914975845410628 0.295 0.9227053140096618 0.285 0.9227053140096618 0.2775 0.9188405797101449 0.2705 0.9062801932367149 0.2625 0.8927536231884058 0.26
0 0.9323671497584541 0.2565 0.927536231884058 0.2575 0.9198067632850242 0.262 0.9169082125603865 0.268 0.9265700483091788 0.2805 0.9333333333333333 0.283 0.9449275362318841 0.283 0.9526570048309179 0.281 0.9632850241545894 0.276 0.9681159420289855 0.2705 0.9681159420289855 0.2665 0.9497584541062802 0.257
0 0.9652173913043478 0.2765 0.9584541062801932 0.278 0.9410628019323671 0.285 0.936231884057971 0.2905 0.9352657004830918 0.296 0.9391304347826087 0.3015 0.9555555555555556 0.307 0.9748792270531401 0.309 0.9864734299516909 0.3065 0.9971014492753624 0.3005 1.0 0.3005 1.0 0.2955 0.996135265700483 0.295 0.9951690821256038 0.291 0.9816425120772947 0.2795
0 0.9942028985507246 0.261 0.9797101449275363 0.263 0.9739130434782609 0.268 0.9855072463768116 0.283 0.9942028985507246 0.29 1.0 0.2905 1.0 0.261
0 0.9265700483091788 0.298 0.9169082125603865 0.2965 0.8927536231884058 0.298 0.8801932367149758 0.3025 0.8763285024154589 0.3065 0.8743961352657005 0.3145 0.8792270531400966 0.324 0.8859903381642512 0.328 0.8975845410628019 0.3305 0.9082125603864735 0.329 0.9198067632850242 0.325 0.9342995169082126 0.317 0.9400966183574879 0.311 0.9420289855072463 0.306
0 0.8463768115942029 0.2905 0.8357487922705314 0.2905 0.8280193236714976 0.2925 0.821256038647343 0.296 0.8183574879227054 0.3 0.8193236714975846 0.308 0.8260869565217391 0.315 0.8280193236714976 0.3205 0.8318840579710145 0.3235 0.8367149758454107 0.3245 0.8521739130434782 0.321 0.8695652173913043 0.313 0.8743961352657005 0.307 0.8743961352657005 0.3025 0.8695652173913043 0.297 0.8628019323671497 0.2935
0 0.45507246376811594 0.0055 0.45507246376811594 0.01 0.45893719806763283 0.014 0.47729468599033814 0.022 0.49178743961352656 0.0245 0.5053140096618357 0.0245 0.5140096618357488 0.022 0.5323671497584541 0.01 0.5178743961352656 0.0035 0.5024154589371981 0.002 0.5014492753623189 0.0 0.47342995169082125 0.0 0.47246376811594204 0.002
0 0.9951690821256038 0.3915 0.9826086956521739 0.3935 0.9777777777777777 0.3955 0.970048309178744 0.4075 0.970048309178744 0.412 0.9729468599033816 0.419 0.9806763285024155 0.4235 0.9893719806763285 0.4255 1.0 0.426 1.0 0.3915
0 0.996135265700483 0.427 0.9845410628019323 0.4305 0.9768115942028985 0.4345 0.9729468599033816 0.4385 0.9719806763285024 0.446 0.9806763285024155 0.453 0.9951690821256038 0.459 1.0 0.459 1.0 0.427
0 0.11014492753623188 0.005 0.09178743961352658 0.0055 0.09082125603864734 0.009 0.08695652173913043 0.011 0.06859903381642513 0.015 0.05893719806763285 0.0195 0.05603864734299517 0.0235 0.057004830917874394 0.0335 0.06956521739130435 0.04 0.08599033816425121 0.043 0.10241545893719807 0.043 0.11690821256038647 0.039 0.12367149758454106 0.0355 0.1294685990338164 0.0295 0.1294685990338164 0.0175 0.11980676328502415 0.0125
0 0.11304347826086956 0.0 0.11497584541062802 0.006 0.1246376811594203 0.0135 0.13816425120772946 0.0185 0.15265700483091788 0.0195 0.16231884057971013 0.0225 0.17198067632850242 0.0235 0.18067632850241547 0.022 0.18937198067632852 0.0155 0.19420289855072465 0.0
0 0.2357487922705314 0.0 0.21642512077294687 0.0 0.21642512077294687 0.0015 0.19130434782608696 0.0135 0.18067632850241547 0.028 0.18164251207729468 0.0335 0.19130434782608696 0.039 0.21545893719806763 0.0435 0.23091787439613526 0.043 0.24154589371980675 0.0395 0.25024154589371983 0.0345 0.2541062801932367 0.0305 0.25507246376811593 0.021 0.25217391304347825 0.0155 0.24347826086956523 0.009
0 0.13719806763285025 0.0185 0.1323671497584541 0.022 0.13140096618357489 0.029 0.12173913043478261 0.0375 0.12173913043478261 0.045 0.13140096618357489 0.052 0.14106280193236714 0.055 0.1642512077294686 0.055 0.17971014492753623 0.048 0.18357487922705315 0.0435 0.18357487922705315 0.0355 0.17294685990338166 0.0265 0.16135265700483092 0.023 0.15555555555555556 0.0195 0.15072463768115943 0.0185
0 0.23381642512077294 0.044 0.21545893719806763 0.0445 0.20096618357487922 0.047 0.1961352657004831 0.049 0.19130434782608696 0.056 0.19130434782608696 0.061 0.2 0.071 0.20676328502415459 0.075 0.22318840579710145 0.0785 0.2318840579710145 0.078 0.24154589371980675 0.0755 0.24830917874396136 0.0715 0.2531400966183575 0.064 0.2541062801932367 0.0565 0.25120772946859904 0.0495 0.24444444444444444 0.046
0 0.17971014492753623 0.0575 0.16135265700483092 0.058 0.14782608695652175 0.0675 0.14202898550724638 0.0755 0.14589371980676327 0.0875 0.16231884057971013 0.095 0.16908212560386474 0.093 0.16908212560386474 0.086 0.17391304347826086 0.0825 0.19227053140096617 0.0805 0.2 0.0765 0.2 0.0715 0.18454106280193236 0.059
0 0.08792270531400966 0.047 0.07536231884057971 0.0555 0.07149758454106281 0.06 0.07053140096618357 0.069 0.07536231884057971 0.073 0.08599033816425121 0.077 0.09951690821256039 0.079 0.11304347826086956 0.079 0.1391304347826087 0.075 0.14202898550724638 0.073 0.14202898550724638 0.067 0.13719806763285025 0.054 0.12270531400966184 0.047 0.11497584541062802 0.0455 0.10048309178743961 0.0445
0 0.057971014492753624 0.0845 0.057004830917874394 0.09 0.05893719806763285 0.0955 0.06376811594202898 0.1 0.06956521739130435 0.103 0.07632850241545894 0.1045 0.08888888888888889 0.104 0.1178743961352657 0.098 0.12560386473429952 0.0985 0.1323671497584541 0.0955 0.13623188405797101 0.0895 0.13429951690821257 0.0855 0.12560386473429952 0.0795 0.10241545893719807 0.0805 0.0821256038647343 0.0765 0.06666666666666667 0.0785
0 0.1748792270531401 0.0825 0.17101449275362318 0.0865 0.17004830917874397 0.092 0.17294685990338166 0.1005 0.18164251207729468 0.1105 0.19130434782608696 0.1155 0.2 0.1175 0.21835748792270532 0.1155 0.22415458937198068 0.1115 0.21932367149758455 0.103 0.22415458937198068 0.1005 0.23285024154589373 0.0995 0.23285024154589373 0.0955 0.22028985507246376 0.089 0.19806763285024154 0.082 0.178743961352657 0.0815
0 0.2579710144927536 0.072 0.25024154589371983 0.0755 0.2463768115942029 0.0805 0.24830917874396136 0.092 0.25507246376811593 0.098 0.2599033816425121 0.0995 0.28792270531400965 0.102 0.3004830917874396 0.1 0.30531400966183575 0.0965 0.30628019323671496 0.079 0.30144927536231886 0.073 0.2927536231884058 0.07 0.28502415458937197 0.069 0.27246376811594203 0.0695
0 0.34106280193236715 0.048 0.3352657004830918 0.046 0.3217391304347826 0.044 0.3101449275362319 0.044 0.2995169082125604 0.046 0.2898550724637681 0.05 0.28792270531400965 0.053 0.28792270531400965 0.06 0.29082125603864734 0.0645 0.2956521739130435 0.067 0.30434782608695654 0.069 0.31980676328502416 0.0685 0.3294685990338164 0.067 0.34396135265700484 0.06 0.34492753623188405 0.052
0 0.40096618357487923 0.0185 0.3922705314009662 0.017 0.37584541062801935 0.017 0.36135265700483093 0.0205 0.3516908212560386 0.0255 0.3468599033816425 0.0325 0.34782608695652173 0.0375 0.3516908212560386 0.0425 0.36328502415458935 0.048 0.3748792270531401 0.0505 0.38357487922705313 0.05 0.39710144927536234 0.047 0.40869565217391307 0.0395 0.4144927536231884 0.0305 0.4144927536231884 0.0255 0.4115942028985507 0.0225
0 0.30628019323671496 0.0 0.30628019323671496 0.002 0.3130434782608696 0.005 0.3285024154589372 0.0085 0.3507246376811594 0.008 0.36231884057971014 0.002 0.36231884057971014 0.0
0 0.4579710144927536 0.0525 0.4444444444444444 0.05 0.4357487922705314 0.0465 0.42995169082125606 0.046 0.40096618357487923 0.048 0.3826086956521739 0.0515 0.3739130434782609 0.0565 0.3710144927536232 0.0605 0.37874396135265703 0.0755 0.3855072463768116 0.0795 0.3922705314009662 0.081 0.41932367149758454 0.081 0.4318840579710145 0.076 0.4502415458937198 0.0725 0.45410628019323673 0.069
0 0.3352657004830918 0.064 0.3314009661835749 0.066 0.3217391304347826 0.077 0.32270531400966185 0.084 0.32753623188405795 0.0865 0.3352657004830918 0.088 0.3710144927536232 0.0875 0.3739130434782609 0.086 0.3748792270531401 0.079 0.3739130434782609 0.0685 0.3710144927536232 0.0645 0.3681159420289855 0.063 0.36038647342995167 0.062 0.34299516908212563 0.062
0 0.3884057971014493 0.0955 0.38164251207729466 0.091 0.3748792270531401 0.089 0.36231884057971014 0.0875 0.34202898550724636 0.0885 0.3285024154589372 0.094 0.32367149758454106 0.1 0.30917874396135264 0.1075 0.30821256038647343 0.1115 0.31980676328502416 0.1145 0.3352657004830918 0.1145 0.37681159420289856 0.11 0.3855072463768116 0.108 0.3884057971014493 0.106 0.3903381642512077 0.1
0 0.2222222222222222 0.101 0.21932367149758455 0.104 0.22705314009661837 0.1155 0.22705314009661837 0.1235 0.2357487922705314 0.129 0.24734299516908212 0.133 0.263768115942029 0.1365 0.28502415458937197 0.136 0.2995169082125604 0.129 0.30628019323671496 0.12 0.30628019323671496 0.113 0.30241545893719807 0.109 0.28019323671497587 0.102 0.26570048309178745 0.1 0.25217391304347825 0.1 0.24541062801932367 0.103 0.23864734299516907 0.103 0.2318840579710145 0.1005
0 0.14782608695652175 0.0955 0.13816425120772946 0.111 0.13816425120772946 0.1235 0.14879227053140096 0.1315 0.1565217391304348 0.1325 0.17391304347826086 0.132 0.18164251207729468 0.13 0.19033816425120773 0.125 0.18840579710144928 0.1155 0.18454106280193236 0.1135 0.17391304347826086 0.101 0.1681159420289855 0.097
0 0.13526570048309178 0.1025 0.12367149758454106 0.1 0.11497584541062802 0.1 0.09951690821256039 0.1015 0.07729468599033816 0.1055 0.06859903381642513 0.1105 0.06280193236714976 0.117 0.06280193236714976 0.1235 0.07053140096618357 0.131 0.0821256038647343 0.1365 0.09371980676328502 0.139 0.10434782608695652 0.1385 0.11980676328502415 0.134 0.13429951690821257 0.1215 0.13816425120772946 0.1085
0 0.11980676328502415 0.134 0.1111111111111111 0.1385 0.11497584541062802 0.15 0.1178743961352657 0.1525 0.13526570048309178 0.161 0.14202898550724638 0.1615 0.1536231884057971 0.16 0.17004830917874397 0.1485 0.17391304347826086 0.1425 0.17101449275362318 0.137 0.16618357487922705 0.1345 0.1536231884057971 0.1325 0.12657004830917876 0.1325
0 0.2 0.124 0.18067632850241547 0.1305 0.17777777777777778 0.138 0.17971014492753623 0.1435 0.18454106280193236 0.148 0.1961352657004831 0.1535 0.2251207729468599 0.161 0.23091787439613526 0.159 0.23381642512077294 0.151 0.24154589371980675 0.143 0.23671497584541062 0.131 0.22415458937198068 0.123
0 0.28502415458937197 0.136 0.2714975845410628 0.137 0.25217391304347825 0.1365 0.24830917874396136 0.1415 0.23671497584541062 0.148 0.23285024154589373 0.1525 0.23285024154589373 0.1595 0.24830917874396136 0.1695 0.26570048309178745 0.1725 0.27246376811594203 0.1725 0.28888888888888886 0.1675 0.2946859903381642 0.15 0.28888888888888886 0.143 0.28792270531400965 0.1375
0 0.42318840579710143 0.0205 0.41835748792270533 0.0245 0.41932367149758454 0.032 0.4289855072463768 0.042 0.4454106280193237 0.05 0.45603864734299515 0.0515 0.46859903381642515 0.05 0.47632850241545893 0.046 0.485024154589372 0.036 0.485024154589372 0.028 0.4821256038647343 0.025 0.4753623188405797 0.0225 0.45507246376811594 0.0185 0.43478260869565216 0.019
0 0.5478260869565217 0.0065 0.5381642512077295 0.008 0.5227053140096618 0.0155 0.5159420289855072 0.021 0.5159420289855072 0.0265 0.5227053140096618 0.0345 0.5352657004830917 0.04 0.5429951690821256 0.042 0.5584541062801932 0.042 0.5690821256038647 0.04 0.5816425120772947 0.0335 0.58743961352657 0.022 0.58743961352657 0.0175 0.5700483091787439 0.0095 0.5594202898550724 0.007
0 0.6164251207729469 0.01 0.6048309178743961 0.016 0.5903381642512078 0.0205 0.5855072463768116 0.0255 0.5835748792270531 0.0335 0.5893719806763285 0.0405 0.6028985507246377 0.047 0.6086956521739131 0.048 0.6347826086956522 0.0485 0.6434782608695652 0.0455 0.6473429951690821 0.0415 0.6434782608695652 0.0225 0.6405797101449275 0.0185 0.6328502415458938 0.0145 0.6280193236714976 0.0135 0.6231884057971014 0.0105
0 0.6347826086956522 0.0 0.6367149758454106 0.0065 0.6550724637681159 0.0215 0.6695652173913044 0.025 0.6763285024154589 0.0255 0.6859903381642513 0.0215 0.6927536231884058 0.012 0.6927536231884058 0.0
0 0.6995169082125604 0.0 0.6975845410628019 0.01 0.702415458937198 0.015 0.7111111111111111 0.018 0.7236714975845411 0.019 0.7429951690821256 0.0185 0.7555555555555555 0.0155 0.7652173913043478 0.01 0.7632850241545893 0.0
0 0.6908212560386473 0.0235 0.6869565217391305 0.034 0.6879227053140097 0.043 0.6927536231884058 0.049 0.7004830917874396 0.0525 0.7323671497584541 0.053 0.7458937198067633 0.052 0.7545893719806763 0.049 0.7565217391304347 0.046 0.7555555555555555 0.036 0.7507246376811594 0.029 0.7420289855072464 0.025 0.7246376811594203 0.019 0.7072463768115942 0.018 0.6956521739130435 0.021
0 0.8144927536231884 0.007 0.808695652173913 0.006 0.7942028985507247 0.0065 0.7835748792270532 0.0105 0.778743961352657 0.015 0.7729468599033816 0.0255 0.7729468599033816 0.0335 0.7777777777777778 0.0425 0.782608695652174 0.0445 0.8144927536231884 0.0415 0.8241545893719807 0.0385 0.8338164251207729 0.0335 0.8386473429951691 0.0245 0.8376811594202899 0.0165 0.8318840579710145 0.013
0 0.8956521739130435 0.0195 0.8879227053140096 0.018 0.8685990338164251 0.019 0.8492753623188406 0.026 0.8415458937198068 0.0325 0.8386473429951691 0.0385 0.8396135265700483 0.047 0.8454106280193237 0.054 0.851207729468599 0.0555 0.8714975845410629 0.0555 0.8840579710144928 0.054 0.8995169082125604 0.0495 0.9091787439613527 0.045 0.9159420289855073 0.0375 0.914975845410628 0.03
0 0.9140096618357488 0.009 0.9159420289855073 0.0135 0.927536231884058 0.02 0.9323671497584541 0.0255 0.9487922705314009 0.0325 0.9565217391304348 0.0335 0.9748792270531401 0.0325 0.9835748792270531 0.0275 0.991304347826087 0.016 0.991304347826087 0.013 0.9845410628019323 0.0075 0.9758454106280193 0.005 0.9632850241545894 0.0035 0.9400966183574879 0.004 0.9285024154589372 0.0065 0.9188405797101449 0.007
0 0.9739130434782609 0.033 0.9507246376811594 0.0345 0.9391304347826087 0.0385 0.927536231884058 0.0445 0.9217391304347826 0.051 0.9207729468599034 0.0575 0.9265700483091788 0.064 0.9352657004830918 0.068 0.9497584541062802 0.071 0.966183574879227 0.0705 0.9739130434782609 0.0685 0.9845410628019323 0.0615 0.9884057971014493 0.056 0.9884057971014493 0.048 0.9864734299516909 0.044
0 0.996135265700483 0.0135 0.9884057971014493 0.022 0.9874396135265701 0.026 0.9951690821256038 0.033 1.0 0.0335 1.0 0.0135
0 0.996135265700483 0.138 0.9903381642512077 0.1425 0.9884057971014493 0.1465 0.9884057971014493 0.1555 0.991304347826087 0.1595 0.996135265700483 0.162 1.0 0.162 1.0 0.138
0 0.9671497584541063 0.132 0.9642512077294686 0.1325 0.9623188405797102 0.137 0.9468599033816425 0.147 0.9227053140096618 0.1525 0.9140096618357488 0.157 0.9082125603864735 0.162 0.9072463768115943 0.1665 0.9178743961352657 0.175 0.9246376811594202 0.178 0.9420289855072463 0.1825 0.961352657004831 0.1805 0.966183574879227 0.1785 0.9719806763285024 0.1725 0.9729468599033816 0.1615 0.9681159420289855 0.1475 0.9719806763285024 0.1345
0 0.8454106280193237 0.1105 0.8357487922705314 0.1145 0.8260869565217391 0.1225 0.8251207729468599 0.13 0.8357487922705314 0.1445 0.8434782608695652 0.1485 0.8492753623188406 0.1495 0.8647342995169082 0.149 0.881159420289855 0.145 0.8908212560386474 0.1405 0.8927536231884058 0.138 0.8908212560386474 0.123 0.8879227053140096 0.12 0.8772946859903382 0.115 0.855072463768116 0.1105
0 0.8338164251207729 0.083 0.8280193236714976 0.0815 0.8183574879227054 0.081 0.8096618357487922 0.0825 0.8028985507246377 0.086 0.7951690821256039 0.096 0.7951690821256039 0.105 0.8 0.109 0.8038647342995169 0.11 0.8289855072463768 0.109 0.8473429951690822 0.103 0.851207729468599 0.1 0.851207729468599 0.091
0 0.7729468599033816 0.1145 0.7642512077294686 0.117 0.7594202898550725 0.122 0.7613526570048309 0.128 0.7603864734299517 0.1395 0.7681159420289855 0.147 0.77487922705314 0.1505 0.7884057971014493 0.1515 0.8106280193236715 0.145 0.8202898550724638 0.139 0.8241545893719807 0.134 0.8231884057971014 0.126 0.8183574879227054 0.1225 0.7990338164251207 0.117
0 0.6956521739130435 0.12 0.6869565217391305 0.125 0.6811594202898551 0.1355 0.6830917874396135 0.139 0.6917874396135266 0.1425 0.6975845410628019 0.15 0.7053140096618358 0.151 0.7323671497584541 0.1505 0.7410628019323672 0.149 0.7536231884057971 0.143 0.7594202898550725 0.133 0.7594202898550725 0.1275 0.7545893719806763 0.1225 0.7420289855072464 0.119 0.7275362318840579 0.117 0.7101449275362319 0.117
0 0.6280193236714976 0.0955 0.6260869565217392 0.1 0.6328502415458938 0.11 0.6550724637681159 0.1195 0.6676328502415458 0.121 0.6801932367149759 0.12 0.6888888888888889 0.117 0.6975845410628019 0.111 0.7014492753623188 0.105 0.7014492753623188 0.0955 0.6966183574879227 0.0925 0.6859903381642513 0.0895 0.6705314009661836 0.087 0.6550724637681159 0.0865 0.6434782608695652 0.089 0.6347826086956522 0.094
0 0.6 0.094 0.5758454106280193 0.1035 0.5710144927536231 0.113 0.5710144927536231 0.124 0.5739130434782609 0.128 0.5835748792270531 0.134 0.5932367149758454 0.136 0.6086956521739131 0.136 0.6193236714975845 0.134 0.6289855072463768 0.1295 0.6318840579710145 0.1235 0.6318840579710145 0.111 0.6251207729468599 0.1015 0.6106280193236715 0.0945
0 0.5400966183574879 0.0975 0.518840579710145 0.0975 0.5082125603864734 0.103 0.5053140096618357 0.106 0.5033816425120773 0.111 0.5043478260869565 0.12 0.5101449275362319 0.1255 0.518840579710145 0.1285 0.527536231884058 0.1285 0.5391304347826087 0.1265 0.5507246376811594 0.1225 0.557487922705314 0.118 0.5603864734299517 0.111 0.5594202898550724 0.104 0.5497584541062802 0.099
0 0.5739130434782609 0.063 0.5565217391304348 0.063 0.5439613526570048 0.067 0.5314009661835749 0.074 0.527536231884058 0.0795 0.5285024154589372 0.0865 0.5314009661835749 0.0895 0.5458937198067633 0.097 0.5545893719806764 0.0975 0.5719806763285025 0.096 0.5835748792270531 0.092 0.5893719806763285 0.0875 0.5922705314009662 0.0815 0.5922705314009662 0.0705
0 0.5777777777777777 0.0525 0.5768115942028985 0.061 0.5777777777777777 0.064 0.5816425120772947 0.0665 0.6251207729468599 0.076 0.633816425120773 0.076 0.6454106280193237 0.0715 0.6483091787439613 0.067 0.6492753623188405 0.0565 0.6396135265700483 0.0515 0.621256038647343 0.0485 0.6009661835748792 0.0485
0 0.518840579710145 0.036 0.5024154589371981 0.0365 0.49178743961352656 0.039 0.4821256038647343 0.0445 0.4821256038647343 0.048 0.47632850241545893 0.0555 0.4801932367149758 0.0595 0.49468599033816424 0.066 0.5130434782608696 0.0685 0.5265700483091788 0.0675 0.5333333333333333 0.0645 0.5400966183574879 0.05 0.5381642512077295 0.0415 0.5314009661835749 0.0385
0 0.48792270531400966 0.0695 0.4792270531400966 0.072 0.4753623188405797 0.076 0.4792270531400966 0.084 0.4888888888888889 0.0925 0.5033816425120773 0.098 0.5130434782608696 0.099 0.5198067632850242 0.0955 0.5265700483091788 0.088 0.5265700483091788 0.075 0.5246376811594203 0.0725 0.5178743961352656 0.0695 0.5053140096618357 0.068
0 0.43478260869565216 0.075 0.4251207729468599 0.078 0.421256038647343 0.0805 0.41932367149758454 0.084 0.41932367149758454 0.0935 0.421256038647343 0.096 0.44154589371980674 0.104 0.45893719806763283 0.105 0.4666666666666667 0.1035 0.4753623188405797 0.097 0.4792270531400966 0.0915 0.4792270531400966 0.0835 0.4753623188405797 0.0785 0.47053140096618357 0.076 0.45893719806763283 0.074 0.4492753623188406 0.0735
0 0.4357487922705314 0.1045 0.4251207729468599 0.108 0.42028985507246375 0.111 0.42028985507246375 0.119 0.4251207729468599 0.128 0.43478260869565216 0.1335 0.4405797101449275 0.135 0.4579710144927536 0.135 0.47342995169082125 0.131 0.4927536231884058 0.117 0.4927536231884058 0.111 0.46956521739130436 0.105
0 0.4144927536231884 0.104 0.4115942028985507 0.104 0.4038647342995169 0.107 0.4028985507246377 0.111 0.39806763285024155 0.111 0.3893719806763285 0.1085 0.37971014492753624 0.109 0.36135265700483093 0.12 0.35555555555555557 0.126 0.3565217391304348 0.1315 0.36328502415458935 0.137 0.37294685990338167 0.141 0.3893719806763285 0.1455 0.39903381642512076 0.146 0.4038647342995169 0.144 0.4077294685990338 0.1395 0.4077294685990338 0.126 0.41642512077294686 0.1095
0 0.3140096618357488 0.147 0.30434782608695654 0.1495 0.2946859903381642 0.154 0.29082125603864734 0.159 0.29082125603864734 0.1665 0.2966183574879227 0.1735 0.3072463768115942 0.176 0.32463768115942027 0.176 0.3294685990338164 0.1745 0.34009661835748795 0.1665 0.34009661835748795 0.1555 0.33719806763285026 0.1505 0.33043478260869563 0.1475
0 0.29178743961352654 0.1755 0.28502415458937197 0.181 0.28599033816425123 0.1885 0.28888888888888886 0.1935 0.2975845410628019 0.2015 0.30628019323671496 0.2055 0.3140096618357488 0.207 0.3294685990338164 0.205 0.3391304347826087 0.2005 0.3458937198067633 0.1945 0.3526570048309179 0.186 0.3516908212560386 0.1815 0.34492753623188405 0.178 0.3314009661835749 0.1755 0.3140096618357488 0.176 0.3004830917874396 0.1745
0 0.3739130434782609 0.1775 0.3671497584541063 0.179 0.3516908212560386 0.1885 0.3458937198067633 0.1955 0.3468599033816425 0.205 0.3507246376811594 0.2085 0.36038647342995167 0.2125 0.3739130434782609 0.2145 0.3903381642512077 0.2145 0.4038647342995169 0.2105 0.4115942028985507 0.206 0.41352657004830917 0.1955 0.4057971014492754 0.187 0.39710144927536234 0.1815 0.38357487922705313 0.1775
0 0.2289855072463768 0.174 0.2222222222222222 0.1775 0.21932367149758455 0.1815 0.22028985507246376 0.1975 0.2222222222222222 0.1995 0.2396135265700483 0.2035 0.27053140096618356 0.2035 0.2772946859903382 0.202 0.28405797101449276 0.1975 0.28599033816425123 0.1935 0.28405797101449276 0.1865 0.2763285024154589 0.185 0.2763285024154589 0.1815 0.26859903381642514 0.1745 0.2608695652173913 0.1715 0.24734299516908212 0.17 0.23864734299516907 0.171
0 0.1536231884057971 0.163 0.15555555555555556 0.1725 0.1603864734299517 0.175 0.17004830917874397 0.1765 0.18743961352657004 0.177 0.22028985507246376 0.175 0.2251207729468599 0.174 0.22705314009661837 0.172 0.22705314009661837 0.1695 0.221256038647343 0.162 0.2144927536231884 0.1585 0.1855072463768116 0.1505 0.17004830917874397 0.151 0.157487922705314 0.158
0 0.07053140096618357 0.165 0.07149758454106281 0.1695 0.0782608695652174 0.175 0.08502415458937199 0.1785 0.10144927536231885 0.182 0.1111111111111111 0.1825 0.1323671497584541 0.18 0.13816425120772946 0.178 0.14299516908212562 0.174 0.1391304347826087 0.165 0.1178743961352657 0.1535 0.11207729468599034 0.152 0.09951690821256039 0.152 0.07922705314009662 0.157
