0 0.0 0.006 0.021111111111111112 0.0075 0.034444444444444444 0.007 0.06533333333333333 0.00325 0.07366666666666666 0.0 0.0 0.0
0 0.14222222222222222 0.0 0.1411111111111111 0.0115 0.14666666666666667 0.015 0.16 0.019 0.17666666666666667 0.015 0.19777777777777777 0.014 0.20333333333333334 0.011 0.20444444444444446 0.005 0.2011111111111111 0.0
0 0.28555555555555556 0.0045 0.2911111111111111 0.008 0.3 0.01 0.3233333333333333 0.0105 0.3388888888888889 0.0065 0.3433333333333333 0.0 0.28555555555555556 0.0
0 0.3611111111111111 0.0175 0.3788888888888889 0.018 0.38666666666666666 0.0205 0.41 0.0185 0.4255555555555556 0.012 0.4311111111111111 0.0065 0.43222222222222223 0.0 0.36444444444444446 0.0 0.36333333333333334 0.01 0.36 0.0135
0 0.43555555555555553 0.0035 0.42777777777777776 0.01 0.4255555555555556 0.0145 0.43222222222222223 0.0245 0.4388888888888889 0.028 0.45222222222222225 0.03 0.4677777777777778 0.0305 0.47555555555555556 0.03 0.49 0.026 0.5044444444444445 0.014 0.5022222222222222 0.01 0.4922222222222222 0.006 0.49 0.0025 0.48633333333333334 0.0008 0.4822222222222222 0.0 0.44666666666666666 0.0 0.4408888888888889 0.00095
0 0.49 0.0 0.4922222222222222 0.006 0.4988888888888889 0.0085 0.5255555555555556 0.0065 0.5326666666666666 0.00395 0.5377777777777778 0.002 0.5487777777777777 0.0
0 0.5505555555555556 0.00185 0.5488888888888889 0.002 0.54 0.0025 0.5244444444444445 0.0075 0.5211111111111111 0.0145 0.5544444444444444 0.0285 0.5611111111111111 0.0275 0.5777777777777777 0.014 0.5777777777777777 0.011 0.5744444444444444 0.006 0.57 0.0035 0.5566666666666666 0.002 0.5533333333333333 0.00115
0 0.5711111111111111 0.0 0.5711111111111111 0.0025 0.58 0.0125 0.5844444444444444 0.0145 0.6033333333333334 0.016 0.6122222222222222 0.015 0.6155555555555555 0.013 0.6244444444444445 0.011 0.6333333333333333 0.006 0.6355555555555555 0.0
0 0.6755555555555556 0.0035 0.6555555555555556 0.0035 0.6288888888888889 0.0095 0.6222222222222222 0.0135 0.6211111111111111 0.02 0.6233333333333333 0.0235 0.6366666666666667 0.0275 0.6577777777777778 0.0305 0.6655555555555556 0.0305 0.6744444444444444 0.028 0.69 0.0215 0.6944444444444444 0.015 0.6944444444444444 0.012 0.6888888888888889 0.007
0 0.7066666666666667 0.0 0.7066666666666667 0.0025 0.7166666666666667 0.0075 0.7355555555555555 0.0105 0.7788888888888889 0.0085 0.7855555555555556 0.007 0.7911111111111111 0.003 0.7911111111111111 0.0
0 0.8011111111111111 0.0 0.8011111111111111 0.0015 0.7922222222222223 0.0055 0.7911111111111111 0.01 0.7955555555555556 0.0185 0.8033333333333333 0.0255 0.8166666666666667 0.0315 0.83 0.0345 0.8388888888888889 0.0335 0.8533333333333334 0.0265 0.8577777777777778 0.022 0.8588888888888889 0.006 0.8533333333333334 0.0
0 0.6588888888888889 0.0325 0.6588888888888889 0.04 0.6633333333333333 0.0435 0.6744444444444444 0.048 0.7033333333333334 0.052 0.7177777777777777 0.0565 0.7266666666666667 0.0565 0.7388888888888889 0.053 0.7411111111111112 0.0465 0.7366666666666667 0.0385 0.7233333333333334 0.0285 0.7166666666666667 0.0255 0.7022222222222222 0.023 0.6877777777777778 0.023
0 0.5755555555555556 0.016 0.5644444444444444 0.0255 0.5633333333333334 0.0335 0.5688888888888889 0.0405 0.5777777777777777 0.045 0.59 0.047 0.6055555555555555 0.047 0.6344444444444445 0.0405 0.6366666666666667 0.0385 0.6344444444444445 0.0315 0.6144444444444445 0.0195 0.6 0.0155 0.5833333333333334 0.0145
0 0.6277777777777778 0.0415 0.6033333333333334 0.048 0.5988888888888889 0.054 0.6 0.06 0.6155555555555555 0.07 0.6277777777777778 0.072 0.6477777777777778 0.0715 0.6588888888888889 0.068 0.6722222222222223 0.057 0.6744444444444444 0.053 0.6733333333333333 0.0485 0.6588888888888889 0.043
0 0.7033333333333334 0.055 0.6888888888888889 0.0545 0.68 0.0555 0.6688888888888889 0.0595 0.6611111111111111 0.0675 0.66 0.0845 0.6733333333333333 0.0905 0.6944444444444444 0.089 0.7122222222222222 0.0855 0.7188888888888889 0.0825 0.7255555555555555 0.0765 0.7344444444444445 0.0725 0.7344444444444445 0.0675 0.7266666666666667 0.062
0 0.5088888888888888 0.014 0.4911111111111111 0.0255 0.4888888888888889 0.0285 0.4888888888888889 0.0375 0.49666666666666665 0.0455 0.5011111111111111 0.0475 0.5155555555555555 0.05 0.5233333333333333 0.05 0.5433333333333333 0.046 0.5477777777777778 0.044 0.5533333333333333 0.038 0.5533333333333333 0.0325 0.55 0.028 0.5388888888888889 0.022 0.5177777777777778 0.0145
0 0.2222222222222222 0.01 0.21888888888888888 0.0135 0.22 0.018 0.23777777777777778 0.028 0.26 0.031 0.2822222222222222 0.029 0.29 0.026 0.2922222222222222 0.0225 0.2911111111111111 0.0145 0.28555555555555556 0.008 0.27666666666666667 0.004 0.2688888888888889 0.0025 0.2577777777777778 0.0025 0.23444444444444446 0.006
0 0.29777777777777775 0.0205 0.29 0.0285 0.2922222222222222 0.0335 0.2966666666666667 0.036 0.32666666666666666 0.0365 0.3422222222222222 0.039 0.3477777777777778 0.039 0.35333333333333333 0.0375 0.35777777777777775 0.031 0.35777777777777775 0.024 0.35333333333333333 0.0185 0.3466666666666667 0.0155 0.3388888888888889 0.014 0.32222222222222224 0.014 0.31333333333333335 0.0155
0 0.4 0.0205 0.38666666666666666 0.022 0.37222222222222223 0.0265 0.35777777777777775 0.033 0.3566666666666667 0.038 0.37222222222222223 0.0465 0.38555555555555554 0.0495 0.40555555555555556 0.0505 0.4222222222222222 0.047 0.4288888888888889 0.0415 0.4311111111111111 0.0325 0.4288888888888889 0.0265 0.4222222222222222 0.023 0.41333333333333333 0.021
0 0.43777777777777777 0.0325 0.4222222222222222 0.048 0.4255555555555556 0.053 0.43777777777777777 0.057 0.4622222222222222 0.0595 0.4777777777777778 0.059 0.4888888888888889 0.057 0.49444444444444446 0.053 0.49444444444444446 0.046 0.48777777777777775 0.0375 0.47333333333333333 0.032 0.4633333333333333 0.0305 0.44666666666666666 0.0305
0 0.3622222222222222 0.0505 0.3466666666666667 0.06 0.3466666666666667 0.067 0.35 0.0705 0.37666666666666665 0.0765 0.3977777777777778 0.0775 0.40555555555555556 0.076 0.41888888888888887 0.0645 0.42 0.0585 0.4177777777777778 0.056 0.40555555555555556 0.0515 0.37555555555555553 0.0495
0 0.29777777777777775 0.0375 0.28555555555555556 0.0445 0.28555555555555556 0.0505 0.29 0.0585 0.29888888888888887 0.0625 0.3088888888888889 0.065 0.3188888888888889 0.065 0.3422222222222222 0.062 0.3511111111111111 0.058 0.3611111111111111 0.05 0.36 0.0465 0.3466666666666667 0.0395 0.3333333333333333 0.037 0.30333333333333334 0.0365
0 0.2877777777777778 0.0655 0.2833333333333333 0.068 0.28 0.076 0.28 0.085 0.2877777777777778 0.0935 0.29444444444444445 0.0965 0.30777777777777776 0.098 0.33555555555555555 0.095 0.34 0.0915 0.3411111111111111 0.0825 0.3288888888888889 0.0725 0.31333333333333335 0.0665 0.3 0.0645
0 0.23777777777777778 0.0295 0.23444444444444446 0.0315 0.23333333333333334 0.0365 0.22111111111111112 0.0415 0.21888888888888888 0.0445 0.22 0.0515 0.2311111111111111 0.0655 0.2388888888888889 0.0685 0.25222222222222224 0.069 0.2733333333333333 0.0655 0.28555555555555556 0.0615 0.2866666666666667 0.053 0.2822222222222222 0.0455 0.2688888888888889 0.0355 0.25666666666666665 0.0345 0.2477777777777778 0.0305
0 0.1711111111111111 0.0155 0.16444444444444445 0.018 0.15888888888888889 0.025 0.16 0.0375 0.16444444444444445 0.0435 0.17333333333333334 0.048 0.1811111111111111 0.05 0.20444444444444446 0.049 0.21777777777777776 0.043 0.22666666666666666 0.037 0.2288888888888889 0.029 0.20555555555555555 0.0165 0.19444444444444445 0.015
0 0.16333333333333333 0.054 0.15888888888888889 0.056 0.15444444444444444 0.061 0.15666666666666668 0.068 0.16666666666666666 0.078 0.17333333333333334 0.082 0.18666666666666668 0.085 0.2088888888888889 0.085 0.22777777777777777 0.0755 0.2311111111111111 0.072 0.2311111111111111 0.067 0.2222222222222222 0.057 0.20555555555555555 0.05 0.18222222222222223 0.0505
0 0.14444444444444443 0.021 0.1322222222222222 0.02 0.11888888888888889 0.0225 0.10222222222222223 0.0325 0.09888888888888889 0.0365 0.10111111111111111 0.044 0.10777777777777778 0.0475 0.11777777777777777 0.05 0.1411111111111111 0.05 0.1511111111111111 0.0475 0.15666666666666668 0.044 0.15888888888888889 0.0375 0.15777777777777777 0.0275 0.15555555555555556 0.0245
0 0.0 0.047 0.0 0.073 0.013333333333333334 0.0735 0.03333333333333333 0.067 0.034444444444444444 0.062 0.027777777777777776 0.0555 0.016666666666666666 0.05 0.005555555555555556 0.047
0 0.04666666666666667 0.0685 0.03666666666666667 0.068 0.025555555555555557 0.0695 0.015555555555555555 0.074 0.0077777777777777776 0.083 0.012222222222222223 0.1035 0.021111111111111112 0.106 0.04111111111111111 0.105 0.06 0.1 0.07777777777777778 0.0905 0.08333333333333333 0.084 0.07888888888888888 0.078 0.07111111111111111 0.0745
0 0.12666666666666668 0.081 0.11666666666666667 0.0875 0.11555555555555555 0.0935 0.11666666666666667 0.096 0.1288888888888889 0.1045 0.15 0.115 0.16444444444444445 0.1155 0.18222222222222223 0.1135 0.19777777777777777 0.104 0.19777777777777777 0.097 0.18555555555555556 0.0865 0.16444444444444445 0.079 0.15444444444444444 0.0775 0.14444444444444443 0.0775
0 0.21222222222222223 0.088 0.20666666666666667 0.0895 0.2011111111111111 0.095 0.2 0.1025 0.20444444444444446 0.1115 0.2111111111111111 0.1135 0.23444444444444446 0.1125 0.24666666666666667 0.108 0.2588888888888889 0.0995 0.25333333333333335 0.0955 0.2388888888888889 0.09 0.22444444444444445 0.088
0 0.29555555555555557 0.105 0.28555555555555556 0.103 0.2733333333333333 0.103 0.2544444444444444 0.1055 0.24666666666666667 0.108 0.23444444444444446 0.114 0.23 0.123 0.23333333333333334 0.1275 0.24333333333333335 0.131 0.25555555555555554 0.1325 0.27555555555555555 0.132 0.29 0.1295 0.3055555555555556 0.122 0.30777777777777776 0.1195 0.3055555555555556 0.1105
0 0.3111111111111111 0.107 0.3088888888888889 0.1105 0.3111111111111111 0.1225 0.31444444444444447 0.1245 0.3277777777777778 0.1275 0.37333333333333335 0.1275 0.38666666666666666 0.1245 0.39555555555555555 0.1195 0.39666666666666667 0.114 0.3933333333333333 0.1095 0.37777777777777777 0.105 0.36777777777777776 0.1045 0.3422222222222222 0.1005 0.3244444444444444 0.102
0 0.3477777777777778 0.0805 0.34444444444444444 0.083 0.3388888888888889 0.0965 0.3466666666666667 0.1005 0.3688888888888889 0.1045 0.3877777777777778 0.1045 0.4011111111111111 0.103 0.41333333333333333 0.10065 0.42277777777777775 0.1001 0.41955555555555557 0.09140000000000001 0.411 0.09 0.4011111111111111 0.084 0.3888888888888889 0.078 0.3655555555555556 0.076 0.35555555555555557 0.0775
0 0.43666666666666665 0.0585 0.4211111111111111 0.0615 0.41444444444444445 0.0715 0.41444444444444445 0.0795 0.4222222222222222 0.0875 0.44 0.0895 0.4488888888888889 0.088 0.4588888888888889 0.083 0.4711111111111111 0.0695 0.4711111111111111 0.0665 0.46555555555555556 0.061
0 0.5211111111111111 0.052 0.5155555555555555 0.056 0.5166666666666667 0.0605 0.5388888888888889 0.072 0.5477777777777778 0.074 0.5622222222222222 0.0745 0.5677777777777778 0.0735 0.5833333333333334 0.0655 0.5844444444444444 0.0605 0.58 0.056 0.5677777777777778 0.05 0.5588888888888889 0.0475 0.5422222222222223 0.047
0 0.5188888888888888 0.063 0.5122222222222222 0.061 0.49666666666666665 0.061 0.4855555555555556 0.0635 0.46555555555555556 0.0735 0.4588888888888889 0.0835 0.46 0.087 0.49333333333333335 0.0885 0.5233333333333333 0.085 0.5322222222222223 0.08 0.5333333333333333 0.0755
0 0.5833333333333334 0.0775 0.5755555555555556 0.0755 0.5611111111111111 0.075 0.5388888888888889 0.0775 0.5333333333333333 0.0795 0.5244444444444445 0.0865 0.5222222222222223 0.0925 0.5233333333333333 0.0995 0.5322222222222223 0.105 0.5622222222222222 0.1065 0.5822222222222222 0.1045 0.5911111111111111 0.101 0.5977777777777777 0.094 0.5977777777777777 0.088 0.5944444444444444 0.083
0 0.42777777777777776 0.0915 0.43222222222222223 0.1085 0.4477777777777778 0.1155 0.46555555555555556 0.1205 0.47444444444444445 0.1215 0.49666666666666665 0.1205 0.5155555555555555 0.108 0.5166666666666667 0.102 0.5133333333333333 0.099 0.5022222222222222 0.093 0.4866666666666667 0.0885 0.45666666666666667 0.088
0 0.4022222222222222 0.108 0.3977777777777778 0.1095 0.3977777777777778 0.1165 0.39111111111111113 0.123 0.39111111111111113 0.127 0.39555555555555555 0.1315 0.4077777777777778 0.14 0.4122222222222222 0.141 0.4288888888888889 0.142 0.44555555555555554 0.1395 0.46555555555555556 0.13 0.4666666666666667 0.1265 0.46 0.1205 0.4311111111111111 0.1075 0.4166666666666667 0.107
0 0.5455555555555556 0.107 0.5344444444444445 0.1065 0.5173333333333333 0.10790000000000001 0.49655555555555553 0.12079999999999999 0.5047777777777778 0.1296 0.5266666666666666 0.138 0.5355555555555556 0.1385 0.5433333333333333 0.137 0.5544444444444444 0.131 0.5577777777777778 0.1275 0.5677777777777778 0.123 0.5711111111111111 0.115 0.5723333333333334 0.11175 0.5661111111111111 0.10629999999999999
0 0.5933333333333334 0.113 0.5844444444444444 0.1145 0.5766666666666667 0.118 0.5688888888888889 0.1245 0.56 0.129 0.5577777777777778 0.135 0.5644444444444444 0.139 0.5766666666666667 0.14 0.5933333333333334 0.144 0.6044444444444445 0.1445 0.6155555555555555 0.143 0.6244444444444445 0.1375 0.6266666666666667 0.129 0.6255555555555555 0.1225 0.6211111111111111 0.118 0.61 0.1135
0 0.61 0.0925 0.5977777777777777 0.099 0.5988888888888889 0.104 0.6077777777777778 0.11 0.6244444444444445 0.1155 0.6444444444444445 0.1195 0.6611111111111111 0.1195 0.6688888888888889 0.1155 0.6711111111111111 0.109 0.67 0.099 0.6644444444444444 0.0955 0.6533333333333333 0.0915 0.6355555555555555 0.089 0.6211111111111111 0.0895
0 0.6722222222222223 0.0965 0.6711111111111111 0.1155 0.6811111111111111 0.12 0.6911111111111111 0.1215 0.72 0.1205 0.7411111111111112 0.1165 0.7522222222222222 0.1115 0.7511111111111111 0.1075 0.7444444444444445 0.102 0.7311111111111112 0.096 0.7233333333333334 0.094 0.7033333333333334 0.092 0.69 0.092 0.6788888888888889 0.0935
0 0.7266666666666667 0.078 0.7222222222222222 0.083 0.7222222222222222 0.0865 0.7255555555555555 0.092 0.7422222222222222 0.0975 0.7677777777777778 0.101 0.7766666666666666 0.101 0.7866666666666666 0.099 0.7888888888888889 0.0965 0.7877777777777778 0.088 0.7833333333333333 0.0835 0.7711111111111111 0.078 0.7488888888888889 0.0735 0.7366666666666667 0.074
0 0.8544444444444445 0.0465 0.8388888888888889 0.0565 0.8388888888888889 0.0615 0.8422222222222222 0.066 0.8488888888888889 0.0695 0.8622222222222222 0.0725 0.8844444444444445 0.0735 0.8933333333333333 0.0725 0.9044444444444445 0.0685 0.9111111111111111 0.0635 0.9111111111111111 0.0565 0.9055555555555556 0.0525 0.8788888888888889 0.0445 0.8644444444444445 0.0445
0 0.8133333333333334 0.065 0.8033333333333333 0.067 0.7944444444444444 0.0715 0.7944444444444444 0.0845 0.8 0.0895 0.8088888888888889 0.0935 0.8211111111111111 0.095 0.8333333333333334 0.0945 0.8466666666666667 0.0915 0.8588888888888889 0.087 0.8611111111111112 0.085 0.8611111111111112 0.0775 0.8588888888888889 0.075 0.8411111111111111 0.0685 0.8222222222222222 0.0645
0 0.7944444444444444 0.1 0.79 0.1125 0.7944444444444444 0.1175 0.8022222222222222 0.12 0.8211111111111111 0.1215 0.8288888888888889 0.121 0.8611111111111112 0.115 0.8644444444444445 0.1125 0.8644444444444445 0.1095 0.86 0.1055 0.8288888888888889 0.0955 0.8111111111111111 0.0945 0.8 0.097
0 0.7644444444444445 0.125 0.7644444444444445 0.134 0.7822222222222223 0.142 0.7944444444444444 0.1435 0.8144444444444444 0.1435 0.8333333333333334 0.141 0.8411111111111111 0.1375 0.8422222222222222 0.134 0.8311111111111111 0.1245 0.8222222222222222 0.122 0.7988888888888889 0.1195 0.7855555555555556 0.1195 0.7777777777777778 0.1205
0 0.7133333333333334 0.127 0.7077777777777777 0.13 0.7077777777777777 0.1355 0.7144444444444444 0.1485 0.7344444444444445 0.1575 0.7422222222222222 0.1585 0.7555555555555555 0.1575 0.7766666666666666 0.1485 0.7766666666666666 0.14 0.7655555555555555 0.135 0.7433333333333333 0.1295 0.7266666666666667 0.1265
0 0.62 0.142 0.62 0.1465 0.6244444444444445 0.15 0.64 0.155 0.6677777777777778 0.156 0.6822222222222222 0.1545 0.7033333333333334 0.1545 0.7144444444444444 0.1515 0.7144444444444444 0.15 0.7077777777777777 0.149 0.6955555555555556 0.1445 0.6877777777777778 0.138 0.66 0.128 0.6488888888888888 0.126 0.6311111111111111 0.1305
0 0.7311111111111112 0.1665 0.7266666666666667 0.178 0.7311111111111112 0.181 0.7411111111111112 0.184 0.77 0.188 0.7933333333333333 0.187 0.8055555555555556 0.185 0.81 0.1825 0.81 0.1765 0.8033333333333333 0.1655 0.78 0.1575 0.7588888888888888 0.1565 0.7477777777777778 0.159
0 0.75 0.1905 0.7322222222222222 0.1875 0.7144444444444444 0.187 0.6855555555555556 0.1915 0.6777777777777778 0.1965 0.6766666666666666 0.2025 0.6888888888888889 0.213 0.7 0.216 0.7166666666666667 0.2165 0.7244444444444444 0.2155 0.7344444444444445 0.212 0.7533333333333333 0.2015 0.7533333333333333 0.1925
0 0.7144444444444444 0.16 0.6877777777777778 0.1555 0.6733333333333333 0.1565 0.6644444444444444 0.16 0.6566666666666666 0.166 0.6533333333333333 0.173 0.6555555555555556 0.1835 0.6633333333333333 0.1905 0.6833333333333333 0.1915 0.7088888888888889 0.187 0.7233333333333334 0.1805 0.7277777777777777 0.1745 0.7288888888888889 0.1655
0 0.4677777777777778 0.1295 0.45 0.138 0.45 0.143 0.46444444444444444 0.1475 0.4666666666666667 0.158 0.47333333333333333 0.159 0.5011111111111111 0.159 0.5166666666666667 0.156 0.5244444444444445 0.1475 0.5222222222222223 0.1395 0.5166666666666667 0.135 0.5 0.128 0.48 0.1275
0 0.5766666666666667 0.1415 0.5633333333333334 0.139 0.5411111111111111 0.1395 0.5311111111111111 0.1425 0.5188888888888888 0.1555 0.5211111111111111 0.164 0.5244444444444445 0.1685 0.53 0.1715 0.5488888888888889 0.1725 0.5688888888888889 0.1705 0.5911111111111111 0.161 0.5944444444444444 0.1555 0.5922222222222222 0.1495 0.5866666666666667 0.1455
0 0.4677777777777778 0.1595 0.46111111111111114 0.162 0.45 0.1705 0.4477777777777778 0.175 0.45111111111111113 0.1785 0.4577777777777778 0.1815 0.4711111111111111 0.184 0.48444444444444446 0.184 0.49666666666666665 0.1805 0.5033333333333333 0.177 0.5122222222222222 0.169 0.5044444444444445 0.163 0.49777777777777776 0.1605 0.4811111111111111 0.159
0 0.4633333333333333 0.146 0.45666666666666667 0.1445 0.43 0.143 0.41444444444444445 0.1445 0.4066666666666667 0.1465 0.4011111111111111 0.1495 0.3933333333333333 0.158 0.39444444444444443 0.1625 0.4011111111111111 0.169 0.4088888888888889 0.172 0.4177777777777778 0.1735 0.43555555555555553 0.1735 0.4477777777777778 0.1715 0.45444444444444443 0.1685 0.46444444444444444 0.1585 0.46555555555555556 0.1485
0 0.3522222222222222 0.129 0.3433333333333333 0.134 0.3411111111111111 0.1475 0.34555555555555556 0.152 0.3566666666666667 0.1585 0.3688888888888889 0.161 0.3788888888888889 0.1615 0.39444444444444443 0.1565 0.40444444444444444 0.147 0.4066666666666667 0.142 0.3977777777777778 0.133 0.38666666666666666 0.129 0.38 0.128
0 0.2822222222222222 0.132 0.27111111111111114 0.1415 0.2733333333333333 0.149 0.29777777777777775 0.155 0.3211111111111111 0.1555 0.32666666666666666 0.154 0.3388888888888889 0.1465 0.3388888888888889 0.1415 0.3233333333333333 0.1345 0.31555555555555553 0.1325 0.29777777777777775 0.131
0 0.39666666666666667 0.167 0.3877777777777778 0.1675 0.36777777777777776 0.173 0.36 0.1775 0.35 0.187 0.3488888888888889 0.1935 0.35444444444444445 0.2 0.3688888888888889 0.204 0.38333333333333336 0.206 0.3988888888888889 0.2055 0.41 0.2025 0.4177777777777778 0.1985 0.4266666666666667 0.1875 0.4255555555555556 0.1815 0.4211111111111111 0.177
0 0.34 0.1505 0.33444444444444443 0.1505 0.3 0.166 0.29333333333333333 0.1765 0.29444444444444445 0.179 0.30444444444444446 0.184 0.33444444444444443 0.188 0.3511111111111111 0.1855 0.3622222222222222 0.174 0.3511111111111111 0.1605 0.35 0.155
0 0.2811111111111111 0.1925 0.2788888888888889 0.2025 0.28 0.205 0.2833333333333333 0.206 0.29888888888888887 0.2065 0.3211111111111111 0.209 0.3377777777777778 0.209 0.34555555555555556 0.208 0.35 0.2055 0.3511111111111111 0.199 0.3466666666666667 0.1935 0.33666666666666667 0.189 0.32666666666666666 0.1865 0.3111111111111111 0.185 0.29777777777777775 0.186 0.2877777777777778 0.1885
0 0.22333333333333333 0.1575 0.21777777777777776 0.1615 0.21777777777777776 0.166 0.22333333333333333 0.1725 0.2288888888888889 0.175 0.2544444444444444 0.179 0.2688888888888889 0.1795 0.2822222222222222 0.179 0.2922222222222222 0.1755 0.2966666666666667 0.1665 0.29555555555555557 0.16 0.2922222222222222 0.1555 0.2811111111111111 0.152 0.27 0.15 0.2544444444444444 0.15 0.23 0.1545
0 0.17666666666666667 0.151 0.1688888888888889 0.1525 0.16666666666666666 0.155 0.15444444444444444 0.1605 0.14888888888888888 0.167 0.14666666666666667 0.1745 0.15222222222222223 0.1805 0.16111111111111112 0.185 0.17 0.1865 0.19 0.1875 0.21555555555555556 0.182 0.22333333333333333 0.178 0.22333333333333333 0.173 0.21333333333333335 0.1615 0.19333333333333333 0.1545
0 0.2511111111111111 0.1335 0.21555555555555556 0.1235 0.2088888888888889 0.124 0.1988888888888889 0.129 0.19333333333333333 0.1425 0.18444444444444444 0.147 0.18222222222222223 0.1505 0.18888888888888888 0.153 0.21666666666666667 0.1525 0.22555555555555556 0.151 0.2511111111111111 0.143 0.2544444444444444 0.139
0 0.15444444444444444 0.117 0.14222222222222222 0.121 0.13 0.1275 0.1288888888888889 0.1355 0.13333333333333333 0.14 0.14 0.143 0.1511111111111111 0.1455 0.1711111111111111 0.1455 0.17666666666666667 0.1465 0.18888888888888888 0.1455 0.19444444444444445 0.142 0.19666666666666666 0.1365 0.19666666666666666 0.129 0.19333333333333333 0.125 0.17666666666666667 0.1165 0.16111111111111112 0.116
0 0.07444444444444444 0.0925 0.058888888888888886 0.104 0.05555555555555555 0.1125 0.05555555555555555 0.119 0.058888888888888886 0.1245 0.06777777777777778 0.129 0.08222222222222222 0.1315 0.10111111111111111 0.131 0.12222222222222222 0.1275 0.1388888888888889 0.12 0.1388888888888889 0.1105 0.11555555555555555 0.0975 0.08555555555555555 0.092
0 0.06555555555555556 0.1285 0.056666666666666664 0.1285 0.03777777777777778 0.132 0.03111111111111111 0.1345 0.023333333333333334 0.141 0.023333333333333334 0.15 0.03 0.1575 0.03777777777777778 0.1605 0.05333333333333334 0.162 0.07111111111111111 0.1605 0.09 0.145 0.09111111111111111 0.14 0.08444444444444445 0.1335
0 0.0 0.145 0.0 0.1725 0.0044444444444444444 0.1725 0.025555555555555557 0.162 0.027777777777777776 0.158 0.021111111111111112 0.1495 0.005555555555555556 0.145
0 0.09555555555555556 0.145 0.08555555555555555 0.149 0.07555555555555556 0.1575 0.07555555555555556 0.1705 0.08 0.1735 0.09333333333333334 0.178 0.11333333333333333 0.181 0.12666666666666668 0.181 0.13666666666666666 0.1785 0.14555555555555555 0.1745 0.15333333333333332 0.16 0.1511111111111111 0.154 0.13333333333333333 0.1445 0.10444444444444445 0.144
0 0.04888888888888889 0.1615 0.03222222222222222 0.1615 0.023333333333333334 0.1635 0.006666666666666667 0.1705 0.0033333333333333335 0.1735 0.0 0.1735 0.0 0.191 0.0033333333333333335 0.191 0.008888888888888889 0.1945 0.022222222222222223 0.1985 0.03888888888888889 0.2005 0.04777777777777778 0.2 0.06555555555555556 0.195 0.07666666666666666 0.179 0.07 0.171 0.06111111111111111 0.1655
0 0.04666666666666667 0.2025 0.03888888888888889 0.2005 0.02 0.2 0.011111111111111112 0.202 0.0033333333333333335 0.206 0.0 0.206 0.0 0.231 0.011111111111111112 0.232 0.035555555555555556 0.231 0.04888888888888889 0.228 0.06333333333333334 0.221 0.06444444444444444 0.2165 0.06222222222222222 0.213
0 0.07888888888888888 0.181 0.07222222222222222 0.185 0.06666666666666667 0.197 0.07 0.2035 0.07666666666666666 0.2065 0.1 0.212 0.11888888888888889 0.2125 0.1288888888888889 0.2105 0.1411111111111111 0.206 0.14222222222222222 0.198 0.14 0.1935 0.13444444444444445 0.1895 0.11888888888888889 0.1825 0.09666666666666666 0.179 0.09 0.179
0 0.14444444444444443 0.1925 0.14222222222222222 0.1985 0.14333333333333334 0.2055 0.14666666666666667 0.2095 0.15888888888888889 0.214 0.17888888888888888 0.214 0.2011111111111111 0.2085 0.2088888888888889 0.2055 0.21222222222222223 0.2025 0.21 0.1955 0.18777777777777777 0.188 0.1811111111111111 0.187 0.16 0.186 0.15333333333333332 0.1875
0 0.2411111111111111 0.1785 0.23777777777777778 0.1825 0.23 0.1855 0.22 0.1925 0.21777777777777776 0.197 0.21888888888888888 0.2045 0.22111111111111112 0.2075 0.2237777777777778 0.21130000000000002 0.23222222222222222 0.213 0.24444444444444444 0.214 0.26 0.2135 0.27111111111111114 0.209 0.27555555555555555 0.202 0.27555555555555555 0.1975 0.27 0.191 0.2577777777777778 0.185 0.24888888888888888 0.1785
0 0.20222222222222222 0.2095 0.18222222222222223 0.213 0.17777777777777778 0.2265 0.18333333333333332 0.234 0.2011111111111111 0.2425 0.20666666666666667 0.243 0.21333333333333335 0.241 0.22 0.234 0.23222222222222222 0.2255 0.23555555555555555 0.2205 0.23 0.2145 0.22333333333333333 0.2115
0 0.11333333333333333 0.2135 0.10666666666666667 0.216 0.11222222222222222 0.2455 0.13 0.251 0.14666666666666667 0.251 0.16444444444444445 0.246 0.17555555555555555 0.24 0.18 0.2335 0.17555555555555555 0.225 0.16333333333333333 0.2195 0.14888888888888888 0.216 0.13 0.2135
0 0.07 0.22 0.057777777777777775 0.2245 0.052222222222222225 0.229 0.052222222222222225 0.238 0.06 0.2435 0.06888888888888889 0.246 0.08333333333333333 0.253 0.09111111111111111 0.2545 0.1 0.254 0.10444444444444445 0.252 0.10888888888888888 0.2445 0.10888888888888888 0.2355 0.10333333333333333 0.225 0.09333333333333334 0.219 0.0811111111111111 0.2185
0 0.13444444444444445 0.259 0.13333333333333333 0.2645 0.1388888888888889 0.272 0.14888888888888888 0.276 0.1688888888888889 0.2805 0.1811111111111111 0.282 0.19444444444444445 0.2815 0.20666666666666667 0.2765 0.2111111111111111 0.268 0.2111111111111111 0.2595 0.2088888888888889 0.2555 0.2 0.252 0.19 0.25 0.1622222222222222 0.2505 0.14888888888888888 0.2535
0 0.0 0.232 0.0 0.2525 0.0044444444444444444 0.2525 0.0077777777777777776 0.2485 0.017777777777777778 0.2435 0.017777777777777778 0.238 0.012222222222222223 0.2345 0.0044444444444444444 0.232
0 0.0811111111111111 0.253 0.06888888888888889 0.247 0.04888888888888889 0.2415 0.035555555555555556 0.241 0.023333333333333334 0.243 0.014444444444444444 0.247 0.006666666666666667 0.254 0.0044444444444444444 0.264 0.008888888888888889 0.2715 0.013333333333333334 0.2735 0.034444444444444444 0.273 0.06888888888888889 0.2655 0.08333333333333333 0.2565
0 0.11777777777777777 0.2615 0.10333333333333333 0.2615 0.08222222222222222 0.264 0.06333333333333334 0.2715 0.06 0.2745 0.06 0.2825 0.06333333333333334 0.2855 0.07888888888888888 0.2925 0.09111111111111111 0.295 0.11 0.296 0.12222222222222222 0.2935 0.1322222222222222 0.289 0.13666666666666666 0.284 0.13666666666666666 0.2725 0.13111111111111112 0.265
0 0.027777777777777776 0.2835 0.013333333333333334 0.2865 0.0077777777777777776 0.293 0.01 0.306 0.014444444444444444 0.31 0.03777777777777778 0.3175 0.04777777777777778 0.318 0.06333333333333334 0.3105 0.07444444444444444 0.303 0.07555555555555556 0.2935 0.07333333333333333 0.291 0.058888888888888886 0.2855 0.043333333333333335 0.283
0 0.16 0.281 0.14555555555555555 0.2845 0.13555555555555557 0.289 0.1322222222222222 0.2925 0.13333333333333333 0.3015 0.1388888888888889 0.3055 0.1511111111111111 0.3105 0.17777777777777778 0.3145 0.18888888888888888 0.3135 0.20333333333333334 0.308 0.21666666666666667 0.299 0.20777777777777778 0.289 0.19555555555555557 0.283
0 0.22111111111111112 0.314 0.2088888888888889 0.312 0.19444444444444445 0.312 0.18555555555555556 0.3145 0.1688888888888889 0.316 0.15555555555555556 0.319 0.14666666666666667 0.3225 0.1411111111111111 0.328 0.14333333333333334 0.334 0.15 0.34 0.16666666666666666 0.3475 0.17444444444444446 0.3485 0.19111111111111112 0.3475 0.20777777777777778 0.3405 0.22333333333333333 0.3285 0.22555555555555556 0.318
0 0.11222222222222222 0.3025 0.09 0.303 0.07666666666666666 0.3055 0.06666666666666667 0.3105 0.06777777777777778 0.33 0.09777777777777778 0.3395 0.10222222222222223 0.3395 0.11666666666666667 0.334 0.13555555555555557 0.3295 0.1411111111111111 0.3265 0.14666666666666667 0.3195 0.14555555555555555 0.3145 0.14 0.3105 0.12777777777777777 0.3055
0 0.03888888888888889 0.33 0.03666666666666667 0.3345 0.04555555555555556 0.3415 0.04777777777777778 0.346 0.06 0.3535 0.06444444444444444 0.355 0.07444444444444444 0.355 0.08333333333333333 0.353 0.09555555555555556 0.345 0.09555555555555556 0.3415 0.09222222222222222 0.339 0.057777777777777775 0.3295 0.04666666666666667 0.329
0 0.11777777777777777 0.3355 0.10222222222222223 0.3415 0.10111111111111111 0.35 0.11666666666666667 0.3565 0.13444444444444445 0.3685 0.14333333333333334 0.369 0.15333333333333332 0.3655 0.15666666666666668 0.3625 0.15222222222222223 0.3495 0.12666666666666668 0.335
0 0.2288888888888889 0.3595 0.20666666666666667 0.351 0.18888888888888888 0.3485 0.17222222222222222 0.3495 0.15777777777777777 0.356 0.15777777777777777 0.3695 0.16 0.3735 0.16777777777777778 0.3765 0.1811111111111111 0.377 0.21333333333333335 0.372 0.2288888888888889 0.3655
0 0.6433333333333333 0.164 0.6255555555555555 0.161 0.6088888888888889 0.1605 0.5877777777777777 0.163 0.5722222222222222 0.1695 0.5688888888888889 0.176 0.5711111111111111 0.1815 0.5933333333333334 0.1935 0.6155555555555555 0.1945 0.63 0.192 0.65 0.185 0.6522222222222223 0.183 0.6511111111111111 0.1685
0 0.5322222222222223 0.1735 0.5263333333333333 0.17425 0.5166666666666667 0.1755 0.5 0.18 0.48777777777777775 0.1845 0.48777777777777775 0.1865 0.4988888888888889 0.199 0.5077777777777778 0.203 0.5333333333333333 0.208 0.5444444444444444 0.208 0.5522222222222222 0.205 0.5666666666666667 0.194 0.5677777777777778 0.1875 0.5644444444444444 0.1815 0.5555555555555556 0.1765 0.5455555555555556 0.1735
0 0.43333333333333335 0.185 0.4166666666666667 0.2 0.41888888888888887 0.205 0.43222222222222223 0.2125 0.45666666666666667 0.216 0.47333333333333333 0.2165 0.49666666666666665 0.208 0.5 0.204 0.4955555555555556 0.194 0.49 0.1895 0.4811111111111111 0.1855 0.4588888888888889 0.1825 0.44333333333333336 0.183
0 0.3522222222222222 0.206 0.3377777777777778 0.2165 0.3422222222222222 0.227 0.3511111111111111 0.23 0.36666666666666664 0.232 0.3877777777777778 0.232 0.39555555555555555 0.231 0.4022222222222222 0.221 0.4011111111111111 0.2175 0.38666666666666666 0.2085 0.3788888888888889 0.206 0.36333333333333334 0.204
0 0.2877777777777778 0.2065 0.27666666666666667 0.21 0.27 0.214 0.26222222222222225 0.2255 0.2644444444444444 0.2325 0.2777777777777778 0.2395 0.29888888888888887 0.2415 0.31777777777777777 0.2415 0.34 0.234 0.3422222222222222 0.228 0.33555555555555555 0.218 0.31777777777777777 0.209 0.3011111111111111 0.2065
0 0.25555555555555554 0.2295 0.24444444444444444 0.2285 0.23555555555555555 0.2305 0.21666666666666667 0.2385 0.20777777777777778 0.2475 0.20777777777777778 0.2525 0.21444444444444444 0.257 0.22666666666666666 0.259 0.24888888888888888 0.259 0.26555555555555554 0.256 0.27555555555555555 0.252 0.27555555555555555 0.2405 0.26555555555555554 0.2335
0 0.22 0.26 0.21666666666666667 0.264 0.22111111111111112 0.2675 0.21222222222222223 0.272 0.20777777777777778 0.2795 0.2111111111111111 0.2875 0.22333333333333333 0.299 0.23333333333333334 0.303 0.2411111111111111 0.3045 0.2577777777777778 0.3045 0.2822222222222222 0.299 0.29 0.2925 0.2911111111111111 0.2855 0.28555555555555556 0.277 0.27666666666666667 0.2695 0.2588888888888889 0.2635 0.23666666666666666 0.2625
0 0.31555555555555553 0.2425 0.29555555555555557 0.242 0.2833333333333333 0.2475 0.2811111111111111 0.2515 0.28 0.2705 0.28444444444444444 0.2755 0.29333333333333333 0.276 0.3188888888888889 0.272 0.3288888888888889 0.2685 0.34 0.262 0.3411111111111111 0.2585 0.3377777777777778 0.252
0 0.35888888888888887 0.2325 0.3422222222222222 0.2365 0.34 0.2495 0.34444444444444444 0.2555 0.35 0.258 0.3622222222222222 0.26 0.37777777777777777 0.256 0.38555555555555554 0.249 0.39111111111111113 0.248 0.39222222222222225 0.244 0.3877777777777778 0.2385 0.38333333333333336 0.2365 0.3711111111111111 0.2335
0 0.4311111111111111 0.214 0.42 0.2145 0.4077777777777778 0.217 0.4033333333333333 0.219 0.3988888888888889 0.227 0.3988888888888889 0.233 0.4033333333333333 0.239 0.41 0.242 0.4211111111111111 0.2435 0.44222222222222224 0.24 0.45444444444444443 0.2255 0.45444444444444443 0.2205 0.4444444444444444 0.2165
0 0.4711111111111111 0.2185 0.4577777777777778 0.223 0.45111111111111113 0.228 0.44555555555555554 0.24 0.4477777777777778 0.25 0.45222222222222225 0.255 0.4622222222222222 0.2585 0.47888888888888886 0.26 0.4922222222222222 0.2595 0.4988888888888889 0.258 0.5133333333333333 0.25 0.5177777777777778 0.245 0.5166666666666667 0.239 0.48444444444444446 0.2205
0 0.5066666666666667 0.2065 0.49333333333333335 0.211 0.49333333333333335 0.2235 0.5011111111111111 0.229 0.5166666666666667 0.2365 0.5244444444444445 0.2365 0.5511111111111111 0.225 0.5555555555555556 0.221 0.5555555555555556 0.2165 0.5522222222222222 0.2135 0.5433333333333333 0.21 0.5188888888888888 0.2065
0 0.5666666666666667 0.197 0.5488888888888889 0.208 0.5488888888888889 0.21 0.5644444444444444 0.2225 0.5877777777777777 0.226 0.6 0.226 0.6111111111111112 0.225 0.6244444444444445 0.2205 0.6288888888888889 0.2145 0.6288888888888889 0.2085 0.6233333333333333 0.202 0.6133333333333333 0.197 0.5933333333333334 0.1945
0 0.5588888888888889 0.224 0.5477777777777778 0.226 0.5433333333333333 0.228 0.54 0.232 0.5422222222222223 0.2405 0.5455555555555556 0.244 0.5577777777777778 0.2505 0.5611111111111111 0.255 0.5688888888888889 0.2575 0.5777777777777777 0.257 0.5866666666666667 0.254 0.6033333333333334 0.241 0.6033333333333334 0.235 0.5944444444444444 0.2285 0.5722222222222222 0.224
0 0.5255555555555556 0.238 0.5211111111111111 0.24 0.52 0.2445 0.5144444444444445 0.25 0.5044444444444445 0.256 0.5044444444444445 0.26 0.5077777777777778 0.263 0.5144444444444445 0.265 0.5444444444444444 0.2655 0.5588888888888889 0.26 0.5566666666666666 0.251 0.5344444444444445 0.2395
0 0.45444444444444443 0.2575 0.45 0.26 0.44333333333333336 0.272 0.45666666666666667 0.281 0.46444444444444444 0.2825 0.47444444444444445 0.2825 0.5 0.2735 0.5022222222222222 0.267 0.4911111111111111 0.2605
0 0.39111111111111113 0.248 0.38555555555555554 0.2505 0.3811111111111111 0.2555 0.3877777777777778 0.265 0.4122222222222222 0.2775 0.4255555555555556 0.2775 0.44666666666666666 0.2675 0.4477777777777778 0.2615 0.44222222222222224 0.255 0.4288888888888889 0.2485 0.42 0.2465
0 0.3322222222222222 0.2675 0.3288888888888889 0.2725 0.33111111111111113 0.2835 0.3388888888888889 0.287 0.35 0.289 0.38222222222222224 0.2885 0.39666666666666667 0.286 0.4033333333333333 0.2835 0.4066666666666667 0.2795 0.3988888888888889 0.271 0.3877777777777778 0.266 0.37444444444444447 0.265 0.35 0.261 0.3433333333333333 0.262
0 0.3433333333333333 0.294 0.33555555555555555 0.3025 0.33444444444444443 0.311 0.34444444444444444 0.319 0.36777777777777776 0.322 0.38 0.322 0.39 0.321 0.39666666666666667 0.3185 0.4122222222222222 0.3175 0.4166666666666667 0.316 0.42 0.3115 0.4177777777777778 0.308 0.3877777777777778 0.2925 0.37444444444444447 0.2895 0.35777777777777775 0.2895
0 0.3244444444444444 0.3025 0.3022222222222222 0.3005 0.2788888888888889 0.301 0.25666666666666665 0.306 0.25333333333333335 0.31 0.25333333333333335 0.3155 0.25555555555555554 0.3195 0.2644444444444444 0.326 0.2733333333333333 0.3285 0.28 0.329 0.3011111111111111 0.327 0.31 0.322 0.31777777777777777 0.3135 0.3277777777777778 0.3075 0.3277777777777778 0.305
0 0.22444444444444445 0.3295 0.2111111111111111 0.34 0.2111111111111111 0.346 0.21666666666666667 0.353 0.23777777777777778 0.3625 0.2611111111111111 0.3635 0.27 0.362 0.27444444444444444 0.358 0.27555555555555555 0.353 0.2677777777777778 0.337 0.2588888888888889 0.3315 0.25333333333333335 0.33 0.23444444444444446 0.3285
0 0.3055555555555556 0.3285 0.2788888888888889 0.3335 0.2733333333333333 0.3365 0.2722222222222222 0.3395 0.2777777777777778 0.3515 0.2911111111111111 0.3565 0.3088888888888889 0.3585 0.3244444444444444 0.3555 0.3333333333333333 0.35 0.33444444444444443 0.3375 0.33111111111111113 0.334 0.3233333333333333 0.3305
0 0.36 0.323 0.3377777777777778 0.3335 0.33555555555555555 0.3365 0.33555555555555555 0.3455 0.3388888888888889 0.3495 0.35888888888888887 0.3565 0.3711111111111111 0.3585 0.38333333333333336 0.359 0.4011111111111111 0.356 0.4111111111111111 0.3515 0.4111111111111111 0.345 0.40444444444444444 0.333 0.3888888888888889 0.323
0 0.5011111111111111 0.3565 0.48777777777777775 0.3495 0.4766666666666667 0.3475 0.4688888888888889 0.3475 0.43555555555555553 0.351 0.4111111111111111 0.36 0.4111111111111111 0.364 0.4266666666666667 0.3705 0.44666666666666666 0.375 0.45666666666666667 0.376 0.47444444444444445 0.3755 0.48777777777777775 0.373 0.5011111111111111 0.3685
0 0.4211111111111111 0.3115 0.4077777777777778 0.3205 0.40555555555555556 0.327 0.4066666666666667 0.3345 0.41444444444444445 0.344 0.4388888888888889 0.3505 0.45555555555555555 0.3495 0.4711111111111111 0.3465 0.48 0.342 0.4822222222222222 0.336 0.4677777777777778 0.321 0.4588888888888889 0.3165 0.43222222222222223 0.3115
0 0.43 0.2845 0.4222222222222222 0.29 0.4211111111111111 0.299 0.4266666666666667 0.304 0.43555555555555553 0.308 0.44555555555555554 0.3095 0.4577777777777778 0.309 0.47 0.307 0.47888888888888886 0.3035 0.4822222222222222 0.2995 0.4822222222222222 0.2905 0.4722222222222222 0.283 0.4444444444444444 0.282
0 0.5066666666666667 0.2695 0.5 0.274 0.48777777777777775 0.279 0.4888888888888889 0.2885 0.49444444444444446 0.2935 0.5144444444444445 0.303 0.5344444444444445 0.3075 0.5544444444444444 0.305 0.5644444444444444 0.3075 0.57 0.3105 0.5722222222222222 0.308 0.57 0.2985 0.5733333333333334 0.295 0.5733333333333334 0.291 0.5544444444444444 0.2745 0.5455555555555556 0.2705 0.5355555555555556 0.268 0.5155555555555555 0.2675
0 0.5855555555555556 0.255 0.5722222222222222 0.261 0.5644444444444444 0.2685 0.5633333333333334 0.278 0.5688888888888889 0.286 0.5755555555555556 0.2895 0.5988888888888889 0.2915 0.6288888888888889 0.289 0.64 0.2835 0.6433333333333333 0.277 0.6355555555555555 0.265 0.6177777777777778 0.2575 0.6033333333333334 0.2545 0.59 0.254
0 0.6222222222222222 0.228 0.6077777777777778 0.2345 0.6055555555555555 0.2385 0.6077777777777778 0.2455 0.6166666666666667 0.255 0.6311111111111111 0.2615 0.6422222222222222 0.2625 0.6488888888888888 0.2615 0.6644444444444444 0.256 0.6733333333333333 0.245 0.6733333333333333 0.237 0.6655555555555556 0.2315 0.6555555555555556 0.2285 0.6466666666666666 0.2275
0 0.7311111111111112 0.2175 0.6944444444444444 0.215 0.6722222222222223 0.2165 0.6622222222222223 0.2215 0.6622222222222223 0.229 0.6755555555555556 0.2375 0.69 0.2395 0.7022222222222222 0.238 0.7133333333333334 0.235 0.7266666666666667 0.228 0.7344444444444445 0.2215
0 0.7822222222222223 0.191 0.7644444444444445 0.194 0.7566666666666667 0.197 0.7555555555555555 0.2055 0.76 0.214 0.7688888888888888 0.2205 0.78 0.225 0.79 0.225 0.8 0.223 0.8133333333333334 0.218 0.8222222222222222 0.208 0.8233333333333334 0.204 0.8222222222222222 0.1995 0.8133333333333334 0.1945 0.7955555555555556 0.191
0 0.7455555555555555 0.235 0.73 0.234 0.72 0.2355 0.7022222222222222 0.2425 0.6977777777777778 0.2465 0.6966666666666667 0.254 0.6988888888888889 0.258 0.7088888888888889 0.2635 0.7166666666666667 0.2655 0.7444444444444445 0.265 0.7611111111111111 0.2615 0.7711111111111111 0.256 0.7711111111111111 0.2505 0.7655555555555555 0.2435 0.7533333333333333 0.237
0 0.8466666666666667 0.224 0.8322222222222222 0.227 0.8177777777777778 0.2325 0.8111111111111111 0.2385 0.8122222222222222 0.2435 0.8177777777777778 0.2475 0.8355555555555556 0.2545 0.8655555555555555 0.26 0.8744444444444445 0.2605 0.8877777777777778 0.251 0.8888888888888888 0.2475 0.8855555555555555 0.241 0.87 0.2285 0.8588888888888889 0.224
0 0.7211111111111111 0.2665 0.7044444444444444 0.273 0.7 0.279 0.7088888888888889 0.29 0.7188888888888889 0.2935 0.7455555555555555 0.298 0.7633333333333333 0.297 0.77 0.2925 0.77 0.285 0.7611111111111111 0.2735 0.7433333333333333 0.266
0 0.6455555555555555 0.276 0.6411111111111111 0.2815 0.6411111111111111 0.2915 0.6466666666666666 0.2965 0.6544444444444445 0.2985 0.6666666666666666 0.2995 0.6933333333333334 0.299 0.7044444444444444 0.297 0.7077777777777777 0.2925 0.7066666666666667 0.287 0.6933333333333334 0.2775 0.6744444444444444 0.2705 0.6644444444444444 0.2705
0 0.7244444444444444 0.3005 0.7155555555555555 0.299 0.6766666666666666 0.2995 0.6688888888888889 0.3005 0.6622222222222223 0.303 0.6588888888888889 0.3055 0.6577777777777778 0.311 0.6677777777777778 0.322 0.6822222222222222 0.326 0.6966666666666667 0.3255 0.7111111111111111 0.322 0.7155555555555555 0.32 0.7233333333333334 0.3125 0.7288888888888889 0.3035
0 0.6277777777777778 0.29 0.6144444444444445 0.2905 0.6033333333333334 0.2925 0.5911111111111111 0.299 0.5844444444444444 0.306 0.5844444444444444 0.3115 0.5922222222222222 0.3185 0.6222222222222222 0.3215 0.6444444444444445 0.3185 0.6544444444444445 0.314 0.6566666666666666 0.312 0.6555555555555556 0.3025 0.6433333333333333 0.295
0 0.48333333333333334 0.3055 0.4722222222222222 0.313 0.4688888888888889 0.3205 0.47333333333333333 0.3265 0.48444444444444446 0.3345 0.51 0.3355 0.5311111111111111 0.333 0.5566666666666666 0.3195 0.5566666666666666 0.318 0.5322222222222223 0.307 0.5211111111111111 0.3045 0.5088888888888888 0.303 0.4955555555555556 0.303
0 0.5255555555555556 0.3345 0.5144444444444445 0.3365 0.5077777777777778 0.339 0.5011111111111111 0.3475 0.5011111111111111 0.354 0.5044444444444445 0.361 0.51 0.3645 0.5155555555555555 0.3655 0.5444444444444444 0.367 0.57 0.3575 0.57 0.3525 0.5422222222222223 0.3365
0 0.5611111111111111 0.3225 0.5555555555555556 0.326 0.5544444444444444 0.3415 0.5577777777777778 0.3445 0.5666666666666667 0.348 0.5855555555555556 0.351 0.5977777777777777 0.3515 0.6088888888888889 0.3495 0.6277777777777778 0.342 0.6277777777777778 0.338 0.6188888888888889 0.3275 0.6066666666666667 0.3215 0.5988888888888889 0.32 0.5855555555555556 0.3195
0 0.6366666666666667 0.3195 0.6244444444444445 0.322 0.6222222222222222 0.3255 0.6222222222222222 0.3305 0.6288888888888889 0.34 0.6277777777777778 0.3485 0.6377777777777778 0.354 0.6566666666666666 0.3545 0.67 0.3515 0.6855555555555556 0.344 0.6922222222222222 0.339 0.6911111111111111 0.334 0.6844444444444444 0.328 0.6644444444444444 0.3215 0.65 0.3195
0 0.7166666666666667 0.3245 0.7144444444444444 0.327 0.7077777777777777 0.3295 0.7011111111111111 0.3375 0.7 0.3465 0.7055555555555556 0.3545 0.7111111111111111 0.358 0.7255555555555555 0.362 0.7366666666666667 0.3625 0.7557777777777779 0.36195 0.7653333333333333 0.35660000000000003 0.7636666666666666 0.34614999999999996 0.7508888888888888 0.33425 0.7316666666666667 0.324
0 0.7588888888888888 0.2985 0.7422222222222222 0.301 0.7288888888888889 0.306 0.7266666666666667 0.3155 0.7322222222222222 0.3205 0.7422222222222222 0.3255 0.7522222222222222 0.328 0.7633333333333333 0.3285 0.7788888888888889 0.3265 0.7888888888888889 0.322 0.7911111111111111 0.3175 0.7855555555555556 0.306 0.7722222222222223 0.3
0 0.8455555555555555 0.2785 0.8311111111111111 0.2755 0.8166666666666667 0.2755 0.7888888888888889 0.279 0.7755555555555556 0.283 0.7711111111111111 0.287 0.7722222222222223 0.2915 0.7833333333333333 0.3015 0.7944444444444444 0.3085 0.8022222222222222 0.31 0.8222222222222222 0.3095 0.84 0.303 0.8522222222222222 0.2935 0.8566666666666667 0.2835
0 0.8877777777777778 0.264 0.8755555555555555 0.2705 0.8722222222222222 0.275 0.8722222222222222 0.2795 0.8788888888888889 0.285 0.8888888888888888 0.289 0.9055555555555556 0.293 0.9144444444444444 0.294 0.9411111111111111 0.2935 0.95 0.2865 0.9488888888888889 0.275 0.9411111111111111 0.267 0.9311111111111111 0.263 0.9177777777777778 0.26 0.9 0.2605
0 0.8655555555555555 0.2945 0.8588888888888889 0.2975 0.8544444444444445 0.3025 0.8555555555555555 0.3085 0.8611111111111112 0.3135 0.8833333333333333 0.327 0.9022222222222223 0.3265 0.9177777777777778 0.319 0.9222222222222223 0.315 0.9266666666666666 0.3025 0.9166666666666666 0.2975 0.8966666666666666 0.2935 0.8733333333333333 0.2935
0 0.8211111111111111 0.3125 0.81 0.324 0.8122222222222222 0.3355 0.8211111111111111 0.3445 0.8277777777777777 0.348 0.8388888888888889 0.351 0.8588888888888889 0.351 0.8811111111111111 0.346 0.8877777777777778 0.3415 0.8877777777777778 0.3335 0.8822222222222222 0.3285 0.8711111111111111 0.324 0.8622222222222222 0.318 0.8311111111111111 0.3125
0 0.9222222222222223 0.3255 0.9133333333333333 0.3285 0.8988888888888888 0.339 0.8944444444444445 0.3465 0.9 0.352 0.9088888888888889 0.3545 0.9244444444444444 0.356 0.9377777777777778 0.3555 0.9477777777777778 0.354 0.9555555555555556 0.35 0.9566666666666667 0.343 0.9544444444444444 0.3365 0.9433333333333334 0.326
0 0.8188888888888889 0.348 0.7944444444444444 0.349 0.7777777777777778 0.3535 0.7733333333333333 0.3565 0.7744444444444445 0.366 0.7911111111111111 0.3735 0.8011111111111111 0.3745 0.8188888888888889 0.3735 0.8311111111111111 0.369 0.8355555555555556 0.3635 0.84 0.3615 0.84 0.357 0.8344444444444444 0.3525
0 0.7422222222222222 0.3635 0.7344444444444445 0.3655 0.7277777777777777 0.3695 0.7255555555555555 0.3735 0.7266666666666667 0.3845 0.7344444444444445 0.3885 0.7422222222222222 0.39 0.7633333333333333 0.389 0.77 0.3875 0.7788888888888889 0.383 0.7866666666666666 0.3815 0.7866666666666666 0.373 0.7666666666666667 0.365
0 0.6622222222222223 0.3535 0.6555555555555556 0.357 0.6511111111111111 0.3645 0.65 0.375 0.6566666666666666 0.3805 0.6733333333333333 0.3845 0.6955555555555556 0.385 0.7033333333333334 0.384 0.7177777777777777 0.3795 0.7211111111111111 0.3775 0.7211111111111111 0.3705 0.7155555555555555 0.362 0.7044444444444444 0.3575 0.6866666666666666 0.353 0.6733333333333333 0.3515
0 0.6122222222222222 0.349 0.6044444444444445 0.3515 0.5922222222222222 0.353 0.5866666666666667 0.3555 0.5844444444444444 0.3635 0.5855555555555556 0.373 0.59 0.377 0.6022222222222222 0.3815 0.6122222222222222 0.3825 0.6322222222222222 0.382 0.6388888888888888 0.381 0.6477777777777778 0.377 0.6477777777777778 0.365 0.6388888888888888 0.3565 0.6222222222222222 0.35
0 0.64 0.387 0.6288888888888889 0.3865 0.6033333333333334 0.3885 0.5922222222222222 0.3915 0.5833333333333334 0.396 0.5811111111111111 0.406 0.5855555555555556 0.4125 0.6055555555555555 0.4215 0.6177777777777778 0.422 0.6311111111111111 0.42 0.6411111111111111 0.415 0.6544444444444445 0.404 0.6611111111111111 0.396 0.6477777777777778 0.389
0 0.5022222222222222 0.369 0.49444444444444446 0.373 0.49444444444444446 0.381 0.49777777777777776 0.384 0.5166666666666667 0.3925 0.5366666666666666 0.3965 0.5444444444444444 0.3965 0.5611111111111111 0.3915 0.5655555555555556 0.3835 0.5611111111111111 0.374 0.5522222222222222 0.369 0.5155555555555555 0.3665
0 0.4988888888888889 0.395 0.4866666666666667 0.4 0.48444444444444446 0.4125 0.49444444444444446 0.42 0.5033333333333333 0.424 0.5188888888888888 0.425 0.5277777777777778 0.4235 0.54 0.42 0.5522222222222222 0.4145 0.5566666666666666 0.409 0.5555555555555556 0.4045 0.5455555555555556 0.399 0.5366666666666666 0.3965 0.5188888888888888 0.3945
0 0.5522222222222222 0.417 0.5344444444444445 0.421 0.5211111111111111 0.4265 0.5188888888888888 0.4335 0.5233333333333333 0.4405 0.5344444444444445 0.4475 0.5477777777777778 0.4495 0.5611111111111111 0.4495 0.5844444444444444 0.4435 0.5888888888888889 0.44 0.59 0.4305 0.5755555555555556 0.4195 0.5655555555555556 0.4175
0 0.6044444444444445 0.426 0.5988888888888889 0.4275 0.5911111111111111 0.433 0.59 0.447 0.5977777777777777 0.455 0.61 0.4605 0.6233333333333333 0.462 0.6366666666666667 0.46 0.6511111111111111 0.456 0.6611111111111111 0.448 0.6633333333333333 0.4435 0.6622222222222223 0.44 0.6466666666666666 0.4305 0.6311111111111111 0.427
0 0.66 0.4025 0.6433333333333333 0.415 0.65 0.4305 0.6666666666666666 0.4395 0.68 0.441 0.7 0.44 0.7166666666666667 0.432 0.7166666666666667 0.42 0.7111111111111111 0.415 0.7 0.4095 0.6844444444444444 0.407 0.6744444444444444 0.403
0 0.7255555555555555 0.4125 0.7222222222222222 0.4165 0.72 0.429 0.7266666666666667 0.437 0.7333333333333333 0.44 0.7511111111111111 0.443 0.77 0.443 0.7911111111111111 0.44 0.8111111111111111 0.434 0.8144444444444444 0.4295 0.8122222222222222 0.4225 0.7988888888888889 0.4175 0.7888888888888889 0.4115 0.7677777777777778 0.4075 0.7433333333333333 0.407
0 0.8044444444444444 0.389 0.7966666666666666 0.391 0.7944444444444444 0.3935 0.7955555555555556 0.402 0.81 0.41 0.82 0.418 0.8311111111111111 0.4205 0.8377777777777777 0.4165 0.8511111111111112 0.412 0.8555555555555555 0.401 0.8544444444444445 0.3965 0.8455555555555555 0.392 0.8311111111111111 0.3885
0 0.8955555555555555 0.3935 0.8822222222222222 0.394 0.86 0.4 0.8588888888888889 0.4045 0.8522222222222222 0.4125 0.8444444444444444 0.416 0.85 0.4205 0.8644444444444445 0.424 0.8866666666666667 0.4245 0.9033333333333333 0.4215 0.9088888888888889 0.419 0.9133333333333333 0.4135 0.9122222222222223 0.407 0.9011111111111111 0.396
0 0.8166666666666667 0.4315 0.8122222222222222 0.4345 0.8088888888888889 0.4405 0.8088888888888889 0.448 0.8122222222222222 0.4515 0.8211111111111111 0.456 0.8355555555555556 0.459 0.8522222222222222 0.4595 0.8722222222222222 0.4575 0.8833333333333333 0.4545 0.8855555555555555 0.452 0.8833333333333333 0.4425 0.8777777777777778 0.437 0.8633333333333333 0.431 0.8488888888888889 0.4275 0.8388888888888889 0.427 0.83 0.428
0 0.8 0.4785 0.8011111111111111 0.494 0.81 0.502 0.8188888888888889 0.5065 0.8322222222222222 0.509 0.8411111111111111 0.509 0.8555555555555555 0.506 0.8655555555555555 0.502 0.8711111111111111 0.4945 0.8711111111111111 0.49 0.86 0.4825 0.8411111111111111 0.478 0.8144444444444444 0.476
0 0.7533333333333333 0.469 0.7455555555555555 0.4695 0.7388888888888889 0.4735 0.7344444444444445 0.474 0.7133333333333334 0.4825 0.71 0.4915 0.7122222222222222 0.495 0.7177777777777777 0.498 0.7255555555555555 0.4995 0.7355555555555555 0.50125 0.7433333333333333 0.501 0.77 0.498 0.7788888888888889 0.492 0.7788888888888889 0.4815 0.7644444444444445 0.4755 0.7588888888888888 0.471
0 0.6688888888888889 0.4415 0.6666666666666666 0.4425 0.6666666666666666 0.447 0.66 0.452 0.66 0.4615 0.6733333333333333 0.4765 0.6811111111111111 0.48 0.6966666666666667 0.4825 0.7122222222222222 0.4815 0.7211111111111111 0.4795 0.73 0.474 0.7322222222222222 0.466 0.7288888888888889 0.4595 0.72 0.451 0.7011111111111111 0.445 0.6833333333333333 0.443 0.6755555555555556 0.441
0 0.65 0.457 0.6466666666666666 0.457 0.64 0.46 0.6288888888888889 0.4615 0.6177777777777778 0.465 0.6088888888888889 0.4725 0.6066666666666667 0.477 0.6122222222222222 0.484 0.6211111111111111 0.489 0.6411111111111111 0.492 0.6511111111111111 0.492 0.66 0.4905 0.6666666666666666 0.487 0.6722222222222223 0.4795 0.6622222222222223 0.464
0 0.5933333333333334 0.4895 0.5833333333333334 0.4945 0.5777777777777777 0.501 0.5788888888888889 0.506 0.5855555555555556 0.51 0.6033333333333334 0.5155 0.6222222222222222 0.516 0.6311111111111111 0.515 0.6488888888888888 0.5085 0.65 0.504 0.6477777777777778 0.5005 0.63 0.492 0.6211111111111111 0.4895 0.6088888888888889 0.488
0 0.6044444444444445 0.518 0.5822222222222222 0.5185 0.5644444444444444 0.521 0.5544444444444444 0.5255 0.5455555555555556 0.533 0.5455555555555556 0.5385 0.5511111111111111 0.545 0.57 0.553 0.5866666666666667 0.556 0.5977777777777777 0.5555 0.6044444444444445 0.554 0.6222222222222222 0.5455 0.6233333333333333 0.5315 0.6133333333333333 0.525 0.6122222222222222 0.521
0 0.5611111111111111 0.494 0.5311111111111111 0.4925 0.4988888888888889 0.497 0.4888888888888889 0.501 0.4866666666666667 0.508 0.49 0.513 0.5077777777777778 0.524 0.5155555555555555 0.526 0.5277777777777778 0.5255 0.5466666666666666 0.5195 0.5588888888888889 0.5125 0.5666666666666667 0.502 0.5655555555555556 0.497
0 0.47333333333333333 0.453 0.46 0.4585 0.45222222222222225 0.4655 0.45555555555555555 0.4745 0.4622222222222222 0.478 0.48444444444444446 0.4845 0.5188888888888888 0.486 0.53 0.4695 0.53 0.4665 0.5266666666666666 0.4635 0.5088888888888888 0.4545 0.4988888888888889 0.4515 0.4888888888888889 0.4505
0 0.40555555555555556 0.426 0.4 0.4275 0.3933333333333333 0.4325 0.39666666666666667 0.4485 0.40555555555555556 0.4535 0.42 0.4565 0.4311111111111111 0.457 0.4588888888888889 0.4475 0.46 0.443 0.45555555555555555 0.439 0.43333333333333335 0.4305 0.41444444444444445 0.4255
0 0.3433333333333333 0.4185 0.33666666666666667 0.421 0.32666666666666666 0.4305 0.3333333333333333 0.447 0.3377777777777778 0.4505 0.35 0.4535 0.3711111111111111 0.4545 0.38666666666666666 0.4505 0.3933333333333333 0.447 0.39444444444444443 0.4385 0.39111111111111113 0.4325 0.38333333333333336 0.425 0.37666666666666665 0.422 0.35333333333333333 0.4185
0 0.44555555555555554 0.41 0.4288888888888889 0.4155 0.42777777777777776 0.422 0.43 0.4255 0.43777777777777777 0.431 0.46111111111111114 0.441 0.47444444444444445 0.4415 0.4822222222222222 0.439 0.4911111111111111 0.4305 0.49333333333333335 0.4225 0.4855555555555556 0.4145 0.4766666666666667 0.4105 0.46555555555555556 0.4085
0 0.42777777777777776 0.3745 0.42333333333333334 0.3765 0.4177777777777778 0.389 0.41888888888888887 0.3925 0.42444444444444446 0.3955 0.43 0.403 0.4477777777777778 0.4085 0.4588888888888889 0.408 0.47555555555555556 0.405 0.4855555555555556 0.4005 0.4888888888888889 0.3965 0.48777777777777775 0.388 0.4811111111111111 0.3845 0.46 0.3775 0.43777777777777777 0.3745
0 0.36 0.3665 0.3522222222222222 0.3685 0.3377777777777778 0.3765 0.33555555555555555 0.381 0.3411111111111111 0.3835 0.34555555555555556 0.389 0.35555555555555557 0.3925 0.37555555555555553 0.3965 0.39111111111111113 0.3965 0.4066666666666667 0.393 0.41555555555555557 0.3885 0.41888888888888887 0.3825 0.41888888888888887 0.372 0.4166666666666667 0.37 0.4077777777777778 0.3665 0.3988888888888889 0.365 0.37777777777777777 0.3645
0 0.2733333333333333 0.373 0.26 0.3805 0.2588888888888889 0.3855 0.2644444444444444 0.3925 0.28 0.4 0.2922222222222222 0.4035 0.33 0.4045 0.33444444444444443 0.402 0.33666666666666667 0.3885 0.32222222222222224 0.374 0.3111111111111111 0.37 0.3011111111111111 0.3685 0.28888888888888886 0.369
0 0.21333333333333335 0.373 0.19 0.3765 0.18444444444444444 0.379 0.17666666666666667 0.388 0.17666666666666667 0.396 0.1811111111111111 0.4025 0.18555555555555556 0.4045 0.20222222222222222 0.408 0.21222222222222223 0.4075 0.23333333333333334 0.4035 0.24 0.3975 0.23777777777777778 0.384 0.2311111111111111 0.3785
0 0.06777777777777778 0.3585 0.06222222222222222 0.3655 0.06222222222222222 0.3705 0.06777777777777778 0.376 0.09 0.3835 0.10777777777777778 0.385 0.1288888888888889 0.385 0.14222222222222222 0.383 0.14666666666666667 0.381 0.13666666666666666 0.3705 0.12111111111111111 0.3615 0.11888888888888889 0.3585 0.10666666666666667 0.3535 0.09111111111111111 0.352 0.08 0.354
0 0.022222222222222223 0.346 0.016666666666666666 0.35 0.016666666666666666 0.353 0.0044444444444444444 0.357 0.0 0.357 0.0 0.378 0.017777777777777778 0.382 0.03222222222222222 0.382 0.042222222222222223 0.3805 0.05555555555555555 0.3755 0.06 0.3695 0.06111111111111111 0.359 0.04777777777777778 0.347 0.04111111111111111 0.346
0 0.0 0.379 0.0 0.411 0.0044444444444444444 0.411 0.02 0.4025 0.023333333333333334 0.3975 0.023333333333333334 0.3925 0.015555555555555555 0.383 0.0044444444444444444 0.379
0 0.03666666666666667 0.383 0.02666666666666667 0.39 0.025555555555555557 0.398 0.03777777777777778 0.4085 0.06222222222222222 0.414 0.07555555555555556 0.4135 0.10333333333333333 0.4085 0.10555555555555556 0.403 0.10222222222222223 0.392 0.09444444444444444 0.3855 0.08777777777777777 0.3825 0.07222222222222222 0.3785 0.05444444444444444 0.3775
0 0.12 0.3875 0.11 0.392 0.10555555555555556 0.396 0.10555555555555556 0.4005 0.11 0.406 0.12333333333333334 0.412 0.1511111111111111 0.4175 0.16111111111111112 0.4175 0.16777777777777778 0.416 0.18 0.4045 0.17333333333333334 0.389 0.16666666666666666 0.386 0.15333333333333332 0.383
0 0.2688888888888889 0.4115 0.26666666666666666 0.4145 0.26666666666666666 0.425 0.27 0.432 0.28 0.4365 0.28888888888888886 0.438 0.3011111111111111 0.438 0.31333333333333335 0.436 0.3211111111111111 0.4315 0.3288888888888889 0.423 0.33 0.4195 0.32666666666666666 0.416 0.3188888888888889 0.413 0.29777777777777775 0.409 0.2822222222222222 0.4085
0 0.23777777777777778 0.403 0.1988888888888889 0.41 0.19333333333333333 0.4155 0.19555555555555557 0.4225 0.20555555555555555 0.4305 0.21888888888888888 0.4375 0.2477777777777778 0.442 0.25666666666666665 0.438 0.26555555555555554 0.4305 0.26555555555555554 0.4135 0.25555555555555554 0.4065 0.2477777777777778 0.404
0 0.15555555555555556 0.42 0.14555555555555555 0.4315 0.14555555555555555 0.4395 0.15777777777777777 0.441 0.1811111111111111 0.4415 0.20444444444444446 0.4375 0.20555555555555555 0.431 0.19 0.4185 0.18 0.4165 0.16666666666666666 0.4165
0 0.06333333333333334 0.416 0.06333333333333334 0.4215 0.07111111111111111 0.4335 0.07888888888888888 0.4365 0.11666666666666667 0.441 0.12555555555555556 0.4405 0.13666666666666666 0.4375 0.14222222222222222 0.432 0.14555555555555555 0.4245 0.14222222222222222 0.419 0.13666666666666666 0.416 0.10777777777777778 0.4105 0.09111111111111111 0.4105 0.06666666666666667 0.4145
0 0.0 0.4445 0.0 0.4765 0.011111111111111112 0.4755 0.03 0.4665 0.03333333333333333 0.4635 0.03333333333333333 0.457 0.027777777777777776 0.4495 0.023333333333333334 0.447
0 0.06444444444444444 0.437 0.035555555555555556 0.4475 0.03333333333333333 0.45 0.034444444444444444 0.456 0.05 0.463 0.08222222222222222 0.4705 0.09222222222222222 0.471 0.10222222222222223 0.4675 0.10111111111111111 0.45 0.09777777777777778 0.4445 0.08333333333333333 0.438
0 0.12111111111111111 0.4425 0.10333333333333333 0.451 0.10111111111111111 0.4545 0.10333333333333333 0.465 0.12444444444444444 0.473 0.15 0.474 0.15888888888888889 0.4765 0.17 0.477 0.17666666666666667 0.476 0.18333333333333332 0.471 0.18444444444444444 0.463 0.17 0.45 0.15444444444444444 0.442 0.14666666666666667 0.44 0.1322222222222222 0.44
0 0.18333333333333332 0.4415 0.17333333333333334 0.447 0.17222222222222222 0.4525 0.19 0.4645 0.20555555555555555 0.4685 0.21777777777777776 0.4685 0.23222222222222222 0.4655 0.24222222222222223 0.459 0.24333333333333335 0.45 0.2411111111111111 0.4465 0.22777777777777777 0.4405 0.21444444444444444 0.438 0.20333333333333334 0.4385
0 0.24555555555555555 0.4465 0.24555555555555555 0.4605 0.25222222222222224 0.467 0.2677777777777778 0.4695 0.2822222222222222 0.4695 0.29777777777777775 0.467 0.3088888888888889 0.4635 0.31222222222222223 0.4585 0.3111111111111111 0.451 0.3011111111111111 0.446 0.2922222222222222 0.4435 0.2788888888888889 0.442 0.25555555555555554 0.4415
0 0.20333333333333334 0.4695 0.19333333333333333 0.474 0.1922222222222222 0.4795 0.19444444444444445 0.483 0.2222222222222222 0.4935 0.23 0.4945 0.24 0.494 0.24888888888888888 0.4915 0.2544444444444444 0.488 0.25666666666666665 0.4835 0.25666666666666665 0.4735 0.25333333333333335 0.47 0.24888888888888888 0.468 0.23777777777777778 0.4675
0 0.32555555555555554 0.4505 0.31555555555555553 0.4565 0.31222222222222223 0.4605 0.31444444444444447 0.4715 0.3233333333333333 0.4765 0.33 0.478 0.34444444444444444 0.479 0.35333333333333333 0.4775 0.36777777777777776 0.4715 0.36444444444444446 0.4585 0.36 0.455 0.3411111111111111 0.452 0.33555555555555555 0.45
0 0.37555555555555553 0.4535 0.36777777777777776 0.458 0.36777777777777776 0.469 0.37777777777777777 0.4785 0.39222222222222225 0.4815 0.4066666666666667 0.4815 0.41888888888888887 0.4795 0.43222222222222223 0.473 0.4388888888888889 0.4645 0.43666666666666665 0.459 0.43222222222222223 0.4575 0.41888888888888887 0.4565 0.39666666666666667 0.451 0.38666666666666666 0.451
0 0.43 0.4765 0.41888888888888887 0.4815 0.41555555555555557 0.487 0.4166666666666667 0.4945 0.4266666666666667 0.502 0.44666666666666666 0.506 0.4577777777777778 0.5055 0.4722222222222222 0.5025 0.4822222222222222 0.497 0.4822222222222222 0.489 0.4777777777777778 0.4835 0.45666666666666667 0.477
0 0.2922222222222222 0.471 0.2811111111111111 0.4705 0.2677777777777778 0.4715 0.26 0.4755 0.25666666666666665 0.4915 0.26555555555555554 0.5 0.2733333333333333 0.5015 0.28555555555555556 0.5015 0.30333333333333334 0.498 0.30777777777777776 0.495 0.30966666666666665 0.49069999999999997 0.31233333333333335 0.48819999999999997 0.31555555555555553 0.486 0.3211111111111111 0.483 0.31333333333333335 0.4775
0 0.3211111111111111 0.485 0.3111111111111111 0.4905 0.30777777777777776 0.4985 0.31 0.5145 0.3211111111111111 0.5195 0.3411111111111111 0.52 0.35555555555555557 0.519 0.37555555555555553 0.51 0.37777777777777777 0.5065 0.37555555555555553 0.4995 0.36444444444444446 0.494 0.3611111111111111 0.488 0.35444444444444445 0.4855
0 0.2411111111111111 0.5045 0.23555555555555555 0.5095 0.23555555555555555 0.514 0.24 0.5225 0.25 0.528 0.26222222222222225 0.5305 0.27666666666666667 0.5305 0.2911111111111111 0.529 0.3022222222222222 0.5225 0.3022222222222222 0.5135 0.29555555555555557 0.5085 0.2833333333333333 0.503 0.25 0.502
0 0.16111111111111112 0.478 0.15888888888888889 0.4855 0.14888888888888888 0.493 0.14888888888888888 0.498 0.16777777777777778 0.509 0.18 0.5105 0.20444444444444446 0.5045 0.21666666666666667 0.4985 0.21888888888888888 0.4935 0.2011111111111111 0.4875 0.19 0.482 0.17888888888888888 0.479
0 0.16444444444444445 0.5175 0.16 0.521 0.16 0.5255 0.18777777777777777 0.535 0.2222222222222222 0.537 0.23555555555555555 0.532 0.23666666666666666 0.522 0.23222222222222222 0.513 0.22444444444444445 0.509 0.21333333333333335 0.5065 0.20333333333333334 0.5065 0.18777777777777777 0.509
0 0.10222222222222223 0.5035 0.09888888888888889 0.508 0.09888888888888889 0.5155 0.11444444444444445 0.523 0.1322222222222222 0.526 0.15555555555555556 0.526 0.16 0.524 0.16555555555555557 0.517 0.16666666666666666 0.5105 0.16111111111111112 0.505 0.1511111111111111 0.5 0.13111111111111112 0.4985 0.11 0.5005
0 0.15444444444444444 0.475 0.14333333333333334 0.4735 0.11666666666666667 0.4735 0.09444444444444444 0.477 0.08333333333333333 0.482 0.08555555555555555 0.486 0.09666666666666666 0.494 0.10777777777777778 0.499 0.12777777777777777 0.499 0.1388888888888889 0.494 0.14666666666666667 0.4925 0.15777777777777777 0.487 0.15888888888888889 0.4775
0 0.056666666666666664 0.465 0.04666666666666667 0.4645 0.03222222222222222 0.466 0.013333333333333334 0.4745 0.006666666666666667 0.4825 0.021111111111111112 0.4935 0.028888888888888888 0.4965 0.04777777777777778 0.4945 0.05333333333333334 0.492 0.06222222222222222 0.4905 0.07888888888888888 0.4825 0.08 0.4785 0.07666666666666666 0.4755 0.07255555555555555 0.47095 0.06444444444444444 0.467
0 0.0 0.48314999999999997 0.00044444444444444447 0.5053 0.005888888888888889 0.50245 0.00977777777777778 0.49845 0.010222222222222221 0.49205 0.005555555555555556 0.487 0.0018888888888888887 0.4838
0 0.06333333333333334 0.492 0.03888888888888889 0.497 0.03111111111111111 0.4975 0.016666666666666666 0.5055 0.03 0.5205 0.05 0.5255 0.07 0.526 0.08333333333333333 0.5235 0.09 0.5205 0.09666666666666666 0.5145 0.09666666666666666 0.5005 0.08333333333333333 0.494
0 0.0 0.614 0.0 0.641 0.0044444444444444444 0.641 0.012222222222222223 0.63 0.012222222222222223 0.6205 0.005555555555555556 0.6145
0 0.0 0.577 0.0 0.6065 0.024444444444444446 0.6065 0.028888888888888888 0.605 0.03 0.602 0.01888888888888889 0.5845 0.0044444444444444444 0.577
0 0.03222222222222222 0.523 0.014444444444444444 0.524 0.0033333333333333335 0.5285 0.0 0.5285 0.0 0.5565 0.014444444444444444 0.56 0.03 0.56 0.051111111111111114 0.557 0.06 0.5525 0.06333333333333334 0.547 0.06333333333333334 0.5395 0.057777777777777775 0.5325 0.043333333333333335 0.525
0 0.0811111111111111 0.5325 0.07222222222222222 0.537 0.06222222222222222 0.552 0.06444444444444444 0.561 0.07111111111111111 0.565 0.08222222222222222 0.5685 0.10888888888888888 0.569 0.13555555555555557 0.5615 0.1388888888888889 0.557 0.1388888888888889 0.552 0.1322222222222222 0.547 0.12333333333333334 0.5435 0.11444444444444445 0.5355 0.10222222222222223 0.5325
0 0.1288888888888889 0.5275 0.12333333333333334 0.53 0.12111111111111111 0.538 0.12777777777777777 0.545 0.14666666666666667 0.553 0.16 0.557 0.17444444444444446 0.557 0.18 0.5525 0.1811111111111111 0.549 0.19 0.5455 0.18555555555555556 0.5355 0.17 0.529 0.1622222222222222 0.5275
0 0.20333333333333334 0.5415 0.18666666666666668 0.547 0.17555555555555555 0.5565 0.17888888888888888 0.561 0.19444444444444445 0.572 0.2111111111111111 0.579 0.21888888888888888 0.5805 0.23777777777777778 0.579 0.2577777777777778 0.572 0.2577777777777778 0.5635 0.24666666666666667 0.55 0.2311111111111111 0.543 0.21555555555555556 0.541
0 0.3422222222222222 0.5905 0.3322222222222222 0.5945 0.33 0.5975 0.33 0.6055 0.33444444444444443 0.611 0.3411111111111111 0.6135 0.3566666666666667 0.6165 0.3688888888888889 0.6175 0.37444444444444447 0.6165 0.38555555555555554 0.6115 0.39111111111111113 0.6025 0.3877777777777778 0.5975 0.37444444444444447 0.5935 0.3655555555555556 0.593 0.35333333333333333 0.5905
0 0.29777777777777775 0.5645 0.2811111111111111 0.5665 0.2688888888888889 0.5695 0.26222222222222225 0.573 0.2611111111111111 0.5805 0.2833333333333333 0.5855 0.2866666666666667 0.588 0.29333333333333333 0.6005 0.3011111111111111 0.603 0.3111111111111111 0.6035 0.32 0.6 0.33 0.5925 0.33111111111111113 0.5835 0.3211111111111111 0.569 0.31 0.5645
0 0.26222222222222225 0.5375 0.25333333333333335 0.542 0.24888888888888888 0.547 0.25 0.554 0.2577777777777778 0.5605 0.2677777777777778 0.5635 0.2788888888888889 0.565 0.29 0.565 0.31 0.5625 0.31666666666666665 0.557 0.31666666666666665 0.5515 0.31222222222222223 0.545 0.29555555555555557 0.538 0.2877777777777778 0.5365 0.2733333333333333 0.5355
0 0.3111111111111111 0.522 0.30444444444444446 0.525 0.2992222222222222 0.5267000000000001 0.29777777777777775 0.529 0.29777777777777775 0.5355 0.30444444444444446 0.541 0.31666666666666665 0.545 0.3422222222222222 0.55 0.36444444444444446 0.5485 0.37444444444444447 0.542 0.37555555555555553 0.538 0.37444444444444447 0.528 0.37 0.523 0.3622222222222222 0.52 0.3211111111111111 0.5205
0 0.4222222222222222 0.5235 0.41333333333333333 0.5225 0.39444444444444443 0.5235 0.38333333333333336 0.526 0.37777777777777777 0.529 0.37555555555555553 0.5375 0.3788888888888889 0.5495 0.38222222222222224 0.552 0.39444444444444443 0.555 0.4177777777777778 0.554 0.43 0.551 0.43444444444444447 0.5485 0.4388888888888889 0.535 0.43555555555555553 0.529 0.43 0.5255
0 0.3433333333333333 0.5525 0.3388888888888889 0.5545 0.3333333333333333 0.555 0.32555555555555554 0.559 0.3233333333333333 0.5665 0.32555555555555554 0.574 0.33444444444444443 0.5855 0.3466666666666667 0.5895 0.37 0.5925 0.3811111111111111 0.5895 0.39111111111111113 0.5845 0.39444444444444443 0.5735 0.3988888888888889 0.569 0.3988888888888889 0.5645 0.39222222222222225 0.56 0.3888888888888889 0.555 0.38 0.5515
0 0.43222222222222223 0.561 0.4211111111111111 0.5615 0.4077777777777778 0.5645 0.4033333333333333 0.5665 0.39444444444444443 0.5765 0.39444444444444443 0.5875 0.4111111111111111 0.6 0.41 0.6035 0.4122222222222222 0.606 0.4222222222222222 0.607 0.4311111111111111 0.6015 0.4411111111111111 0.5995 0.4533333333333333 0.595 0.46555555555555556 0.5875 0.47 0.5815 0.4688888888888889 0.572 0.45222222222222225 0.564
0 0.49333333333333335 0.533 0.4888888888888889 0.533 0.48333333333333334 0.5375 0.4633333333333333 0.545 0.45444444444444443 0.554 0.45444444444444443 0.561 0.4577777777777778 0.5645 0.47 0.5715 0.4822222222222222 0.5735 0.5011111111111111 0.573 0.5166666666666667 0.569 0.5233333333333333 0.5645 0.5244444444444445 0.5545 0.5211111111111111 0.5485 0.51 0.541
0 0.64 0.5725 0.6366666666666667 0.568 0.6277777777777778 0.563 0.6233333333333333 0.562 0.6033333333333334 0.5625 0.57 0.5705 0.5577777777777778 0.5805 0.5866666666666667 0.589 0.5944444444444444 0.59 0.6166666666666667 0.59 0.6277777777777778 0.588 0.6366666666666667 0.5845 0.64 0.5805
0 0.46444444444444444 0.5905 0.44666666666666666 0.599 0.44333333333333336 0.6065 0.44333333333333336 0.612 0.45444444444444443 0.619 0.4622222222222222 0.621 0.49 0.624 0.5055555555555555 0.622 0.52 0.6165 0.5222222222222223 0.614 0.5211111111111111 0.6075 0.5166666666666667 0.603 0.5077777777777778 0.598 0.4822222222222222 0.5915
0 0.39444444444444443 0.6055 0.37777777777777777 0.618 0.37666666666666665 0.6235 0.3811111111111111 0.631 0.39444444444444443 0.635 0.4088888888888889 0.636 0.4288888888888889 0.635 0.43555555555555553 0.6285 0.4488888888888889 0.6235 0.4488888888888889 0.619 0.4444444444444444 0.6155 0.4311111111111111 0.6105
0 0.0 0.012 0.0 0.0395 0.012222222222222223 0.0395 0.01888888888888889 0.0375 0.02 0.0355 0.01888888888888889 0.0215 0.008888888888888889 0.014 0.0044444444444444444 0.012
0 0.46111111111111114 0.6225 0.45666666666666667 0.6265 0.4577777777777778 0.632 0.45555555555555555 0.639 0.4588888888888889 0.6475 0.4666666666666667 0.6555 0.4822222222222222 0.6605 0.4955555555555556 0.6605 0.5233333333333333 0.655 0.5288888888888889 0.6505 0.53 0.645 0.5211111111111111 0.637 0.49777777777777776 0.626 0.47333333333333333 0.6225
0 0.5611111111111111 0.61 0.54 0.6145 0.5322222222222223 0.618 0.5277777777777778 0.6255 0.5277777777777778 0.6335 0.5344444444444445 0.639 0.5477777777777778 0.645 0.5633333333333334 0.6475 0.5866666666666667 0.647 0.5933333333333334 0.6455 0.6055555555555555 0.639 0.6077777777777778 0.635 0.6066666666666667 0.6235 0.6022222222222222 0.619 0.5911111111111111 0.6135 0.5766666666666667 0.61
0 0.7355555555555555 0.598 0.7211111111111111 0.596 0.7066666666666667 0.5965 0.6766666666666666 0.5995 0.66 0.6035 0.6577777777777778 0.606 0.66 0.6155 0.67 0.6235 0.6811111111111111 0.629 0.6922222222222222 0.6315 0.7111111111111111 0.6315 0.7288888888888889 0.628 0.7333333333333333 0.626 0.7433333333333333 0.6155 0.75 0.6125 0.7477777777777778 0.605
0 0.89 0.537 0.8633333333333333 0.5245 0.8577777777777778 0.5235 0.8366666666666667 0.5245 0.8255555555555556 0.528 0.8155555555555556 0.533 0.8122222222222222 0.539 0.81 0.553 0.8222222222222222 0.5545 0.8288888888888889 0.5535 0.8577777777777778 0.553 0.8777777777777778 0.5505 0.8888888888888888 0.541
0 0.9055555555555556 0.5455 0.8977777777777778 0.548 0.8911111111111111 0.5525 0.8977777777777778 0.5725 0.9033333333333333 0.577 0.91 0.5795 0.9211111111111111 0.58 0.9366666666666666 0.5785 0.9455555555555556 0.5765 0.96 0.5685 0.9611111111111111 0.5605 0.9577777777777777 0.5565 0.9455555555555556 0.55 0.9266666666666666 0.5445
0 0.8633333333333333 0.582 0.8533333333333334 0.584 0.8455555555555555 0.591 0.8455555555555555 0.6035 0.8577777777777778 0.608 0.88 0.6085 0.8855555555555555 0.6065 0.8922222222222222 0.601 0.8922222222222222 0.5915 0.8833333333333333 0.585 0.8744444444444445 0.5825
0 0.8833333333333333 0.5525 0.8733333333333333 0.551 0.8488888888888889 0.554 0.8266666666666667 0.5545 0.8211111111111111 0.5565 0.8211111111111111 0.57 0.8377777777777777 0.5825 0.8566666666666667 0.5835 0.8711111111111111 0.5805 0.8833333333333333 0.575 0.8922222222222222 0.5665 0.8922222222222222 0.559
0 0.7444444444444445 0.583 0.7433333333333333 0.5905 0.7466666666666667 0.5945 0.7477777777777778 0.6015 0.7522222222222222 0.6045 0.7666666666666667 0.6085 0.7788888888888889 0.609 0.7911111111111111 0.608 0.8144444444444444 0.6045 0.8222222222222222 0.6015 0.8355555555555556 0.5925 0.8311111111111111 0.5835 0.8022222222222222 0.5795 0.7677777777777778 0.5775 0.7511111111111111 0.5795
0 0.7811111111111111 0.613 0.7688888888888888 0.6145 0.7522222222222222 0.6145 0.7433333333333333 0.618 0.7366666666666667 0.623 0.7344444444444445 0.6275 0.7377777777777778 0.631 0.7522222222222222 0.6365 0.7688888888888888 0.639 0.78 0.639 0.7933333333333333 0.6375 0.7977777777777778 0.6355 0.8 0.6305 0.7955555555555556 0.6275 0.7955555555555556 0.6225 0.7888888888888889 0.615
0 0.8022222222222222 0.6075 0.7988888888888889 0.61 0.7955555555555556 0.6175 0.7977777777777778 0.628 0.8022222222222222 0.6325 0.82 0.637 0.85 0.637 0.8644444444444445 0.6325 0.8688888888888889 0.628 0.8688888888888889 0.622 0.8588888888888889 0.6095 0.8433333333333334 0.603 0.8211111111111111 0.6025 0.81 0.6065
0 0.9033333333333333 0.586 0.8966666666666666 0.5915 0.8933333333333333 0.6025 0.8811111111111111 0.609 0.8822222222222222 0.6135 0.8944444444444445 0.62 0.9077777777777778 0.6235 0.9344444444444444 0.6235 0.9444444444444444 0.621 0.9544444444444444 0.6155 0.9555555555555556 0.607 0.9533333333333334 0.6025 0.9444444444444444 0.596 0.9244444444444444 0.5875 0.9111111111111111 0.5855
0 0.87 0.626 0.8655555555555555 0.6305 0.8655555555555555 0.641 0.8766666666666667 0.658 0.89 0.6615 0.91 0.6605 0.9188888888888889 0.6575 0.9266666666666666 0.6515 0.93 0.6455 0.93 0.6385 0.9255555555555556 0.634 0.9177777777777778 0.63 0.8977777777777778 0.625 0.88 0.6245
0 0.8144444444444444 0.6395 0.8022222222222222 0.6425 0.7988888888888889 0.6445 0.7977777777777778 0.6605 0.8055555555555556 0.6655 0.8277777777777777 0.6745 0.8388888888888889 0.682 0.8466666666666667 0.6835 0.8566666666666667 0.683 0.8655555555555555 0.678 0.8666666666666667 0.6735 0.8755555555555555 0.664 0.8755555555555555 0.6595 0.8688888888888889 0.646 0.86 0.6405 0.8488888888888889 0.6375 0.8277777777777777 0.6375
0 0.8744444444444445 0.683 0.8677777777777778 0.682 0.8522222222222222 0.684 0.8388888888888889 0.683 0.8288888888888889 0.6855 0.8244444444444444 0.69 0.8233333333333334 0.6945 0.8266666666666667 0.7015 0.8355555555555556 0.707 0.8477777777777777 0.7095 0.8677777777777778 0.7095 0.8744444444444445 0.7085 0.8922222222222222 0.7015 0.8922222222222222 0.6925 0.8833333333333333 0.686
0 0.7977777777777778 0.663 0.7877777777777778 0.6635 0.7666666666666667 0.673 0.7533333333333333 0.676 0.7477777777777778 0.681 0.7477777777777778 0.6885 0.7511111111111111 0.693 0.7677777777777778 0.7005 0.7777777777777778 0.703 0.7877777777777778 0.703 0.8033333333333333 0.701 0.8222222222222222 0.692 0.8277777777777777 0.6865 0.8288888888888889 0.681 0.8255555555555556 0.6745
0 0.7911111111111111 0.6385 0.77 0.6395 0.7511111111111111 0.637 0.7288888888888889 0.6465 0.7211111111111111 0.654 0.7211111111111111 0.6635 0.73 0.669 0.7444444444444445 0.675 0.7544444444444445 0.676 0.7644444444444445 0.674 0.7922222222222223 0.6615 0.7977777777777778 0.653 0.7977777777777778 0.642
0 0.6922222222222222 0.651 0.6822222222222222 0.6515 0.6555555555555556 0.657 0.65 0.6595 0.6477777777777778 0.663 0.6488888888888888 0.669 0.6577777777777778 0.676 0.6733333333333333 0.6805 0.69 0.682 0.7 0.681 0.7111111111111111 0.678 0.72 0.663 0.7177777777777777 0.658 0.71 0.654
0 0.66 0.6225 0.6455555555555555 0.6225 0.62 0.627 0.61 0.6305 0.6088888888888889 0.635 0.5988888888888889 0.6455 0.6 0.6505 0.6066666666666667 0.6515 0.6222222222222222 0.657 0.6411111111111111 0.658 0.6533333333333333 0.657 0.6644444444444444 0.6535 0.6866666666666666 0.6495 0.6888888888888889 0.6475 0.6888888888888889 0.6395 0.6855555555555556 0.6345 0.6744444444444444 0.6265
0 0.5333333333333333 0.647 0.5211111111111111 0.655 0.5033333333333333 0.659 0.5022222222222222 0.6665 0.5222222222222223 0.6755 0.5344444444444445 0.679 0.5455555555555556 0.679 0.5577777777777778 0.673 0.56 0.659 0.5633333333333334 0.654 0.56 0.6525 0.5522222222222222 0.652 0.5433333333333333 0.6475
0 0.5677777777777778 0.6555 0.5577777777777778 0.665 0.5577777777777778 0.6695 0.5688888888888889 0.6795 0.5855555555555556 0.6845 0.5955555555555555 0.686 0.6222222222222222 0.6845 0.64 0.6745 0.6377777777777778 0.669 0.6277777777777778 0.6585 0.6122222222222222 0.6535 0.6 0.6515 0.5911111111111111 0.6515
0 0.6388888888888888 0.6765 0.6144444444444445 0.688 0.6111111111111112 0.691 0.61 0.6975 0.6155555555555555 0.702 0.6244444444444445 0.7055 0.64 0.708 0.6477777777777778 0.7105 0.6633333333333333 0.7105 0.6788888888888889 0.708 0.6844444444444444 0.7045 0.6877777777777778 0.6995 0.6888888888888889 0.693 0.6855555555555556 0.6885 0.6766666666666666 0.683 0.6555555555555556 0.676
0 0.69 0.6975 0.6888888888888889 0.709 0.6911111111111111 0.714 0.6944444444444444 0.716 0.7133333333333334 0.7195 0.7366666666666667 0.7195 0.7633333333333333 0.717 0.7733333333333333 0.709 0.7744444444444445 0.705 0.7622222222222222 0.7025 0.7544444444444445 0.6955 0.7466666666666667 0.692 0.7377777777777778 0.6905 0.7111111111111111 0.6905 0.7 0.693
0 0.6833333333333333 0.7095 0.67 0.7095 0.6511111111111111 0.7115 0.6211111111111111 0.7195 0.6144444444444445 0.724 0.6133333333333333 0.729 0.6166666666666667 0.7345 0.6288888888888889 0.7415 0.6455555555555555 0.747 0.6577777777777778 0.7475 0.67 0.7455 0.6855555555555556 0.7355 0.6911111111111111 0.728 0.6911111111111111 0.716 0.6877777777777778 0.711
0 0.5866666666666667 0.7155 0.5577777777777778 0.7155 0.5522222222222222 0.7165 0.5444444444444444 0.7205 0.5422222222222223 0.728 0.5344444444444445 0.7365 0.5333333333333333 0.7405 0.5422222222222223 0.7465 0.5511111111111111 0.7495 0.5588888888888889 0.7505 0.5811111111111111 0.75 0.6033333333333334 0.743 0.6144444444444445 0.736 0.6144444444444445 0.7315 0.61 0.725
0 0.5677777777777778 0.6805 0.5477777777777778 0.6795 0.5355555555555556 0.6815 0.53 0.685 0.5211111111111111 0.697 0.52 0.7055 0.5433333333333333 0.7185 0.56 0.715 0.5855555555555556 0.714 0.5984444444444444 0.7112999999999999 0.6125555555555555 0.70635 0.6033333333333334 0.6975 0.6022222222222222 0.693 0.5966666666666667 0.6885
0 0.5066666666666667 0.6695 0.49444444444444446 0.668 0.4811111111111111 0.6685 0.4722222222222222 0.67 0.45555555555555555 0.676 0.45 0.681 0.4444444444444444 0.6925 0.4477777777777778 0.698 0.4622222222222222 0.702 0.48 0.7035 0.49666666666666665 0.7035 0.5066666666666667 0.7025 0.5211111111111111 0.6975 0.5266666666666666 0.6895 0.5255555555555556 0.685 0.5155555555555555 0.674
0 0.4622222222222222 0.703 0.45666666666666667 0.708 0.4588888888888889 0.7145 0.47444444444444445 0.729 0.4888888888888889 0.735 0.5044444444444445 0.7395 0.5111111111111111 0.74 0.5288888888888889 0.7385 0.5388888888888889 0.7325 0.5422222222222223 0.725 0.5422222222222223 0.72 0.5355555555555556 0.714 0.5222222222222223 0.708 0.49777777777777776 0.7035 0.4811111111111111 0.704 0.4666666666666667 0.7025
0 0.42 0.6365 0.4088888888888889 0.639 0.3877777777777778 0.65 0.38666666666666666 0.663 0.39222222222222225 0.6665 0.42444444444444446 0.6715 0.44222222222222224 0.6715 0.4588888888888889 0.667 0.46444444444444444 0.664 0.4666666666666667 0.6585 0.46444444444444444 0.6535 0.45444444444444443 0.644 0.4474444444444444 0.63205 0.4311111111111111 0.636
0 0.37666666666666665 0.6705 0.37222222222222223 0.673 0.37222222222222223 0.6805 0.38 0.6905 0.3877777777777778 0.6965 0.3933333333333333 0.699 0.4122222222222222 0.7015 0.42333333333333334 0.7005 0.44333333333333336 0.6915 0.4477777777777778 0.6865 0.4488888888888889 0.6775 0.44333333333333336 0.674 0.43666666666666665 0.672 0.39666666666666667 0.6675
0 0.37 0.644 0.35444444444444445 0.644 0.3388888888888889 0.646 0.3333333333333333 0.6485 0.3288888888888889 0.6535 0.33 0.662 0.3422222222222222 0.674 0.3522222222222222 0.678 0.36 0.6775 0.37 0.674 0.3844444444444444 0.6625 0.38555555555555554 0.6505 0.37777777777777777 0.646
0 0.3333333333333333 0.6135 0.32555555555555554 0.618 0.33111111111111113 0.627 0.33 0.6315 0.31555555555555553 0.6385 0.31777777777777777 0.643 0.32222222222222224 0.644 0.3411111111111111 0.6455 0.36444444444444446 0.642 0.37666666666666665 0.636 0.3788888888888889 0.6305 0.37222222222222223 0.622 0.3655555555555556 0.6185
0 0.13 0.565 0.11777777777777777 0.566 0.1111111111111111 0.568 0.10555555555555556 0.571 0.1 0.5785 0.1 0.5895 0.10333333333333333 0.595 0.11333333333333333 0.6005 0.12444444444444444 0.6025 0.14 0.6005 0.14666666666666667 0.598 0.14777777777777779 0.588 0.15888888888888889 0.5765 0.15222222222222223 0.568
0 0.18444444444444444 0.5715 0.16777777777777778 0.572 0.16 0.576 0.15 0.5875 0.15222222222222223 0.602 0.15444444444444444 0.6055 0.16111111111111112 0.6085 0.17 0.6085 0.18666666666666668 0.606 0.19777777777777777 0.603 0.2088888888888889 0.598 0.21555555555555556 0.591 0.21666666666666667 0.587 0.21222222222222223 0.58
0 0.05555555555555555 0.031 0.034444444444444444 0.0355 0.027777777777777776 0.0385 0.024444444444444446 0.0455 0.02666666666666667 0.051 0.03222222222222222 0.0565 0.06555555555555556 0.064 0.08666666666666667 0.052 0.08777777777777777 0.044 0.08222222222222222 0.037 0.06777777777777778 0.031
0 0.27666666666666667 0.5835 0.2544444444444444 0.5825 0.22444444444444445 0.5875 0.21888888888888888 0.59 0.21444444444444444 0.5955 0.21444444444444444 0.602 0.21666666666666667 0.6075 0.22666666666666666 0.6145 0.24444444444444444 0.618 0.26555555555555554 0.617 0.2777777777777778 0.613 0.2911111111111111 0.6055 0.29777777777777775 0.604 0.29 0.5995 0.28555555555555556 0.5875
0 0.29444444444444445 0.6095 0.2877777777777778 0.61 0.2644444444444444 0.62 0.25666666666666665 0.6215 0.25333333333333335 0.626 0.25555555555555554 0.632 0.2644444444444444 0.6375 0.2733333333333333 0.641 0.29 0.6435 0.31777777777777777 0.6375 0.3288888888888889 0.6315 0.3277777777777778 0.623 0.31666666666666665 0.6145
0 0.2111111111111111 0.609 0.20333333333333334 0.611 0.19555555555555557 0.6175 0.18888888888888888 0.628 0.19666666666666666 0.635 0.21888888888888888 0.6385 0.22555555555555556 0.6385 0.2311111111111111 0.6375 0.24 0.6305 0.2411111111111111 0.623 0.24 0.6215 0.23 0.6185 0.2222222222222222 0.612 0.21666666666666667 0.6095
0 0.16111111111111112 0.6225 0.13333333333333333 0.6285 0.12444444444444444 0.635 0.12444444444444444 0.6425 0.13444444444444445 0.6555 0.14 0.6595 0.1511111111111111 0.662 0.1688888888888889 0.664 0.18 0.664 0.19 0.66 0.1988888888888889 0.654 0.20222222222222222 0.6485 0.2 0.638 0.18222222222222223 0.625 0.17222222222222222 0.6225
0 0.06777777777777778 0.637 0.06555555555555556 0.641 0.056666666666666664 0.646 0.05555555555555555 0.6495 0.06777777777777778 0.6585 0.0811111111111111 0.6605 0.1111111111111111 0.6605 0.12666666666666668 0.6595 0.1288888888888889 0.6585 0.13 0.654 0.12777777777777777 0.6505 0.12 0.646 0.08333333333333333 0.636 0.07222222222222222 0.6355
0 0.013333333333333334 0.6305 0.006666666666666667 0.6365 0.005555555555555556 0.642 0.0 0.643 0.0 0.667 0.02666666666666667 0.6675 0.04888888888888889 0.664 0.05555555555555555 0.6545 0.05444444444444444 0.6445 0.051111111111111114 0.639 0.04111111111111111 0.634 0.024444444444444446 0.6305
0 0.22666666666666666 0.6405 0.2222222222222222 0.648 0.2222222222222222 0.653 0.2288888888888889 0.657 0.2411111111111111 0.66 0.25555555555555554 0.661 0.3011111111111111 0.6555 0.30333333333333334 0.6485 0.3 0.645 0.28555555555555556 0.644 0.2722222222222222 0.6415 0.25 0.633 0.24222222222222223 0.6335
0 0.3011111111111111 0.6565 0.2866666666666667 0.658 0.2822222222222222 0.6595 0.25555555555555554 0.6605 0.2511111111111111 0.662 0.25 0.668 0.2544444444444444 0.682 0.2633333333333333 0.688 0.2733333333333333 0.69 0.2922222222222222 0.69 0.31555555555555553 0.682 0.3252222222222222 0.67655 0.33166666666666667 0.6697000000000001 0.32 0.663
0 0.3611111111111111 0.679 0.3488888888888889 0.679 0.33555555555555555 0.6815 0.32 0.6825 0.3111111111111111 0.6855 0.31 0.69 0.3055555555555556 0.694 0.30777777777777776 0.7035 0.3111111111111111 0.707 0.32666666666666666 0.715 0.3411111111111111 0.7155 0.3655555555555556 0.711 0.3811111111111111 0.7015 0.38333333333333336 0.693 0.37222222222222223 0.6825
0 0.2311111111111111 0.6945 0.2288888888888889 0.6975 0.23222222222222222 0.703 0.24222222222222223 0.708 0.27111111111111114 0.7105 0.2877777777777778 0.7135 0.29333333333333333 0.7135 0.29888888888888887 0.712 0.3055555555555556 0.708 0.30666666666666664 0.7005 0.30333333333333334 0.696 0.2911111111111111 0.6915 0.2544444444444444 0.69
0 0.19333333333333333 0.69 0.17555555555555555 0.6945 0.17222222222222222 0.6965 0.17 0.701 0.1711111111111111 0.7105 0.17333333333333334 0.7125 0.18888888888888888 0.7165 0.19333333333333333 0.7165 0.1988888888888889 0.721 0.20333333333333334 0.722 0.2111111111111111 0.7215 0.22444444444444445 0.7155 0.2311111111111111 0.7075 0.23 0.701 0.22444444444444445 0.695 0.21777777777777776 0.692 0.2088888888888889 0.69
0 0.20333333333333334 0.655 0.18666666666666668 0.6625 0.18222222222222223 0.6685 0.18333333333333332 0.6745 0.19555555555555557 0.686 0.20777777777777778 0.6895 0.22333333333333333 0.6905 0.23 0.6845 0.24555555555555555 0.6805 0.25 0.678 0.2477777777777778 0.665 0.24444444444444444 0.6615 0.23555555555555555 0.66 0.22444444444444445 0.6555 0.21777777777777776 0.6545
0 0.13444444444444445 0.6625 0.12555555555555556 0.6675 0.11888888888888889 0.6755 0.11888888888888889 0.687 0.12222222222222222 0.6905 0.1322222222222222 0.695 0.14888888888888888 0.697 0.17777777777777778 0.6935 0.18 0.691 0.18888888888888888 0.687 0.18777777777777777 0.681 0.18222222222222223 0.6775 0.17888888888888888 0.6705 0.1711111111111111 0.666 0.1622222222222222 0.664 0.14888888888888888 0.6625
0 0.04777777777777778 0.6695 0.04 0.6805 0.04777777777777778 0.6935 0.056666666666666664 0.698 0.06777777777777778 0.701 0.09111111111111111 0.702 0.11 0.6945 0.11666666666666667 0.6885 0.11777777777777777 0.6765 0.10888888888888888 0.6705 0.09222222222222222 0.666 0.06555555555555556 0.666
0 0.0 0.67 0.0 0.709 0.0044444444444444444 0.709 0.028888888888888888 0.7035 0.03666666666666667 0.6995 0.042222222222222223 0.693 0.034444444444444444 0.6785 0.017777777777777778 0.6715
0 0.12444444444444444 0.695 0.11444444444444445 0.695 0.10666666666666667 0.6965 0.09 0.705 0.08444444444444445 0.7165 0.08777777777777777 0.726 0.09333333333333334 0.7295 0.1 0.731 0.11555555555555555 0.732 0.12666666666666668 0.731 0.14777777777777779 0.726 0.15888888888888889 0.721 0.16 0.7125 0.15666666666666668 0.7055 0.14222222222222222 0.6985
0 0.05 0.704 0.03 0.704 0.011111111111111112 0.708 0.0033333333333333335 0.7125 0.0 0.7125 0.0 0.733 0.0044444444444444444 0.7335 0.0044444444444444444 0.7365 0.0077777777777777776 0.739 0.023333333333333334 0.741 0.04 0.741 0.06111111111111111 0.7365 0.06222222222222222 0.733 0.07 0.73 0.07111111111111111 0.7235 0.06666666666666667 0.7125 0.057777777777777775 0.7065
0 0.008888888888888889 0.74 0.0 0.741 0.0 0.776 0.0033333333333333335 0.776 0.011111111111111112 0.781 0.022222222222222223 0.78 0.02666666666666667 0.7735 0.03666666666666667 0.7665 0.04111111111111111 0.7595 0.03777777777777778 0.7515 0.03888888888888889 0.748 0.034444444444444444 0.7445 0.028888888888888888 0.7425
0 0.07666666666666666 0.7335 0.07222222222222222 0.7335 0.05333333333333334 0.74 0.052222222222222225 0.7435 0.044444444444444446 0.7485 0.04111111111111111 0.7545 0.04555555555555556 0.763 0.05333333333333334 0.7665 0.06333333333333334 0.768 0.09 0.764 0.10666666666666667 0.756 0.09888888888888889 0.7495 0.09777777777777778 0.7435 0.09222222222222222 0.7385
0 0.1411111111111111 0.7295 0.11444444444444445 0.7345 0.10666666666666667 0.741 0.10666666666666667 0.752 0.12 0.7595 0.12777777777777777 0.766 0.1388888888888889 0.7695 0.15444444444444444 0.7705 0.17 0.764 0.18 0.756 0.18444444444444444 0.7445 0.1811111111111111 0.736 0.17444444444444446 0.7335 0.15333333333333332 0.7295
0 0.1688888888888889 0.7125 0.16555555555555557 0.7205 0.16555555555555557 0.729 0.17444444444444446 0.734 0.19555555555555557 0.739 0.21444444444444444 0.7385 0.22333333333333333 0.7375 0.22777777777777777 0.7355 0.2311111111111111 0.7305 0.2311111111111111 0.721 0.22777777777777777 0.7175 0.22111111111111112 0.7165 0.21222222222222223 0.721 0.20444444444444446 0.721 0.18777777777777777 0.7155
0 0.2388888888888889 0.7085 0.23444444444444446 0.7165 0.23444444444444446 0.728 0.2388888888888889 0.7335 0.25 0.7405 0.2644444444444444 0.743 0.28 0.7415 0.29333333333333333 0.7365 0.29555555555555557 0.7335 0.29777777777777775 0.7205 0.29333333333333333 0.716 0.27444444444444444 0.7115
0 0.2011111111111111 0.7395 0.18666666666666668 0.7445 0.18333333333333332 0.748 0.18666666666666668 0.76 0.20666666666666667 0.7715 0.22 0.773 0.23222222222222222 0.772 0.24555555555555555 0.768 0.25 0.762 0.25 0.7575 0.24 0.7415 0.2311111111111111 0.7385
0 0.2733333333333333 0.746 0.2588888888888889 0.7515 0.25333333333333335 0.756 0.2511111111111111 0.768 0.25555555555555554 0.772 0.2733333333333333 0.7765 0.2822222222222222 0.7775 0.31666666666666665 0.7775 0.32555555555555554 0.772 0.32666666666666666 0.762 0.3233333333333333 0.7575 0.31666666666666665 0.754 0.31555555555555553 0.751 0.31222222222222223 0.749 0.2922222222222222 0.744
0 0.3088888888888889 0.717 0.30333333333333334 0.719 0.29888888888888887 0.7275 0.29888888888888887 0.736 0.30444444444444446 0.7445 0.3288888888888889 0.7585 0.33666666666666667 0.7595 0.35333333333333333 0.7585 0.37666666666666665 0.748 0.3788888888888889 0.745 0.37666666666666665 0.736 0.35777777777777775 0.722 0.3477777777777778 0.7175 0.34 0.716
0 0.4 0.7 0.39111111111111113 0.7 0.38222222222222224 0.7015 0.3688888888888889 0.71 0.36666666666666664 0.7245 0.38666666666666666 0.7425 0.40444444444444444 0.7385 0.41555555555555557 0.7335 0.4266666666666667 0.721 0.4266666666666667 0.7165 0.43333333333333335 0.713 0.43333333333333335 0.7085 0.41888888888888887 0.7025
0 0.3988888888888889 0.745 0.37555555555555553 0.749 0.3611111111111111 0.756 0.35555555555555557 0.7605 0.35777777777777775 0.7675 0.36444444444444446 0.772 0.38222222222222224 0.7775 0.39444444444444443 0.7785 0.40444444444444444 0.778 0.42333333333333334 0.7745 0.43222222222222223 0.7715 0.43555555555555553 0.768 0.43222222222222223 0.758 0.4266666666666667 0.7505 0.41555555555555557 0.7465
0 0.4388888888888889 0.7175 0.4222222222222222 0.728 0.41888888888888887 0.7365 0.4266666666666667 0.7455 0.43444444444444447 0.749 0.44555555555555554 0.7515 0.4577777777777778 0.751 0.47333333333333333 0.745 0.47333333333333333 0.736 0.4677777777777778 0.729 0.45666666666666667 0.721
0 0.47444444444444445 0.7455 0.45666666666666667 0.7505 0.4388888888888889 0.7515 0.43666666666666665 0.7545 0.43555555555555553 0.762 0.43777777777777777 0.767 0.44333333333333336 0.771 0.45444444444444443 0.7745 0.47555555555555556 0.775 0.48333333333333334 0.774 0.49666666666666665 0.7685 0.5 0.7645 0.49666666666666665 0.7555 0.4911111111111111 0.7495 0.4822222222222222 0.7485
0 0.5277777777777778 0.74 0.5055555555555555 0.741 0.4955555555555556 0.745 0.49333333333333335 0.7475 0.5 0.7605 0.4988888888888889 0.7715 0.5066666666666667 0.775 0.5144444444444445 0.776 0.5244444444444445 0.7755 0.5355555555555556 0.7725 0.5455555555555556 0.7675 0.5422222222222223 0.76 0.5422222222222223 0.7475 0.5355555555555556 0.742
0 0.5555555555555556 0.76 0.5444444444444444 0.7715 0.5666666666666667 0.7775 0.5811111111111111 0.7795 0.6144444444444445 0.7795 0.6255555555555555 0.7765 0.6277777777777778 0.774 0.6277777777777778 0.759 0.6255555555555555 0.7555 0.6177777777777778 0.7515 0.5977777777777777 0.749 0.5855555555555556 0.7495 0.5677777777777778 0.7545
0 0.06888888888888889 0.005 0.06777777777777778 0.01 0.08222222222222222 0.021 0.09666666666666666 0.024 0.11222222222222222 0.024 0.13333333333333333 0.0155 0.14 0.007 0.14 0.0 0.07666666666666666 0.0 0.07666666666666666 0.0015
0 0.6211111111111111 0.7435 0.6211111111111111 0.748 0.6244444444444445 0.75 0.6266666666666667 0.758 0.6455555555555555 0.7735 0.6555555555555556 0.7794500000000001 0.6759999999999999 0.7818999999999999 0.6904444444444444 0.7767000000000001 0.7017777777777778 0.7685 0.7035555555555556 0.76325 0.6822222222222222 0.751 0.6744444444444444 0.7475 0.6455555555555555 0.7475 0.6311111111111111 0.7425
0 0.7266666666666667 0.7195 0.6955555555555556 0.7245 0.6866666666666666 0.7355 0.6888888888888889 0.741 0.6977777777777778 0.7475 0.72 0.755 0.7277777777777777 0.755 0.7355555555555555 0.7535 0.75 0.747 0.7566666666666667 0.7375 0.7566666666666667 0.7325 0.7511111111111111 0.7265 0.7355555555555555 0.7205
0 0.7855555555555556 0.704 0.7766666666666666 0.7085 0.7688888888888888 0.7165 0.7711111111111111 0.725 0.7766666666666666 0.73 0.7955555555555556 0.7345 0.8166666666666667 0.7335 0.83 0.731 0.8422222222222222 0.7245 0.8422222222222222 0.7185 0.8388888888888889 0.7125 0.8322222222222222 0.708 0.8222222222222222 0.7045 0.7955555555555556 0.7025
0 0.8488888888888889 0.735 0.8355555555555556 0.734 0.82 0.734 0.8055555555555556 0.7355 0.7933333333333333 0.735 0.7811111111111111 0.74 0.7755555555555556 0.749 0.7855555555555556 0.76 0.7944444444444444 0.765 0.8066666666666666 0.7675 0.8166666666666667 0.7675 0.8266666666666667 0.7655 0.8555555555555555 0.756 0.8622222222222222 0.7455 0.8622222222222222 0.742 0.8588888888888889 0.7385
0 0.7733333333333333 0.7475 0.7588888888888888 0.747 0.7455555555555555 0.749 0.7355555555555555 0.7535 0.7288888888888889 0.755 0.7177777777777777 0.7555 0.7111111111111111 0.76 0.7111111111111111 0.7675 0.7133333333333334 0.772 0.7188888888888889 0.7755 0.7411111111111112 0.7795 0.7544444444444445 0.78 0.7711111111111111 0.7785 0.7866666666666666 0.773 0.7911111111111111 0.768 0.7911111111111111 0.7635
0 0.20333333333333334 0.014 0.21666666666666667 0.015 0.22333333333333333 0.0095 0.2388888888888889 0.0055 0.2511111111111111 0.004 0.25666666666666665 0.002 0.25666666666666665 0.0 0.20555555555555555 0.0
0 0.13777777777777778 0.052 0.11333333333333333 0.0505 0.08222222222222222 0.053 0.06888888888888889 0.065 0.08666666666666667 0.0795 0.09888888888888889 0.0815 0.12 0.0815 0.13777777777777778 0.0785 0.14555555555555555 0.0755 0.15 0.071 0.15 0.0595 0.14555555555555555 0.055
0 0.05555555555555555 0.006 0.043333333333333335 0.006 0.03333333333333333 0.008 0.021111111111111112 0.0175 0.021111111111111112 0.0295 0.027777777777777776 0.0325 0.04 0.034 0.05333333333333334 0.0315 0.07 0.0305 0.07666666666666666 0.027 0.07666666666666666 0.02 0.06777777777777778 0.01
0 0.021111111111111112 0.4065 0.005555555555555556 0.412 0.0 0.4125 0.0 0.444 0.012222222222222223 0.446 0.024444444444444446 0.4465 0.03777777777777778 0.445 0.056666666666666664 0.4355 0.06111111111111111 0.4275 0.06111111111111111 0.4205 0.05333333333333334 0.4125 0.03333333333333333 0.4085 0.03111111111111111 0.407
