0 0.20555555555555555 0.2075 0.18333333333333332 0.211 0.15444444444444444 0.2245 0.15333333333333332 0.233 0.15666666666666668 0.237 0.1688888888888889 0.242 0.18666666666666668 0.246 0.20333333333333334 0.2455 0.21444444444444444 0.243 0.2222222222222222 0.2375 0.22555555555555556 0.2325 0.22666666666666666 0.2225 0.22 0.2125 0.21444444444444444 0.2095
0 0.5788888888888889 0.628 0.5677777777777778 0.627 0.56 0.629 0.5333333333333333 0.6285 0.5233333333333333 0.634 0.5277777777777778 0.6445 0.5297777777777778 0.64875 0.5344444444444445 0.651 0.5358888888888889 0.65295 0.5388888888888889 0.6545 0.5433333333333333 0.657 0.55 0.658 0.5688888888888889 0.658 0.5822222222222222 0.6555 0.5933333333333334 0.6505 0.5955555555555555 0.646 0.5944444444444444 0.6345 0.5877777777777777 0.6305
0 0.5222222222222223 0.646 0.5166666666666667 0.646 0.5133333333333333 0.6495 0.4955555555555556 0.6565 0.4855555555555556 0.6655 0.48333333333333334 0.681 0.4866666666666667 0.686 0.49666666666666665 0.6905 0.5077777777777778 0.6925 0.5344444444444445 0.6915 0.5488888888888889 0.6795 0.5511111111111111 0.6755 0.5511111111111111 0.6685 0.5466666666666666 0.66 0.5322222222222223 0.6525 0.5266666666666666 0.647
0 0.4722222222222222 0.6865 0.4533333333333333 0.687 0.44 0.6855 0.43 0.686 0.42333333333333334 0.6925 0.4255555555555556 0.713 0.4388888888888889 0.726 0.44666666666666666 0.728 0.4677777777777778 0.719 0.4866666666666667 0.705 0.48777777777777775 0.7 0.48444444444444446 0.694
0 0.5333333333333333 0.693 0.5211111111111111 0.693 0.514 0.69335 0.5021111111111111 0.6969500000000001 0.49 0.7035 0.48444444444444446 0.7085 0.4781111111111111 0.713 0.4692222222222222 0.7203999999999999 0.47355555555555556 0.7278 0.49 0.7308 0.5022222222222222 0.7295 0.5166666666666667 0.7305 0.5411111111111111 0.7295 0.5588888888888889 0.725 0.5655555555555556 0.7205 0.5655555555555556 0.712 0.5555555555555556 0.701 0.5477777777777778 0.6985 0.5477777777777778 0.697
0 0.5944444444444444 0.6815 0.5777777777777777 0.6805 0.5711111111111111 0.679 0.5566666666666666 0.681 0.5433333333333333 0.6865 0.5411111111111111 0.6935 0.5466666666666666 0.6945 0.5622222222222222 0.702 0.5711111111111111 0.7025 0.5866666666666667 0.701 0.5922222222222222 0.6985 0.5933333333333334 0.6925 0.6022222222222222 0.6895 0.6011111111111112 0.6855
0 0.6033333333333334 0.6975 0.5933333333333334 0.701 0.5844444444444444 0.709 0.5833333333333334 0.7175 0.5855555555555556 0.7205 0.5955555555555555 0.725 0.6111111111111112 0.727 0.6266666666666667 0.727 0.6433333333333333 0.725 0.6522222222222223 0.721 0.6511111111111111 0.713 0.6333333333333333 0.7035 0.6211111111111111 0.7005 0.6133333333333333 0.6965
0 0.6311111111111111 0.668 0.6155555555555555 0.6715 0.6044444444444445 0.6775 0.6033333333333334 0.6815 0.61 0.6935 0.62 0.698 0.6411111111111111 0.7025 0.6577777777777778 0.7025 0.6711111111111111 0.7 0.6811111111111111 0.6955 0.6855555555555556 0.691 0.6866666666666666 0.6815 0.6833333333333333 0.676 0.6744444444444444 0.6705 0.6655555555555556 0.6685 0.65 0.6675
0 0.7433333333333333 0.631 0.7355555555555555 0.6315 0.7222222222222222 0.636 0.7011111111111111 0.6395 0.6933333333333334 0.645 0.6933333333333334 0.6515 0.7022222222222222 0.6585 0.7155555555555555 0.6625 0.73 0.6645 0.7455555555555555 0.6645 0.7544444444444445 0.6625 0.7577777777777778 0.659 0.7588888888888888 0.6425 0.7522222222222222 0.635
0 0.8666666666666667 0.599 0.8522222222222222 0.602 0.8433333333333334 0.607 0.84 0.611 0.8388888888888889 0.619 0.8466666666666667 0.6255 0.8922222222222222 0.637 0.8933333333333333 0.635 0.9066666666666666 0.6285 0.9088888888888889 0.625 0.91 0.6115 0.9077777777777778 0.607 0.8955555555555555 0.601 0.8877777777777778 0.599
0 0.6955555555555556 0.6825 0.6888888888888889 0.6865 0.6833333333333333 0.6955 0.6766666666666666 0.7 0.6811111111111111 0.7055 0.7066666666666667 0.7145 0.7444444444444445 0.713 0.75 0.7115 0.7577777777777778 0.7065 0.7577777777777778 0.697 0.7477777777777778 0.687 0.7322222222222222 0.6805 0.7233333333333334 0.679 0.7077777777777777 0.6795
0 0.8477777777777777 0.6775 0.83 0.6735 0.8211111111111111 0.678 0.7933333333333333 0.684 0.7866666666666666 0.69 0.7944444444444444 0.697 0.8266666666666667 0.7015 0.8422222222222222 0.7015 0.8477777777777777 0.7 0.8544444444444445 0.694 0.8533333333333334 0.6845
0 0.7855555555555556 0.644 0.7755555555555556 0.646 0.7633333333333333 0.651 0.7577777777777778 0.6605 0.7577777777777778 0.6655 0.7611111111111111 0.671 0.7722222222222223 0.6785 0.7855555555555556 0.6825 0.7966666666666666 0.6825 0.8177777777777778 0.6795 0.83 0.6735 0.83 0.662 0.8277777777777777 0.658 0.8188888888888889 0.6535 0.8155555555555556 0.6495 0.8033333333333333 0.6455 0.7944444444444444 0.644
0 0.8222222222222222 0.632 0.8144444444444444 0.6385 0.8144444444444444 0.644 0.8166666666666667 0.649 0.8233333333333334 0.655 0.8355555555555556 0.662 0.8466666666666667 0.665 0.8666666666666667 0.6665 0.8777777777777778 0.666 0.8877777777777778 0.66 0.8911111111111111 0.6555 0.8911111111111111 0.65 0.8844444444444445 0.6425 0.8833333333333333 0.638 0.8666666666666667 0.6305 0.8488888888888889 0.627
0 0.9766666666666667 0.5993999999999999 0.9727777777777777 0.5989500000000001 0.97 0.598 0.9611111111111111 0.5955 0.9573333333333334 0.5953999999999999 0.9544444444444444 0.5935 0.9422222222222222 0.5925 0.9233333333333333 0.6005 0.9166666666666666 0.6075 0.9123333333333333 0.60905 0.9114444444444444 0.6115 0.9127777777777778 0.6163500000000001 0.9144444444444444 0.6195 0.9255555555555556 0.6245 0.9311111111111111 0.6255 0.9677777777777777 0.626 0.9777777777777777 0.6235 0.9866666666666667 0.6125 0.9866666666666667 0.605 0.9788888888888889 0.5995
0 0.9177777777777778 0.628 0.9144444444444444 0.6295 0.9133333333333333 0.6325 0.9177777777777778 0.6465 0.9222222222222223 0.65 0.9422222222222222 0.6585 0.9511111111111111 0.6605 0.98 0.6605 0.9955555555555555 0.655 1.0 0.655 1.0 0.6355 0.9966666666666667 0.6355 0.9855555555555555 0.6295 0.9711111111111111 0.626 0.9266666666666666 0.6265
0 0.8955555555555555 0.6545 0.8911111111111111 0.6565 0.8844444444444445 0.665 0.8844444444444445 0.6725 0.89 0.6805 0.9166666666666666 0.6875 0.9433333333333334 0.6845 0.9577777777777777 0.6755 0.9566666666666667 0.6695 0.95 0.6625 0.9444444444444444 0.6595 0.92 0.653 0.9033333333333333 0.653
0 0.8711111111111111 0.6795 0.8622222222222222 0.681 0.8555555555555555 0.6845 0.8555555555555555 0.6955 0.8688888888888889 0.7095 0.8833333333333333 0.717 0.8922222222222222 0.716 0.9133333333333333 0.709 0.9177777777777778 0.7045 0.92 0.6945 0.9177777777777778 0.6895 0.9133333333333333 0.6865 0.8855555555555555 0.68
0 0.0 0.21 0.0 0.242 0.005555555555555556 0.242 0.014444444444444444 0.239 0.021111111111111112 0.233 0.027777777777777776 0.2135 0.022222222222222223 0.211
0 0.0 0.2475 0.0 0.2745 0.005555555555555556 0.2745 0.014444444444444444 0.2705 0.01888888888888889 0.265 0.01888888888888889 0.259 0.01 0.2485
0 0.12222222222222222 0.011 0.12555555555555556 0.0155 0.1411111111111111 0.019 0.15555555555555556 0.0185 0.18 0.0115 0.19555555555555557 0.009 0.1988888888888889 0.007 0.1988888888888889 0.0 0.12555555555555556 0.0 0.12222222222222222 0.004
0 0.05 0.0045 0.04888888888888889 0.0105 0.05333333333333334 0.0155 0.07333333333333333 0.022 0.0811111111111111 0.023 0.11 0.022 0.12 0.0205 0.12333333333333334 0.0185 0.12111111111111111 0.0115 0.10888888888888888 0.0 0.05555555555555555 0.0 0.05555555555555555 0.0015
0 0.027777777777777776 0.0 0.0 0.0 0.0 0.0225 0.013333333333333334 0.0215 0.023333333333333334 0.0185 0.03222222222222222 0.014 0.03222222222222222 0.005 0.027777777777777776 0.002
0 0.0 0.0235 0.0 0.0595 0.005555555555555556 0.0595 0.014444444444444444 0.0575 0.016666666666666666 0.0555 0.016666666666666666 0.0485 0.021111111111111112 0.0445 0.022222222222222223 0.036 0.016666666666666666 0.0295 0.008888888888888889 0.0265 0.005555555555555556 0.0235
0 0.057777777777777775 0.0185 0.03888888888888889 0.0195 0.028888888888888888 0.024 0.024444444444444446 0.0285 0.02 0.051 0.024444444444444446 0.057 0.028888888888888888 0.0585 0.06444444444444444 0.0565 0.07777777777777778 0.053 0.08666666666666667 0.0465 0.08333333333333333 0.0285 0.07555555555555556 0.023
0 0.12777777777777777 0.022 0.11444444444444445 0.0215 0.10444444444444445 0.0225 0.09111111111111111 0.029 0.08888888888888889 0.0315 0.08888888888888889 0.0435 0.09333333333333334 0.047 0.10777777777777778 0.05 0.13444444444444445 0.048 0.14444444444444443 0.044 0.14777777777777779 0.039 0.14444444444444443 0.0295 0.14 0.026
0 0.14333333333333334 0.0765 0.13666666666666666 0.0835 0.13444444444444445 0.0925 0.13777777777777778 0.0965 0.14666666666666667 0.1 0.1622222222222222 0.103 0.18222222222222223 0.104 0.20333333333333334 0.101 0.21666666666666667 0.096 0.21666666666666667 0.091 0.2088888888888889 0.0835 0.18444444444444444 0.0745 0.17333333333333334 0.0725 0.16111111111111112 0.072 0.1511111111111111 0.0735
0 0.25555555555555554 0.095 0.2411111111111111 0.0945 0.21777777777777776 0.098 0.20777777777777778 0.1025 0.2 0.11 0.2011111111111111 0.1175 0.21444444444444444 0.122 0.22666666666666666 0.124 0.2411111111111111 0.1245 0.2544444444444444 0.1225 0.26222222222222225 0.118 0.2644444444444444 0.113 0.26222222222222225 0.0995
0 0.22444444444444445 0.0655 0.2088888888888889 0.0725 0.20777777777777778 0.075 0.2088888888888889 0.082 0.21777777777777776 0.091 0.2288888888888889 0.095 0.24444444444444444 0.094 0.26555555555555554 0.095 0.2811111111111111 0.0895 0.2877777777777778 0.085 0.29333333333333333 0.0755 0.27444444444444444 0.0675 0.2577777777777778 0.064 0.23555555555555555 0.0635
0 0.2311111111111111 0.0415 0.22111111111111112 0.04 0.19666666666666666 0.039 0.17222222222222222 0.045 0.1622222222222222 0.05 0.15888888888888889 0.0535 0.16111111111111112 0.0605 0.1688888888888889 0.0665 0.18 0.0705 0.18666666666666668 0.0715 0.2111111111111111 0.071 0.23555555555555555 0.061 0.2388888888888889 0.058 0.2388888888888889 0.0445
0 0.16555555555555557 0.016 0.16444444444444445 0.0185 0.17444444444444446 0.0295 0.18555555555555556 0.0345 0.20666666666666667 0.039 0.22444444444444445 0.039 0.23222222222222222 0.036 0.24444444444444444 0.022 0.24333333333333335 0.0175 0.23333333333333334 0.0125 0.2222222222222222 0.01 0.19666666666666666 0.0095 0.18555555555555556 0.0105
0 0.3322222222222222 0.1225 0.32666666666666666 0.1205 0.3011111111111111 0.1165 0.27111111111111114 0.117 0.2644444444444444 0.1185 0.25222222222222224 0.124 0.2477777777777778 0.1305 0.25555555555555554 0.144 0.26222222222222225 0.147 0.2777777777777778 0.1495 0.29333333333333333 0.149 0.30666666666666664 0.146 0.32222222222222224 0.1405 0.3333333333333333 0.1275
0 0.33 0.0895 0.3088888888888889 0.0855 0.2911111111111111 0.0855 0.2877777777777778 0.0865 0.26555555555555554 0.1 0.2644444444444444 0.1105 0.2677777777777778 0.1145 0.2811111111111111 0.1165 0.29333333333333333 0.1165 0.3055555555555556 0.1145 0.31333333333333335 0.1105 0.3322222222222222 0.0955 0.3333333333333333 0.091
0 0.30333333333333334 0.067 0.29888888888888887 0.0715 0.29777777777777775 0.077 0.3022222222222222 0.081 0.31222222222222223 0.0855 0.33444444444444443 0.09 0.37 0.0885 0.38 0.087 0.38222222222222224 0.0835 0.37777777777777777 0.079 0.37444444444444447 0.07 0.36444444444444446 0.0655 0.3422222222222222 0.0605 0.3244444444444444 0.06 0.31666666666666665 0.061
0 0.2411111111111111 0.048 0.24 0.0535 0.24333333333333335 0.0585 0.25333333333333335 0.0625 0.2822222222222222 0.0685 0.3 0.067 0.30666666666666664 0.0655 0.31555555555555553 0.061 0.31222222222222223 0.0555 0.3055555555555556 0.0515 0.29888888888888887 0.0435 0.29333333333333333 0.042 0.2633333333333333 0.0425 0.2544444444444444 0.0415 0.24666666666666667 0.044
0 0.23777777777777778 0.029 0.23777777777777778 0.0355 0.24888888888888888 0.0395 0.2644444444444444 0.042 0.2922222222222222 0.0405 0.3022222222222222 0.0345 0.3022222222222222 0.0315 0.29444444444444445 0.026 0.2822222222222222 0.0205 0.26666666666666666 0.0175 0.2544444444444444 0.0195
0 0.22666666666666666 0.007 0.2288888888888889 0.0095 0.24444444444444444 0.0165 0.2611111111111111 0.017 0.27 0.016 0.28 0.013 0.2966666666666667 0.0045 0.29888888888888887 0.0 0.22777777777777777 0.0
0 0.3111111111111111 0.031 0.3011111111111111 0.039 0.3011111111111111 0.0445 0.3055555555555556 0.05 0.3188888888888889 0.056 0.33 0.059 0.3477777777777778 0.0595 0.35444444444444445 0.0585 0.3622222222222222 0.0535 0.37222222222222223 0.0415 0.37333333333333335 0.032 0.36777777777777776 0.0295 0.35 0.0275 0.3388888888888889 0.0275
0 0.4 0.0305 0.38222222222222224 0.0345 0.37444444444444447 0.039 0.36333333333333334 0.054 0.36333333333333334 0.0615 0.3688888888888889 0.0665 0.37777777777777777 0.07 0.3844444444444444 0.0705 0.39555555555555555 0.0735 0.4066666666666667 0.0735 0.4222222222222222 0.071 0.44333333333333336 0.058 0.4477777777777778 0.051 0.4477777777777778 0.0435 0.4444444444444444 0.0395 0.43555555555555553 0.0355 0.4111111111111111 0.031
0 0.3088888888888889 0.0 0.3088888888888889 0.0015 0.2922222222222222 0.008 0.28555555555555556 0.0135 0.2833333333333333 0.0175 0.28555555555555556 0.0215 0.30444444444444446 0.029 0.3211111111111111 0.029 0.3422222222222222 0.027 0.3488888888888889 0.024 0.35555555555555557 0.015 0.35444444444444445 0.01 0.3333333333333333 0.0015 0.3333333333333333 0.0
0 0.3411111111111111 0.0 0.34555555555555556 0.0055 0.35777777777777775 0.01 0.38 0.01 0.3877777777777778 0.008 0.39666666666666667 0.0025 0.39666666666666667 0.0
0 0.37666666666666665 0.0125 0.37333333333333335 0.018 0.39111111111111113 0.0265 0.4088888888888889 0.0305 0.43 0.034 0.44 0.0345 0.4488888888888889 0.0325 0.45444444444444443 0.029 0.4588888888888889 0.023 0.46 0.0165 0.4577777777777778 0.01 0.45111111111111113 0.007 0.43333333333333335 0.005 0.4111111111111111 0.005 0.3977777777777778 0.0065
0 0.43444444444444447 0.0 0.43666666666666665 0.0035 0.4444444444444444 0.006 0.45666666666666667 0.0075 0.47444444444444445 0.007 0.49777777777777776 0.002 0.49777777777777776 0.0
0 0.5 0.0 0.5 0.0025 0.5044444444444445 0.0055 0.5166666666666667 0.0105 0.5488888888888889 0.014 0.5611111111111111 0.014 0.5666666666666667 0.0115 0.5677777777777778 0.0
0 0.5711111111111111 0.0 0.5688888888888889 0.008 0.5711111111111111 0.0145 0.5755555555555556 0.017 0.5922222222222222 0.0185 0.6133333333333333 0.0185 0.6266666666666667 0.0145 0.6311111111111111 0.0065 0.6288888888888889 0.0
0 0.6288888888888889 0.0 0.6288888888888889 0.0025 0.6355555555555555 0.007 0.6533333333333333 0.0095 0.6622222222222223 0.012 0.6811111111111111 0.011 0.6888888888888889 0.006 0.69 0.0
0 0.6133333333333333 0.02 0.6088888888888889 0.025 0.6088888888888889 0.0295 0.6166666666666667 0.036 0.6511111111111111 0.0455 0.6777777777777778 0.047 0.6855555555555556 0.045 0.6844444444444444 0.0255 0.6688888888888889 0.0155 0.6555555555555556 0.0125 0.6444444444444445 0.012 0.6288888888888889 0.0145
0 0.7022222222222222 0.0 0.7022222222222222 0.0015 0.6911111111111111 0.005 0.6855555555555556 0.0095 0.6844444444444444 0.015 0.6888888888888889 0.026 0.6966666666666667 0.03 0.7044444444444444 0.032 0.7155555555555555 0.0335 0.7366666666666667 0.0335 0.7544444444444445 0.026 0.7577777777777778 0.02 0.7577777777777778 0.013 0.7422222222222222 0.002 0.7422222222222222 0.0
0 0.7788888888888889 0.0 0.7755555555555556 0.0085 0.7766666666666666 0.0155 0.7844444444444445 0.0245 0.7944444444444444 0.0295 0.8088888888888889 0.032 0.82 0.0315 0.85 0.0225 0.8533333333333334 0.018 0.8522222222222222 0.0115 0.8422222222222222 0.004 0.8333333333333334 0.002 0.8322222222222222 0.0
0 0.6255555555555555 0.051 0.6222222222222222 0.0565 0.6233333333333333 0.0685 0.6333333333333333 0.074 0.6455555555555555 0.0775 0.6755555555555556 0.077 0.6922222222222222 0.074 0.6988888888888889 0.0705 0.7033333333333334 0.063 0.7133333333333334 0.0605 0.7133333333333334 0.0565 0.7 0.055 0.6866666666666666 0.0495 0.6766666666666666 0.0475 0.65 0.047
0 0.6077777777777778 0.035 0.59 0.034 0.5766666666666667 0.0355 0.56 0.039 0.5511111111111111 0.044 0.55 0.053 0.5555555555555556 0.0595 0.5688888888888889 0.069 0.5766666666666667 0.072 0.5926666666666667 0.07745 0.6047777777777777 0.077 0.6177777777777778 0.0706 0.6211111111111111 0.064 0.62 0.0445 0.6155555555555555 0.039
0 0.5222222222222223 0.0605 0.5111111111111111 0.065 0.5033333333333333 0.0715 0.5033333333333333 0.0795 0.51 0.0855 0.5355555555555556 0.0925 0.5566666666666666 0.094 0.5711111111111111 0.094 0.5777777777777777 0.0925 0.5833333333333334 0.086 0.5933333333333334 0.0805 0.5922222222222222 0.0775 0.58 0.0745 0.56 0.0635 0.55 0.06 0.5322222222222223 0.0585
0 0.44666666666666666 0.0585 0.43555555555555553 0.0625 0.4266666666666667 0.0695 0.4166666666666667 0.0735 0.4166666666666667 0.081 0.43333333333333335 0.0905 0.44666666666666666 0.0935 0.47444444444444445 0.0945 0.4855555555555556 0.0915 0.49666666666666665 0.0855 0.4988888888888889 0.0815 0.49777777777777776 0.0685 0.48777777777777775 0.0615 0.48 0.059 0.47333333333333333 0.058
0 0.34444444444444444 0.0905 0.3377777777777778 0.093 0.32 0.107 0.3211111111111111 0.112 0.3322222222222222 0.12 0.3422222222222222 0.1235 0.35444444444444445 0.125 0.38 0.125 0.3888888888888889 0.122 0.3933333333333333 0.116 0.38555555555555554 0.1005 0.38 0.0965 0.36666666666666664 0.091 0.3566666666666667 0.0895
0 0.39666666666666667 0.092 0.3877777777777778 0.099 0.3877777777777778 0.1055 0.3933333333333333 0.114 0.4022222222222222 0.1185 0.4177777777777778 0.122 0.42777777777777776 0.122 0.44222222222222224 0.119 0.46 0.113 0.46 0.1035 0.4533333333333333 0.098 0.44222222222222224 0.0925 0.43222222222222223 0.0905 0.4011111111111111 0.0905
0 0.5177777777777778 0.088 0.5111111111111111 0.087 0.4988888888888889 0.0875 0.47888888888888886 0.0945 0.46444444444444444 0.1045 0.4633333333333333 0.1095 0.4677777777777778 0.114 0.4822222222222222 0.1175 0.5011111111111111 0.118 0.5277777777777778 0.1155 0.5388888888888889 0.111 0.5422222222222223 0.107 0.5411111111111111 0.1015 0.5311111111111111 0.0935
0 0.6066666666666667 0.099 0.5977777777777777 0.095 0.5877777777777777 0.093 0.5777777777777777 0.093 0.5655555555555556 0.095 0.5477777777777778 0.1035 0.5333333333333333 0.116 0.5377777777777778 0.118 0.5577777777777778 0.1205 0.5755555555555556 0.1215 0.5966666666666667 0.121 0.6077777777777778 0.117 0.61 0.1145 0.61 0.103
0 0.6366666666666667 0.078 0.6211111111111111 0.081 0.6122222222222222 0.085 0.6066666666666667 0.092 0.6066666666666667 0.0975 0.6122222222222222 0.103 0.6222222222222222 0.1075 0.6388888888888888 0.1125 0.6566666666666666 0.114 0.6688888888888889 0.112 0.6777777777777778 0.107 0.6833333333333333 0.096 0.6788888888888889 0.083 0.6711111111111111 0.078
0 0.8833333333333333 0.027 0.8677777777777778 0.0245 0.8466666666666667 0.025 0.8233333333333334 0.0305 0.8188888888888889 0.033 0.8188888888888889 0.038 0.8255555555555556 0.049 0.8388888888888889 0.054 0.8577777777777778 0.0545 0.89 0.048 0.8966666666666666 0.043 0.8977777777777778 0.037 0.8922222222222222 0.031
0 0.84 0.0565 0.8377777777777777 0.054 0.8288888888888889 0.0505 0.8133333333333334 0.0485 0.7777777777777778 0.05 0.7677777777777778 0.053 0.7544444444444445 0.055 0.7555555555555555 0.0585 0.7677777777777778 0.065 0.8133333333333334 0.0735 0.8255555555555556 0.0735 0.8322222222222222 0.0715 0.8377777777777777 0.0655
0 0.8588888888888889 0.054 0.8511111111111112 0.0605 0.8511111111111112 0.069 0.8555555555555555 0.0735 0.8633333333333333 0.0765 0.8811111111111111 0.0795 0.9022222222222223 0.0795 0.91 0.0785 0.9288888888888889 0.073 0.9344444444444444 0.067 0.9344444444444444 0.064 0.9311111111111111 0.06 0.9155555555555556 0.0525 0.9011111111111111 0.0495 0.8866666666666667 0.049
0 0.7422222222222222 0.0755 0.7355555555555555 0.073 0.7211111111111111 0.072 0.6955555555555556 0.074 0.6777777777777778 0.0775 0.6755555555555556 0.0805 0.6844444444444444 0.0935 0.6933333333333334 0.096 0.7155555555555555 0.0985 0.74 0.0975 0.7466666666666667 0.093 0.7466666666666667 0.0805
0 0.8033333333333333 0.075 0.7666666666666667 0.0755 0.7555555555555555 0.078 0.7477777777777778 0.0835 0.75 0.0925 0.7555555555555555 0.099 0.7666666666666667 0.104 0.7744444444444445 0.105 0.7922222222222223 0.1045 0.8133333333333334 0.101 0.8177777777777778 0.0985 0.8222222222222222 0.0905 0.8211111111111111 0.083
0 0.9244444444444444 0.0745 0.9166666666666666 0.076 0.8911111111111111 0.0875 0.8855555555555555 0.1015 0.89 0.104 0.9133333333333333 0.107 0.9455555555555556 0.1065 0.9577777777777777 0.104 0.9644444444444444 0.0995 0.9644444444444444 0.0885 0.9577777777777777 0.0825 0.9444444444444444 0.0765
0 0.7111111111111111 0.1025 0.7033333333333334 0.106 0.6988888888888889 0.1105 0.6977777777777778 0.1155 0.7044444444444444 0.1225 0.7188888888888889 0.1285 0.7333333333333333 0.131 0.7666666666666667 0.131 0.77 0.129 0.7711111111111111 0.115 0.7655555555555555 0.106 0.7588888888888888 0.102 0.7444444444444445 0.0985 0.7277777777777777 0.0985
0 0.6888888888888889 0.117 0.6722222222222223 0.1245 0.6655555555555556 0.135 0.6544444444444445 0.143 0.6533333333333333 0.1475 0.6655555555555556 0.1565 0.6755555555555556 0.1595 0.6922222222222222 0.1605 0.7111111111111111 0.158 0.7233333333333334 0.154 0.7266666666666667 0.1505 0.7266666666666667 0.138 0.7233333333333334 0.1315 0.7177777777777777 0.1275 0.6955555555555556 0.1175
0 0.6088888888888889 0.1175 0.5955555555555555 0.1225 0.5911111111111111 0.131 0.6 0.135 0.6033333333333334 0.1395 0.62 0.1475 0.6277777777777778 0.1485 0.6488888888888888 0.1485 0.6688888888888889 0.131 0.67 0.1265 0.6677777777777778 0.1225 0.6522222222222223 0.115 0.6377777777777778 0.1135 0.6211111111111111 0.115
0 0.5877777777777777 0.132 0.5655555555555556 0.1345 0.5455555555555556 0.1445 0.54 0.1485 0.5366666666666666 0.154 0.5377777777777778 0.1585 0.5422222222222223 0.163 0.5544444444444444 0.1675 0.5677777777777778 0.1705 0.5855555555555556 0.1705 0.5988888888888889 0.166 0.6111111111111112 0.1575 0.6166666666666667 0.1505 0.6166666666666667 0.146 0.6133333333333333 0.1435 0.6011111111111112 0.1385 0.5977777777777777 0.1345
0 0.5555555555555556 0.1255 0.5455555555555556 0.1205 0.53 0.117 0.5144444444444445 0.117 0.5 0.119 0.48444444444444446 0.128 0.4822222222222222 0.1445 0.4866666666666667 0.1465 0.5055555555555555 0.147 0.5166666666666667 0.1485 0.53 0.1475 0.5577777777777778 0.1365 0.56 0.131
0 0.46444444444444444 0.12 0.4477777777777778 0.1185 0.4255555555555556 0.123 0.4166666666666667 0.131 0.41555555555555557 0.14 0.42 0.146 0.4266666666666667 0.1485 0.43777777777777777 0.1505 0.44666666666666666 0.1505 0.4633333333333333 0.1485 0.47555555555555556 0.1445 0.4822222222222222 0.1365 0.4822222222222222 0.129 0.47888888888888886 0.1255
0 0.34 0.1285 0.32555555555555554 0.1375 0.3244444444444444 0.1495 0.33111111111111113 0.1555 0.34444444444444444 0.16 0.3655555555555556 0.163 0.38666666666666666 0.1615 0.39555555555555555 0.158 0.39666666666666667 0.1555 0.4077777777777778 0.1505 0.4088888888888889 0.1425 0.40444444444444444 0.1375 0.3877777777777778 0.1295 0.37444444444444447 0.126 0.3522222222222222 0.126
0 0.29444444444444445 0.1505 0.2877777777777778 0.157 0.2877777777777778 0.163 0.2922222222222222 0.171 0.3011111111111111 0.176 0.31555555555555553 0.1785 0.33666666666666667 0.179 0.35444444444444445 0.175 0.36444444444444446 0.17 0.3655555555555556 0.1645 0.3611111111111111 0.1625 0.3488888888888889 0.161 0.3388888888888889 0.158 0.3211111111111111 0.148 0.30777777777777776 0.147
0 0.19444444444444445 0.119 0.18888888888888888 0.127 0.18444444444444444 0.13 0.18333333333333332 0.1355 0.1922222222222222 0.151 0.2 0.154 0.21444444444444444 0.156 0.23444444444444446 0.152 0.24555555555555555 0.1485 0.25222222222222224 0.1435 0.2511111111111111 0.1395 0.24555555555555555 0.1325 0.23333333333333334 0.126 0.20333333333333334 0.119
0 0.16 0.104 0.14555555555555555 0.1095 0.1411111111111111 0.115 0.1411111111111111 0.1225 0.1511111111111111 0.1285 0.17777777777777778 0.1295 0.18666666666666668 0.1275 0.19111111111111112 0.1245 0.19777777777777777 0.1165 0.19777777777777777 0.111 0.18 0.1045 0.17 0.1035
0 0.1688888888888889 0.13 0.14888888888888888 0.1295 0.11888888888888889 0.138 0.11333333333333333 0.142 0.10666666666666667 0.15 0.10777777777777778 0.155 0.13444444444444445 0.164 0.15555555555555556 0.165 0.18333333333333332 0.1595 0.18888888888888888 0.156 0.19111111111111112 0.1485 0.18777777777777777 0.141 0.17777777777777778 0.133
0 0.0 0.1255 0.0 0.153 0.005555555555555556 0.153 0.011111111111111112 0.148 0.011111111111111112 0.137 0.005555555555555556 0.131 0.0044444444444444444 0.1255
0 0.09333333333333334 0.095 0.07888888888888888 0.0995 0.07333333333333333 0.11 0.07444444444444444 0.1155 0.07733333333333332 0.11865 0.08222222222222222 0.1225 0.08855555555555555 0.1268 0.09444444444444444 0.127 0.09888888888888889 0.128 0.12111111111111111 0.1275 0.13777777777777778 0.1195 0.1388888888888889 0.1095 0.13666666666666666 0.103 0.11444444444444445 0.094
0 0.07444444444444444 0.0625 0.06888888888888889 0.067 0.06777777777777778 0.0765 0.07777777777777778 0.0885 0.08666666666666667 0.092 0.09333333333333334 0.093 0.11 0.0925 0.12555555555555556 0.0895 0.14 0.0805 0.14 0.0765 0.13444444444444445 0.0725 0.12 0.0665 0.10111111111111111 0.0625 0.09222222222222222 0.0615
0 0.0 0.078 0.0 0.092 0.0033333333333333335 0.092 0.0077777777777777776 0.095 0.024444444444444446 0.1 0.05 0.102 0.058888888888888886 0.104 0.06666666666666667 0.104 0.07222222222222222 0.094 0.07222222222222222 0.086 0.06444444444444444 0.076 0.05444444444444444 0.0715 0.044444444444444446 0.0695 0.028888888888888888 0.0695 0.016666666666666666 0.072 0.0033333333333333335 0.078
0 0.0 0.093 0.0 0.116 0.005555555555555556 0.116 0.021111111111111112 0.1085 0.021111111111111112 0.0995 0.0044444444444444444 0.093
0 0.024444444444444446 0.108 0.01 0.115 0.006666666666666667 0.1315 0.012222222222222223 0.137 0.027777777777777776 0.139 0.05555555555555555 0.139 0.06444444444444444 0.137 0.08555555555555555 0.1285 0.08666666666666667 0.1265 0.07777777777777778 0.1215 0.07 0.1135 0.05 0.108
0 0.0811111111111111 0.1315 0.058888888888888886 0.139 0.056666666666666664 0.144 0.06 0.1495 0.07444444444444444 0.1555 0.10222222222222223 0.1565 0.10555555555555556 0.155 0.10555555555555556 0.15 0.10888888888888888 0.1485 0.11444444444444445 0.138 0.1 0.1315
0 0.05444444444444444 0.149 0.027777777777777776 0.148 0.01888888888888889 0.15 0.011111111111111112 0.155 0.005555555555555556 0.1665 0.005555555555555556 0.1765 0.012222222222222223 0.1835 0.017777777777777778 0.1855 0.03111111111111111 0.186 0.04888888888888889 0.1835 0.07666666666666666 0.17 0.07777777777777778 0.162 0.07444444444444444 0.1565
0 0.24222222222222223 0.151 0.22 0.155 0.2111111111111111 0.158 0.20777777777777778 0.161 0.20777777777777778 0.1675 0.21333333333333335 0.1745 0.2222222222222222 0.1795 0.23777777777777778 0.1835 0.2577777777777778 0.1855 0.27111111111111114 0.183 0.28555555555555556 0.1765 0.2877777777777778 0.174 0.2866666666666667 0.1645 0.2777777777777778 0.157 0.2688888888888889 0.1535 0.2588888888888889 0.1515
0 0.18222222222222223 0.162 0.17222222222222222 0.162 0.16333333333333333 0.164 0.15777777777777777 0.1665 0.15333333333333332 0.172 0.1511111111111111 0.188 0.1688888888888889 0.196 0.17777777777777778 0.1955 0.2 0.19 0.21444444444444444 0.182 0.21444444444444444 0.177 0.2088888888888889 0.17
0 0.10222222222222223 0.1605 0.09111111111111111 0.1635 0.08222222222222222 0.1695 0.08333333333333333 0.178 0.08777777777777777 0.1825 0.09666666666666666 0.1875 0.11555555555555555 0.192 0.1288888888888889 0.192 0.1411111111111111 0.1905 0.14666666666666667 0.188 0.15 0.1835 0.15222222222222223 0.166 0.1388888888888889 0.1645 0.11777777777777777 0.159
0 0.06444444444444444 0.1765 0.042222222222222223 0.1875 0.04 0.191 0.04111111111111111 0.199 0.051111111111111114 0.204 0.07222222222222222 0.208 0.09222222222222222 0.207 0.09777777777777778 0.2055 0.10111111111111111 0.202 0.10111111111111111 0.1965 0.09666666666666666 0.1895 0.08333333333333333 0.179 0.07666666666666666 0.176
0 0.20222222222222222 0.1885 0.2 0.1935 0.20555555555555555 0.206 0.2222222222222222 0.214 0.2311111111111111 0.2145 0.25 0.212 0.26555555555555554 0.207 0.27 0.202 0.2688888888888889 0.1965 0.2588888888888889 0.187 0.24333333333333335 0.1845 0.22 0.184 0.2088888888888889 0.1855
0 0.2688888888888889 0.185 0.27111111111111114 0.2005 0.2733333333333333 0.203 0.2877777777777778 0.2085 0.30666666666666664 0.2105 0.32 0.2095 0.3433333333333333 0.2035 0.35888888888888887 0.1965 0.36666666666666664 0.1875 0.36444444444444446 0.1825 0.35333333333333333 0.179 0.3333333333333333 0.1795 0.2922222222222222 0.178 0.2822222222222222 0.1795
0 0.4533333333333333 0.1535 0.44222222222222224 0.152 0.4255555555555556 0.152 0.4166666666666667 0.155 0.39666666666666667 0.159 0.37777777777777777 0.166 0.3724444444444444 0.16725 0.3741111111111111 0.16945 0.378 0.1718 0.38222222222222224 0.174 0.39444444444444443 0.1805 0.4211111111111111 0.1835 0.43333333333333335 0.1835 0.4533333333333333 0.1795 0.46111111111111114 0.1745 0.46111111111111114 0.162 0.4577777777777778 0.156
0 0.5211111111111111 0.15 0.5011111111111111 0.1475 0.48 0.148 0.47444444444444445 0.149 0.46444444444444444 0.1535 0.4622222222222222 0.156 0.4633333333333333 0.1705 0.4666666666666667 0.1735 0.47888888888888886 0.1785 0.4855555555555556 0.1795 0.5033333333333333 0.1795 0.5133333333333333 0.178 0.52 0.175 0.5288888888888889 0.16 0.5277777777777778 0.1535
0 0.5166666666666667 0.1775 0.5144444444444445 0.181 0.5155555555555555 0.186 0.5355555555555556 0.192 0.57 0.194 0.5788888888888889 0.1935 0.5911111111111111 0.1895 0.5877777777777777 0.177 0.5833333333333334 0.1735 0.58 0.1725 0.5711111111111111 0.1725 0.5455555555555556 0.165 0.5355555555555556 0.166 0.5288888888888889 0.169 0.5233333333333333 0.175
0 0.6122222222222222 0.158 0.6022222222222222 0.1645 0.5888888888888889 0.17 0.5888888888888889 0.182 0.5955555555555555 0.19 0.6077777777777778 0.1945 0.62 0.196 0.6377777777777778 0.195 0.65 0.192 0.6566666666666666 0.189 0.66 0.184 0.66 0.177 0.6544444444444445 0.1705 0.6422222222222222 0.163 0.6222222222222222 0.1585
0 0.62 0.197 0.6122222222222222 0.204 0.6122222222222222 0.2095 0.62 0.2135 0.6655555555555556 0.218 0.6777777777777778 0.213 0.6788888888888889 0.207 0.6744444444444444 0.201 0.6666666666666666 0.2015 0.6622222222222223 0.1985 0.6433333333333333 0.1965
0 0.6688888888888889 0.1695 0.6611111111111111 0.174 0.66 0.1895 0.6644444444444444 0.1955 0.6733333333333333 0.199 0.6811111111111111 0.2 0.7044444444444444 0.2 0.7166666666666667 0.1975 0.7233333333333334 0.1935 0.7233333333333334 0.189 0.7144444444444444 0.18 0.7 0.172 0.6833333333333333 0.169 0.6733333333333333 0.1685
0 0.9155555555555556 0.108 0.9 0.1135 0.8922222222222222 0.1195 0.8911111111111111 0.1275 0.8966666666666666 0.132 0.8988888888888888 0.1375 0.9011111111111111 0.139 0.9177777777777778 0.143 0.9344444444444444 0.144 0.9477777777777778 0.143 0.9611111111111111 0.1385 0.97 0.132 0.9677777777777777 0.123 0.9588888888888889 0.117 0.9411111111111111 0.109 0.93 0.1075
0 0.7377777777777778 0.158 0.7288888888888889 0.1615 0.7166666666666667 0.17 0.7155555555555555 0.1745 0.72 0.179 0.7444444444444445 0.186 0.78 0.1895 0.7844444444444445 0.1875 0.7911111111111111 0.18 0.7911111111111111 0.17 0.7866666666666666 0.1655 0.7777777777777778 0.161 0.7644444444444445 0.157 0.7511111111111111 0.156
0 0.4255555555555556 0.1845 0.39555555555555555 0.182 0.38222222222222224 0.185 0.36444444444444446 0.193 0.35888888888888887 0.197 0.35777777777777775 0.2035 0.3611111111111111 0.207 0.3844444444444444 0.2155 0.4088888888888889 0.214 0.4166666666666667 0.2115 0.4311111111111111 0.2045 0.43333333333333335 0.2015 0.43222222222222223 0.1915 0.4288888888888889 0.186
0 0.45222222222222225 0.1825 0.43666666666666665 0.1925 0.43555555555555553 0.1975 0.44 0.202 0.4622222222222222 0.2095 0.4866666666666667 0.2095 0.49666666666666665 0.2035 0.5033333333333333 0.1945 0.5022222222222222 0.1885 0.49444444444444446 0.1815 0.4711111111111111 0.18
0 0.45111111111111113 0.2125 0.4411111111111111 0.2085 0.4288888888888889 0.2065 0.41444444444444445 0.213 0.41 0.2185 0.39 0.2275 0.39 0.229 0.41555555555555557 0.2295 0.45222222222222225 0.219 0.4533333333333333 0.215
0 0.15333333333333332 0.191 0.14333333333333334 0.1905 0.11888888888888889 0.1935 0.10333333333333333 0.2 0.09888888888888889 0.2035 0.09666666666666666 0.2095 0.1 0.2145 0.11333333333333333 0.2205 0.12555555555555556 0.2235 0.13444444444444445 0.2245 0.15222222222222223 0.224 0.17666666666666667 0.213 0.17777777777777778 0.203 0.1711111111111111 0.1975
0 0.3433333333333333 0.21 0.33444444444444443 0.212 0.3233333333333333 0.217 0.3188888888888889 0.223 0.3211111111111111 0.229 0.3377777777777778 0.2365 0.36333333333333334 0.237 0.38222222222222224 0.231 0.38555555555555554 0.229 0.3877777777777778 0.223 0.3788888888888889 0.2165 0.3622222222222222 0.21
0 0.2633333333333333 0.2095 0.25 0.2135 0.24222222222222223 0.2205 0.24 0.229 0.24333333333333335 0.2325 0.25333333333333335 0.237 0.26666666666666666 0.2395 0.28444444444444444 0.2405 0.3022222222222222 0.238 0.3188888888888889 0.23 0.3188888888888889 0.223 0.31555555555555553 0.216 0.30777777777777776 0.212 0.29888888888888887 0.21 0.2833333333333333 0.2085
0 0.6122222222222222 0.633 0.6044444444444445 0.6435 0.6077777777777778 0.6535 0.6122222222222222 0.657 0.621 0.6574500000000001 0.6322222222222222 0.6645 0.6477777777777778 0.6665 0.6666666666666666 0.667 0.6733333333333333 0.665 0.6788888888888889 0.6605 0.6933333333333334 0.6585 0.6911111111111111 0.6445 0.6888888888888889 0.6425 0.6611111111111111 0.6325 0.6466666666666666 0.6295 0.6344444444444445 0.6315
0 0.11888888888888889 0.2225 0.11 0.223 0.09888888888888889 0.2255 0.08444444444444445 0.2325 0.07888888888888888 0.24 0.08555555555555555 0.25 0.09666666666666666 0.254 0.10666666666666667 0.2555 0.11777777777777777 0.2555 0.13555555555555557 0.2515 0.15 0.2455 0.1511111111111111 0.236 0.1411111111111111 0.227
0 0.06777777777777778 0.2075 0.058888888888888886 0.2065 0.051111111111111114 0.207 0.042222222222222223 0.209 0.034444444444444444 0.2125 0.025555555555555557 0.224 0.027777777777777776 0.231 0.03333333333333333 0.2335 0.043333333333333335 0.2355 0.06555555555555556 0.2355 0.0811111111111111 0.233 0.09222222222222222 0.2285 0.09555555555555556 0.223 0.09111111111111111 0.218 0.0811111111111111 0.212
0 0.012222222222222223 0.2755 0.0044444444444444444 0.28 0.0 0.28 0.0 0.315 0.022222222222222223 0.316 0.03111111111111111 0.315 0.044444444444444446 0.311 0.04888888888888889 0.305 0.05 0.294 0.04111111111111111 0.2875 0.03777777777777778 0.2815 0.023333333333333334 0.2765
0 0.08444444444444445 0.2635 0.06777777777777778 0.265 0.04777777777777778 0.273 0.04111111111111111 0.282 0.04111111111111111 0.287 0.04777777777777778 0.292 0.05444444444444444 0.294 0.07 0.296 0.08555555555555555 0.295 0.1 0.2905 0.1111111111111111 0.284 0.11222222222222222 0.2745 0.10777777777777778 0.27 0.09888888888888889 0.266
0 0.17888888888888888 0.247 0.16666666666666666 0.2465 0.14444444444444443 0.2485 0.11444444444444445 0.256 0.10888888888888888 0.2585 0.10555555555555556 0.2625 0.10555555555555556 0.268 0.11444444444444445 0.275 0.12333333333333334 0.279 0.14222222222222222 0.2825 0.15555555555555556 0.2825 0.17222222222222222 0.2765 0.18222222222222223 0.2695 0.18666666666666668 0.26 0.18555555555555556 0.2505
0 0.20333333333333334 0.251 0.19777777777777777 0.2545 0.19666666666666666 0.26 0.19777777777777777 0.264 0.20777777777777778 0.272 0.24222222222222223 0.2735 0.2577777777777778 0.2685 0.2611111111111111 0.2555 0.25333333333333335 0.2485 0.24 0.2465 0.22666666666666666 0.2465
0 0.3188888888888889 0.234 0.3088888888888889 0.2375 0.2822222222222222 0.242 0.2733333333333333 0.246 0.2644444444444444 0.2545 0.2644444444444444 0.2605 0.2688888888888889 0.264 0.2777777777777778 0.268 0.29333333333333333 0.272 0.31777777777777777 0.2725 0.33444444444444443 0.263 0.34 0.2525 0.3388888888888889 0.249 0.3333333333333333 0.2445 0.3288888888888889 0.237
0 0.33444444444444443 0.2645 0.3233333333333333 0.271 0.3288888888888889 0.2825 0.3411111111111111 0.2885 0.3522222222222222 0.292 0.3622222222222222 0.293 0.37333333333333335 0.291 0.39 0.28 0.3888888888888889 0.267 0.37222222222222223 0.264 0.3433333333333333 0.263
0 0.5444444444444444 0.1985 0.5366666666666666 0.202 0.53 0.208 0.5322222222222223 0.2135 0.5422222222222223 0.224 0.5477777777777778 0.2265 0.5766666666666667 0.232 0.5955555555555555 0.232 0.61 0.222 0.6111111111111112 0.2095 0.6088888888888889 0.204 0.6033333333333334 0.1995 0.59 0.194 0.5655555555555556 0.195
0 0.5055555555555555 0.2005 0.4988888888888889 0.202 0.4955555555555556 0.2055 0.48444444444444446 0.2115 0.4811111111111111 0.2185 0.4811111111111111 0.225 0.48444444444444446 0.228 0.4922222222222222 0.231 0.5255555555555556 0.231 0.5377777777777778 0.2285 0.54 0.2265 0.5388888888888889 0.22 0.5288888888888889 0.2075 0.5222222222222223 0.206 0.51 0.2005
0 0.4177777777777778 0.2365 0.4066666666666667 0.234 0.39111111111111113 0.234 0.3788888888888889 0.235 0.35888888888888887 0.239 0.3433333333333333 0.2485 0.3411111111111111 0.2535 0.3422222222222222 0.2605 0.3477777777777778 0.262 0.36666666666666664 0.263 0.38 0.2655 0.39 0.266 0.42777777777777776 0.256 0.4288888888888889 0.2515 0.4255555555555556 0.244
0 0.45555555555555555 0.22 0.44666666666666666 0.2215 0.4255555555555556 0.2285 0.42444444444444446 0.2405 0.43 0.249 0.43666666666666665 0.252 0.4477777777777778 0.2525 0.45555555555555555 0.256 0.46444444444444444 0.258 0.47555555555555556 0.258 0.4888888888888889 0.254 0.49444444444444446 0.249 0.49333333333333335 0.237 0.48444444444444446 0.2275 0.4666666666666667 0.221
0 0.5222222222222223 0.232 0.5088888888888888 0.24 0.5011111111111111 0.2475 0.5033333333333333 0.252 0.5066666666666667 0.2535 0.5311111111111111 0.2585 0.5611111111111111 0.2575 0.5733333333333334 0.254 0.5755555555555556 0.2525 0.5755555555555556 0.2435 0.57 0.2375 0.5577777777777778 0.2305 0.5488888888888889 0.229 0.5388888888888889 0.229
0 0.5966666666666667 0.2325 0.5888888888888889 0.239 0.5888888888888889 0.2485 0.6044444444444445 0.2565 0.61 0.2575 0.6311111111111111 0.2575 0.6477777777777778 0.2565 0.6566666666666666 0.2571 0.6644444444444444 0.2575 0.6677777777777778 0.2565 0.6744444444444444 0.25 0.6744444444444444 0.244 0.6711111111111111 0.2405 0.6622222222222223 0.236 0.6311111111111111 0.227 0.6088888888888889 0.2275
0 0.6511111111111111 0.2245 0.65 0.229 0.6633333333333333 0.2365 0.6766666666666666 0.2415 0.7 0.2455 0.7266666666666667 0.246 0.7377777777777778 0.241 0.7422222222222222 0.228 0.7377777777777778 0.221 0.7266666666666667 0.2175 0.6811111111111111 0.2135 0.6633333333333333 0.221
0 0.7433333333333333 0.188 0.7377777777777778 0.19 0.7288888888888889 0.191 0.7222222222222222 0.196 0.7077777777777777 0.201 0.7077777777777777 0.207 0.7166666666666667 0.2135 0.7255555555555555 0.217 0.7444444444444445 0.221 0.7666666666666667 0.221 0.7744444444444445 0.2185 0.7822222222222223 0.213 0.78 0.203 0.7733333333333333 0.196 0.7622222222222222 0.19 0.7533333333333333 0.1875
0 0.7955555555555556 0.2075 0.7766666666666666 0.2165 0.7744444444444445 0.221 0.7788888888888889 0.2255 0.7955555555555556 0.233 0.82 0.24 0.84 0.238 0.8466666666666667 0.224 0.8333333333333334 0.2095 0.8233333333333334 0.2055 0.8088888888888889 0.205
0 0.84 0.1375 0.83 0.139 0.81 0.1545 0.81 0.163 0.8122222222222222 0.166 0.8211111111111111 0.1695 0.8322222222222222 0.17 0.8488888888888889 0.1685 0.87 0.1635 0.8755555555555555 0.1595 0.8766666666666667 0.154 0.8744444444444445 0.1515 0.8566666666666667 0.142
0 0.8766666666666667 0.1655 0.8677777777777778 0.1685 0.8622222222222222 0.1735 0.8611111111111112 0.18 0.8644444444444445 0.187 0.88 0.194 0.9 0.1935 0.9122222222222223 0.1895 0.9222222222222223 0.182 0.9244444444444444 0.175 0.9222222222222223 0.17 0.8988888888888888 0.1655
0 0.9322222222222222 0.2045 0.9288888888888889 0.2015 0.9222222222222223 0.1995 0.9044444444444445 0.1975 0.8911111111111111 0.1975 0.8633333333333333 0.1995 0.8555555555555555 0.201 0.8522222222222222 0.2045 0.8522222222222222 0.2095 0.8555555555555555 0.2125 0.8644444444444445 0.2155 0.8744444444444445 0.2155 0.8833333333333333 0.2145 0.8911111111111111 0.212 0.9266666666666666 0.2105 0.93 0.209
0 0.89 0.2435 0.8644444444444445 0.2525 0.8611111111111112 0.256 0.8622222222222222 0.2605 0.8955555555555555 0.275 0.8988888888888888 0.28 0.91 0.281 0.9244444444444444 0.2805 0.9355555555555556 0.277 0.9388888888888889 0.2735 0.9388888888888889 0.2645 0.9344444444444444 0.2525 0.9255555555555556 0.249 0.9133333333333333 0.2475 0.9011111111111111 0.2425
0 0.9133333333333333 0.2185 0.9 0.2125 0.8911111111111111 0.2125 0.8833333333333333 0.215 0.8633333333333333 0.217 0.8466666666666667 0.2255 0.8422222222222222 0.235 0.8433333333333334 0.2385 0.8522222222222222 0.2405 0.8822222222222222 0.243 0.9033333333333333 0.2415 0.9144444444444444 0.239 0.92 0.236 0.9222222222222223 0.2285
0 0.8177777777777778 0.2395 0.7877777777777778 0.2305 0.7766666666666666 0.2305 0.7611111111111111 0.234 0.75 0.24 0.7466666666666667 0.2475 0.7511111111111111 0.253 0.7566666666666667 0.256 0.7577777777777778 0.2615 0.7666666666666667 0.263 0.7722222222222223 0.262 0.7877777777777778 0.262 0.8133333333333334 0.2555 0.8222222222222222 0.248 0.8211111111111111 0.242
0 0.7011111111111111 0.2465 0.6922222222222222 0.251 0.6922222222222222 0.2635 0.7 0.273 0.7033333333333334 0.281 0.7077777777777777 0.2825 0.7177777777777777 0.283 0.7433333333333333 0.273 0.7533333333333333 0.264 0.7544444444444445 0.255 0.7466666666666667 0.25 0.7344444444444445 0.247
0 0.6388888888888888 0.2585 0.6288888888888889 0.2645 0.6244444444444445 0.2705 0.6244444444444445 0.2775 0.6344444444444445 0.2875 0.6422222222222222 0.2905 0.6544444444444445 0.2925 0.68 0.2925 0.6955555555555556 0.29 0.7 0.2875 0.7022222222222222 0.2815 0.6988888888888889 0.272 0.6911111111111111 0.2645 0.6755555555555556 0.2585 0.6677777777777778 0.2585 0.6594444444444445 0.25789999999999996 0.6488888888888888 0.2585
0 0.5922222222222222 0.2545 0.57 0.2555 0.56 0.26 0.5544444444444444 0.2675 0.5555555555555556 0.2755 0.5588888888888889 0.279 0.5666666666666667 0.2835 0.5777777777777777 0.2855 0.5966666666666667 0.284 0.61 0.281 0.62 0.275 0.6211111111111111 0.27 0.6166666666666667 0.2625 0.6055555555555555 0.257
0 0.4811111111111111 0.259 0.4722222222222222 0.261 0.4677777777777778 0.2635 0.46555555555555556 0.2845 0.4722222222222222 0.2895 0.48333333333333334 0.29 0.4911111111111111 0.2925 0.5 0.292 0.5177777777777778 0.2885 0.5244444444444445 0.285 0.5311111111111111 0.276 0.53 0.27 0.5233333333333333 0.2635 0.5155555555555555 0.261 0.5 0.259
0 0.4488888888888889 0.253 0.4388888888888889 0.2525 0.42777777777777776 0.2575 0.4 0.264 0.39222222222222225 0.269 0.39 0.2745 0.39222222222222225 0.279 0.4088888888888889 0.2865 0.4177777777777778 0.288 0.43444444444444447 0.2885 0.4488888888888889 0.2865 0.46111111111111114 0.2815 0.46555555555555556 0.2725 0.4633333333333333 0.26
0 0.15555555555555556 0.286 0.14555555555555555 0.283 0.12777777777777777 0.2805 0.11666666666666667 0.282 0.08777777777777777 0.295 0.08333333333333333 0.3025 0.08444444444444445 0.3085 0.09111111111111111 0.3105 0.11666666666666667 0.313 0.13666666666666666 0.313 0.15222222222222223 0.31 0.15777777777777777 0.3065 0.16 0.302 0.15888888888888889 0.2915
0 0.31 0.2735 0.3011111111111111 0.274 0.28 0.2705 0.2544444444444444 0.273 0.24222222222222223 0.2755 0.23333333333333334 0.2785 0.22666666666666666 0.283 0.23666666666666666 0.2955 0.25555555555555554 0.3035 0.2688888888888889 0.3035 0.2788888888888889 0.302 0.2877777777777778 0.299 0.29888888888888887 0.291 0.31222222222222223 0.2765
0 0.18555555555555556 0.271 0.17444444444444446 0.2755 0.16777777777777778 0.2825 0.16666666666666666 0.2925 0.1688888888888889 0.295 0.20222222222222222 0.301 0.2222222222222222 0.3 0.23333333333333334 0.295 0.23333333333333334 0.291 0.22777777777777777 0.286 0.21444444444444444 0.2775 0.19666666666666666 0.2715
0 0.23666666666666666 0.2975 0.23 0.297 0.22444444444444445 0.3 0.21444444444444444 0.302 0.20222222222222222 0.3015 0.19 0.2995 0.18333333333333332 0.3005 0.18222222222222223 0.3115 0.18444444444444444 0.314 0.1988888888888889 0.3205 0.21222222222222223 0.3245 0.22111111111111112 0.3235 0.24333333333333335 0.3155 0.24888888888888888 0.3115 0.25222222222222224 0.307 0.2511111111111111 0.3025
0 0.30777777777777776 0.285 0.2922222222222222 0.2955 0.29 0.307 0.29333333333333333 0.3105 0.29888888888888887 0.3135 0.31333333333333335 0.316 0.33555555555555555 0.3155 0.35444444444444445 0.312 0.3611111111111111 0.3075 0.3611111111111111 0.304 0.35555555555555557 0.2945 0.3411111111111111 0.2885 0.31777777777777777 0.2835
0 0.25666666666666665 0.3075 0.2511111111111111 0.3105 0.25 0.3145 0.2633333333333333 0.3175 0.27111111111111114 0.3245 0.27555555555555555 0.334 0.2788888888888889 0.3355 0.3 0.334 0.31333333333333335 0.3265 0.31555555555555553 0.3235 0.31333333333333335 0.3195 0.2822222222222222 0.3055 0.27111111111111114 0.305
0 0.44222222222222224 0.292 0.43555555555555553 0.29 0.4033333333333333 0.2875 0.36 0.2945 0.36 0.302 0.3655555555555556 0.3075 0.3811111111111111 0.313 0.39444444444444443 0.3145 0.40555555555555556 0.314 0.41333333333333333 0.3125 0.42444444444444446 0.307 0.43222222222222223 0.3005 0.4444444444444444 0.295
0 0.48333333333333334 0.29 0.47333333333333333 0.29 0.4622222222222222 0.2935 0.4444444444444444 0.296 0.43333333333333335 0.301 0.4266666666666667 0.3065 0.4255555555555556 0.3145 0.4288888888888889 0.321 0.44333333333333336 0.327 0.4633333333333333 0.3315 0.4855555555555556 0.331 0.5044444444444445 0.3225 0.5032222222222222 0.31885 0.5021111111111111 0.31510000000000005 0.5013333333333333 0.31035 0.5015555555555555 0.30445 0.5 0.3025 0.5033333333333333 0.299
0 0.5266666666666666 0.29 0.5177777777777778 0.2915 0.5033333333333333 0.298 0.5018888888888888 0.30225 0.5026666666666666 0.31065 0.5044444444444445 0.319 0.5077777777777778 0.322 0.5188888888888888 0.327 0.5377777777777778 0.3275 0.5533333333333333 0.325 0.5655555555555556 0.319 0.5677777777777778 0.2985 0.5611111111111111 0.2945 0.5488888888888889 0.2905
0 0.6511111111111111 0.2945 0.6388888888888888 0.289 0.6177777777777778 0.2835 0.6022222222222222 0.2835 0.5844444444444444 0.286 0.5711111111111111 0.291 0.5666666666666667 0.2945 0.5733333333333334 0.31 0.5766666666666667 0.313 0.5855555555555556 0.3155 0.5988888888888889 0.3165 0.6177777777777778 0.316 0.6477777777777778 0.3025 0.6544444444444445 0.301 0.6555555555555556 0.298
0 0.7711111111111111 0.279 0.7588888888888888 0.276 0.7377777777777778 0.276 0.71 0.2845 0.7044444444444444 0.287 0.7011111111111111 0.2915 0.7177777777777777 0.3015 0.73 0.303 0.7544444444444445 0.303 0.7622222222222222 0.302 0.7722222222222223 0.299 0.7777777777777778 0.2955 0.7777777777777778 0.2895
0 0.7955555555555556 0.2595 0.7844444444444445 0.2635 0.7788888888888889 0.2745 0.7788888888888889 0.2855 0.7844444444444445 0.2915 0.7955555555555556 0.2965 0.8088888888888889 0.2985 0.8233333333333334 0.298 0.84 0.295 0.8488888888888889 0.2915 0.8544444444444445 0.286 0.8544444444444445 0.279 0.8488888888888889 0.273 0.83 0.2635 0.8133333333333334 0.2585
0 0.8588888888888889 0.2855 0.8522222222222222 0.2905 0.85 0.295 0.8611111111111112 0.3045 0.8733333333333333 0.3095 0.8833333333333333 0.312 0.9066666666666666 0.3115 0.9211111111111111 0.3095 0.9322222222222222 0.3055 0.9355555555555556 0.3015 0.9355555555555556 0.294 0.9311111111111111 0.288 0.92 0.282 0.9011111111111111 0.2815 0.8911111111111111 0.2795 0.8822222222222222 0.2795
0 0.6933333333333334 0.315 0.6844444444444444 0.326 0.6855555555555556 0.33 0.6922222222222222 0.332 0.7433333333333333 0.339 0.7555555555555555 0.339 0.7666666666666667 0.337 0.7777777777777778 0.33 0.7777777777777778 0.326 0.7666666666666667 0.3225 0.7577777777777778 0.3155 0.7433333333333333 0.3105 0.71 0.3105
0 0.6622222222222223 0.3025 0.65 0.304 0.6377777777777778 0.308 0.6311111111111111 0.314 0.6311111111111111 0.317 0.6344444444444445 0.3215 0.6555555555555556 0.3295 0.6655555555555556 0.33 0.6833333333333333 0.324 0.6922222222222222 0.3155 0.6922222222222222 0.313 0.6844444444444444 0.306 0.6744444444444444 0.3035
0 0.6733333333333333 0.329 0.6655555555555556 0.332 0.6544444444444445 0.3415 0.6544444444444445 0.3525 0.6566666666666666 0.3575 0.6711111111111111 0.364 0.6777777777777778 0.3655 0.6844444444444444 0.3655 0.7 0.363 0.7088888888888889 0.358 0.7122222222222222 0.354 0.7122222222222222 0.345 0.7044444444444444 0.337
0 0.6133333333333333 0.317 0.5888888888888889 0.3175 0.5722222222222222 0.3245 0.5677777777777778 0.329 0.5655555555555556 0.339 0.5688888888888889 0.344 0.5733333333333334 0.3465 0.5777777777777777 0.3575 0.5855555555555556 0.3595 0.6011111111111112 0.359 0.6311111111111111 0.353 0.6455555555555555 0.3465 0.65 0.342 0.65 0.3365 0.6444444444444445 0.327 0.6255555555555555 0.32
0 0.7777777777777778 0.297 0.7566666666666667 0.303 0.7566666666666667 0.3145 0.7644444444444445 0.3215 0.7722222222222223 0.3235 0.7833333333333333 0.329 0.7955555555555556 0.332 0.8044444444444444 0.332 0.8122222222222222 0.3305 0.8255555555555556 0.324 0.83 0.315 0.8288888888888889 0.307 0.82 0.3015 0.8133333333333334 0.2995 0.7955555555555556 0.297
0 0.8477777777777777 0.307 0.8355555555555556 0.31 0.83 0.316 0.83 0.33 0.8355555555555556 0.336 0.8466666666666667 0.341 0.8555555555555555 0.343 0.8744444444444445 0.3435 0.8988888888888888 0.3345 0.9 0.328 0.8966666666666666 0.322 0.89 0.317 0.87 0.309 0.8633333333333333 0.3075
0 0.8022222222222222 0.338 0.7911111111111111 0.3415 0.7866666666666666 0.3485 0.7966666666666666 0.364 0.8122222222222222 0.37 0.8322222222222222 0.37 0.8488888888888889 0.366 0.8588888888888889 0.3605 0.8588888888888889 0.3545 0.8533333333333334 0.349 0.8444444444444444 0.345 0.8211111111111111 0.3385 0.8144444444444444 0.3375
0 0.8777777777777778 0.3435 0.8733333333333333 0.348 0.8733333333333333 0.354 0.8822222222222222 0.361 0.8966666666666666 0.3655 0.9333333333333333 0.3695 0.9433333333333334 0.369 0.9522222222222222 0.3715 0.9544444444444444 0.3675 0.9611111111111111 0.3655 0.9611111111111111 0.3595 0.9544444444444444 0.3555 0.9488888888888889 0.349 0.93 0.34 0.9188888888888889 0.337 0.9 0.3355
0 0.9088888888888889 0.412 0.9077777777777778 0.4235 0.9111111111111111 0.4275 0.9211111111111111 0.4345 0.9322222222222222 0.4375 0.9455555555555556 0.4375 0.9711111111111111 0.4315 0.9866666666666667 0.425 0.9933333333333333 0.418 0.9933333333333333 0.4155 0.9822222222222222 0.4115 0.9555555555555556 0.407 0.9255555555555556 0.407 0.9177777777777778 0.408
0 0.8211111111111111 0.3745 0.81 0.378 0.8022222222222222 0.3845 0.8055555555555556 0.3925 0.82 0.4035 0.83 0.4065 0.85 0.408 0.8744444444444445 0.403 0.8866666666666667 0.3965 0.8888888888888888 0.388 0.8922222222222222 0.385 0.8911111111111111 0.3805 0.8711111111111111 0.3755 0.8566666666666667 0.3735 0.8366666666666667 0.373
0 0.7388888888888889 0.3405 0.7255555555555555 0.343 0.7166666666666667 0.3465 0.7111111111111111 0.3565 0.7111111111111111 0.362 0.7344444444444445 0.3755 0.7422222222222222 0.377 0.7622222222222222 0.378 0.7737777777777778 0.37695 0.78 0.3725 0.79 0.37 0.7922222222222223 0.3635 0.7888888888888889 0.353 0.7822222222222223 0.347 0.7688888888888888 0.342 0.7588888888888888 0.34
0 0.6777777777777778 0.369 0.6755555555555556 0.385 0.6777777777777778 0.389 0.6844444444444444 0.3925 0.6911111111111111 0.3935 0.7177777777777777 0.3935 0.7477777777777778 0.3885 0.7466666666666667 0.3795 0.7366666666666667 0.3765 0.7088888888888889 0.3645 0.6911111111111111 0.365
0 0.6011111111111112 0.3615 0.5977777777777777 0.369 0.6033333333333334 0.379 0.6177777777777778 0.385 0.6311111111111111 0.3855 0.6566666666666666 0.3835 0.6655555555555556 0.3815 0.6688888888888889 0.3795 0.6744444444444444 0.3715 0.67 0.3655 0.6533333333333333 0.357 0.6277777777777778 0.355 0.6122222222222222 0.3575
0 0.5255555555555556 0.3895 0.5222222222222223 0.3915 0.5188888888888888 0.406 0.5155555555555555 0.4105 0.5155555555555555 0.4165 0.5266666666666666 0.424 0.5366666666666666 0.425 0.5522222222222222 0.4245 0.5622222222222222 0.422 0.5711111111111111 0.418 0.5766666666666667 0.4125 0.5744444444444444 0.405 0.57 0.4015 0.5344444444444445 0.3895
0 0.6766666666666666 0.3925 0.6666666666666666 0.388 0.6511111111111111 0.385 0.6355555555555555 0.3865 0.6122222222222222 0.386 0.6 0.389 0.59 0.3965 0.5922222222222222 0.4045 0.5977777777777777 0.409 0.6122222222222222 0.413 0.6311111111111111 0.4125 0.6611111111111111 0.405 0.6744444444444444 0.399
0 0.6822222222222222 0.3945 0.6677777777777778 0.4035 0.6622222222222223 0.4125 0.6677777777777778 0.4165 0.6777777777777778 0.42 0.7011111111111111 0.424 0.7344444444444445 0.4245 0.7411111111111112 0.429 0.7444444444444445 0.4295 0.7488888888888889 0.425 0.75 0.4195 0.7466666666666667 0.412 0.7366666666666667 0.4035 0.7122222222222222 0.3945
0 0.7777777777777778 0.3985 0.7722222222222223 0.4 0.7711111111111111 0.4035 0.7633333333333333 0.4105 0.7622222222222222 0.4245 0.7644444444444445 0.428 0.7777777777777778 0.4345 0.7966666666666666 0.435 0.8055555555555556 0.434 0.8222222222222222 0.43 0.8266666666666667 0.4245 0.8255555555555556 0.4205 0.8088888888888889 0.4085 0.7844444444444445 0.3995
0 0.4822222222222222 0.4295 0.47 0.4315 0.46 0.4355 0.4533333333333333 0.4425 0.45555555555555555 0.453 0.46444444444444444 0.4585 0.4722222222222222 0.4595 0.49333333333333335 0.4595 0.5022222222222222 0.4575 0.5066666666666667 0.455 0.51 0.449 0.51 0.442 0.4988888888888889 0.432 0.4922222222222222 0.4295
0 0.5077777777777778 0.4385 0.5144444444444445 0.4495 0.52 0.453 0.5255555555555556 0.4545 0.5422222222222223 0.4545 0.5622222222222222 0.45 0.5766666666666667 0.444 0.5855555555555556 0.4375 0.5922222222222222 0.435 0.5933333333333334 0.431 0.5611111111111111 0.4255 0.5233333333333333 0.4245 0.5166666666666667 0.4255 0.5111111111111111 0.428 0.5077777777777778 0.4325
0 0.6044444444444445 0.4175 0.6022222222222222 0.4195 0.6022222222222222 0.428 0.6122222222222222 0.436 0.6211111111111111 0.44 0.6444444444444445 0.4445 0.6577777777777778 0.444 0.6688888888888889 0.44 0.6722222222222223 0.4365 0.6722222222222223 0.4275 0.67 0.421 0.6611111111111111 0.414 0.65 0.411 0.6444444444444445 0.411 0.6277777777777778 0.414 0.6111111111111112 0.4155
0 0.5344444444444445 0.367 0.5277777777777778 0.3705 0.5255555555555556 0.3785 0.5366666666666666 0.391 0.5533333333333333 0.397 0.5666666666666667 0.3995 0.5788888888888889 0.3985 0.5877777777777777 0.396 0.5933333333333334 0.393 0.6 0.3825 0.6 0.377 0.5922222222222222 0.3695 0.5855555555555556 0.367 0.57 0.3645 0.5488888888888889 0.3645
0 0.3488888888888889 0.315 0.3422222222222222 0.3155 0.3333333333333333 0.318 0.32555555555555554 0.3235 0.3244444444444444 0.3275 0.32666666666666666 0.3335 0.3433333333333333 0.3455 0.35555555555555557 0.346 0.38666666666666666 0.338 0.39222222222222225 0.3345 0.39444444444444443 0.329 0.39 0.326 0.39 0.3215 0.38555555555555554 0.318 0.37 0.316
0 0.39444444444444443 0.32 0.3933333333333333 0.3245 0.39555555555555555 0.3285 0.43 0.3475 0.4411111111111111 0.348 0.45222222222222225 0.344 0.45666666666666667 0.339 0.45555555555555555 0.3335 0.43777777777777777 0.325 0.42333333333333334 0.3205
0 0.5277777777777778 0.3355 0.5088888888888888 0.332 0.4855555555555556 0.332 0.46444444444444444 0.337 0.4533333333333333 0.3445 0.45111111111111113 0.348 0.45444444444444443 0.355 0.46444444444444444 0.363 0.4711111111111111 0.3655 0.4888888888888889 0.3655 0.5 0.3635 0.5155555555555555 0.358 0.5288888888888889 0.35 0.5311111111111111 0.3375
0 0.39444444444444443 0.338 0.38555555555555554 0.339 0.36333333333333334 0.345 0.35888888888888887 0.3505 0.35888888888888887 0.3575 0.36333333333333334 0.362 0.37777777777777777 0.3685 0.3888888888888889 0.371 0.4 0.3715 0.4222222222222222 0.368 0.43555555555555553 0.3625 0.4411111111111111 0.3575 0.44222222222222224 0.3515 0.44 0.3495 0.43 0.347 0.41555555555555557 0.34
0 0.45666666666666667 0.3625 0.44 0.363 0.4311111111111111 0.365 0.4222222222222222 0.3685 0.4177777777777778 0.3735 0.4166666666666667 0.381 0.4211111111111111 0.386 0.43 0.3875 0.44 0.3935 0.4444444444444444 0.3945 0.4588888888888889 0.3945 0.47333333333333333 0.3915 0.4866666666666667 0.3845 0.48777777777777775 0.3805 0.48333333333333334 0.3725 0.4722222222222222 0.367
0 0.51 0.3795 0.4888888888888889 0.3845 0.4777777777777778 0.3905 0.46444444444444444 0.394 0.45444444444444443 0.4 0.4533333333333333 0.4085 0.45666666666666667 0.4115 0.4711111111111111 0.417 0.4822222222222222 0.419 0.49333333333333335 0.4195 0.5077777777777778 0.4165 0.5166666666666667 0.4085 0.5177777777777778 0.396 0.5155555555555555 0.391 0.5177777777777778 0.3875 0.5133333333333333 0.3845 0.5133333333333333 0.381
0 0.40555555555555556 0.4 0.4011111111111111 0.405 0.3988888888888889 0.4185 0.4033333333333333 0.4245 0.4122222222222222 0.428 0.4311111111111111 0.428 0.45 0.424 0.45222222222222225 0.4115 0.44222222222222224 0.4035 0.43 0.3985 0.4177777777777778 0.3985
0 0.3333333333333333 0.375 0.32555555555555554 0.3785 0.3233333333333333 0.383 0.3244444444444444 0.4 0.33 0.413 0.3333333333333333 0.4145 0.3566666666666667 0.414 0.37 0.4115 0.38222222222222224 0.4065 0.3877777777777778 0.399 0.3877777777777778 0.3885 0.37777777777777777 0.3805 0.3655555555555556 0.3765 0.35 0.3745
0 0.2611111111111111 0.3735 0.25 0.378 0.24555555555555555 0.3815 0.24444444444444444 0.3915 0.2477777777777778 0.397 0.25555555555555554 0.4025 0.26 0.4035 0.28444444444444444 0.4035 0.29888888888888887 0.401 0.3111111111111111 0.394 0.31222222222222223 0.3835 0.31 0.3815 0.28888888888888886 0.374 0.2811111111111111 0.373
0 0.30666666666666664 0.3335 0.2788888888888889 0.3385 0.2644444444444444 0.3465 0.2644444444444444 0.355 0.2722222222222222 0.362 0.2822222222222222 0.366 0.29 0.3675 0.3055555555555556 0.3675 0.3111111111111111 0.3695 0.3211111111111111 0.3695 0.32666666666666666 0.3635 0.3377777777777778 0.3575 0.34 0.3465 0.3277777777777778 0.3375 0.31777777777777777 0.3345
0 0.24666666666666667 0.316 0.23666666666666666 0.318 0.22111111111111112 0.3245 0.21222222222222223 0.333 0.21222222222222223 0.3365 0.2222222222222222 0.343 0.23666666666666666 0.3465 0.2577777777777778 0.347 0.2633333333333333 0.346 0.2722222222222222 0.3385 0.2733333333333333 0.3315 0.2633333333333333 0.319 0.2577777777777778 0.317
0 0.1411111111111111 0.313 0.13777777777777778 0.3155 0.13777777777777778 0.327 0.1411111111111111 0.331 0.15666666666666668 0.3415 0.1688888888888889 0.3465 0.18 0.3465 0.19555555555555557 0.3435 0.20666666666666667 0.338 0.2088888888888889 0.3345 0.20666666666666667 0.3275 0.19111111111111112 0.318 0.17444444444444446 0.313 0.15444444444444444 0.311
0 0.12555555555555556 0.337 0.1 0.3435 0.09444444444444444 0.3465 0.09111111111111111 0.3505 0.09111111111111111 0.3615 0.09555555555555556 0.367 0.11333333333333333 0.375 0.12 0.3765 0.13666666666666666 0.3765 0.16555555555555557 0.368 0.1711111111111111 0.3625 0.1711111111111111 0.3565 0.16 0.3455 0.14777777777777779 0.3385 0.1411111111111111 0.337
0 0.06444444444444444 0.3085 0.058888888888888886 0.311 0.05444444444444444 0.3215 0.056666666666666664 0.33 0.06777777777777778 0.342 0.07555555555555556 0.344 0.09777777777777778 0.344 0.12666666666666668 0.3345 0.1288888888888889 0.3305 0.12777777777777777 0.3255 0.12444444444444444 0.322 0.10888888888888888 0.3135 0.07444444444444444 0.308
0 0.03888888888888889 0.3165 0.0 0.317 0.0 0.3495 0.015555555555555555 0.351 0.04777777777777778 0.348 0.052222222222222225 0.346 0.05555555555555555 0.342 0.05333333333333334 0.329
0 0.04 0.3515 0.011111111111111112 0.3525 0.005555555555555556 0.3565 0.0 0.3575 0.0 0.363 0.0033333333333333335 0.363 0.008888888888888889 0.3675 0.022222222222222223 0.3725 0.03888888888888889 0.3715 0.05333333333333334 0.365 0.05333333333333334 0.359
0 0.12111111111111111 0.381 0.12111111111111111 0.385 0.10888888888888888 0.3925 0.11222222222222222 0.397 0.13111111111111112 0.401 0.16111111111111112 0.4015 0.17 0.4005 0.17666666666666667 0.3965 0.17888888888888888 0.387 0.1688888888888889 0.378 0.16111111111111112 0.3765 0.13444444444444445 0.377
0 0.05555555555555555 0.365 0.04111111111111111 0.372 0.04 0.377 0.03666666666666667 0.3795 0.03666666666666667 0.3865 0.042222222222222223 0.3915 0.05555555555555555 0.395 0.06333333333333334 0.3955 0.06777777777777778 0.3975 0.08777777777777777 0.3975 0.10444444444444445 0.394 0.12333333333333334 0.385 0.12111111111111111 0.3805 0.11555555555555555 0.3765 0.09222222222222222 0.3665 0.07888888888888888 0.3645
0 0.023333333333333334 0.374 0.013333333333333334 0.374 0.0033333333333333335 0.379 0.0 0.379 0.0 0.41 0.01888888888888889 0.4105 0.04888888888888889 0.406 0.05444444444444444 0.4005 0.05333333333333334 0.3965 0.03888888888888889 0.39 0.035555555555555556 0.382
0 0.24444444444444444 0.4395 0.25555555555555554 0.4435 0.26222222222222225 0.4445 0.2911111111111111 0.445 0.29777777777777775 0.444 0.3055555555555556 0.441 0.31222222222222223 0.4345 0.3288888888888889 0.43 0.33666666666666667 0.4245 0.33555555555555555 0.422 0.32666666666666666 0.419 0.3188888888888889 0.418 0.3088888888888889 0.4185 0.2588888888888889 0.415 0.24444444444444444 0.419 0.24 0.4225
0 0.17333333333333334 0.4045 0.1711111111111111 0.4105 0.17222222222222222 0.4205 0.18555555555555556 0.4265 0.2088888888888889 0.427 0.2222222222222222 0.4255 0.2388888888888889 0.422 0.24666666666666667 0.4175 0.25666666666666665 0.416 0.24222222222222223 0.4105 0.2388888888888889 0.4045 0.23222222222222222 0.4015 0.21555555555555556 0.398 0.19777777777777777 0.397 0.18444444444444444 0.3985 0.17888888888888888 0.4
0 0.07111111111111111 0.419 0.09444444444444444 0.433 0.11666666666666667 0.4375 0.15333333333333332 0.436 0.16555555555555557 0.4315 0.1688888888888889 0.4285 0.17 0.4195 0.16333333333333333 0.408 0.15333333333333332 0.4045 0.1388888888888889 0.4035 0.10888888888888888 0.4045 0.09555555555555556 0.4075 0.09111111111111111 0.4095 0.08666666666666667 0.4145 0.07444444444444444 0.417
0 0.0 0.4295 0.0 0.456 0.005555555555555556 0.456 0.023333333333333334 0.4515 0.024444444444444446 0.445 0.021111111111111112 0.4405 0.008888888888888889 0.4345 0.005555555555555556 0.4295
0 0.01888888888888889 0.4115 0.012222222222222223 0.4145 0.008888888888888889 0.418 0.01 0.4305 0.017777777777777778 0.439 0.028888888888888888 0.4415 0.056666666666666664 0.442 0.08333333333333333 0.4365 0.09 0.431 0.08666666666666667 0.427 0.07111111111111111 0.4195 0.08 0.416 0.07666666666666666 0.4115 0.051111111111111114 0.408 0.03888888888888889 0.4085
0 0.028888888888888888 0.235 0.015555555555555555 0.241 0.013333333333333334 0.253 0.021111111111111112 0.267 0.025555555555555557 0.2675 0.03 0.2705 0.04 0.271 0.06666666666666667 0.265 0.07888888888888888 0.2565 0.08333333333333333 0.248 0.07888888888888888 0.2425 0.06777777777777778 0.2375 0.056666666666666664 0.236
0 0.23777777777777778 0.438 0.23 0.437 0.21 0.438 0.20444444444444446 0.439 0.19444444444444445 0.4445 0.19111111111111112 0.45 0.19 0.46 0.1922222222222222 0.463 0.21 0.4715 0.21777777777777776 0.471 0.22111111111111112 0.4695 0.2311111111111111 0.4695 0.24 0.4675 0.2633333333333333 0.4555 0.26555555555555554 0.453 0.26555555555555554 0.45 0.26222222222222225 0.447
0 0.058888888888888886 0.443 0.051111111111111114 0.447 0.051111111111111114 0.4515 0.05444444444444444 0.455 0.07777777777777778 0.465 0.08222222222222222 0.469 0.09777777777777778 0.4695 0.10777777777777778 0.4685 0.11222222222222222 0.4635 0.11333333333333333 0.4555 0.1111111111111111 0.4465 0.10555555555555556 0.4425 0.09333333333333334 0.439 0.08222222222222222 0.439
0 0.17888888888888888 0.437 0.15777777777777777 0.436 0.14444444444444443 0.438 0.13333333333333333 0.438 0.12666666666666668 0.439 0.11333333333333333 0.4465 0.11333333333333333 0.452 0.11666666666666667 0.4595 0.13444444444444445 0.468 0.14333333333333334 0.469 0.17 0.468 0.18666666666666668 0.4595 0.19 0.442
0 0.2 0.473 0.1711111111111111 0.469 0.13333333333333333 0.4705 0.12555555555555556 0.472 0.11777777777777777 0.478 0.11777777777777777 0.4825 0.12555555555555556 0.4935 0.13111111111111112 0.4975 0.14777777777777779 0.5025 0.1622222222222222 0.503 0.17 0.501 0.18888888888888888 0.492 0.19555555555555557 0.4865 0.2011111111111111 0.4775
0 0.023333333333333334 0.454 0.011111111111111112 0.457 0.0033333333333333335 0.4615 0.0 0.4615 0.0 0.4835 0.028888888888888888 0.489 0.056666666666666664 0.4885 0.07777777777777778 0.482 0.07888888888888888 0.477 0.07555555555555556 0.4665 0.07111111111111111 0.4625 0.056666666666666664 0.4575 0.03666666666666667 0.454
0 0.0 0.4855 0.0 0.5205 0.005555555555555556 0.5205 0.014444444444444444 0.518 0.023333333333333334 0.5135 0.03333333333333333 0.5025 0.034444444444444444 0.498 0.027777777777777776 0.49 0.013333333333333334 0.4865
0 0.10111111111111111 0.4775 0.08222222222222222 0.478 0.07888888888888888 0.4845 0.07222222222222222 0.4865 0.04888888888888889 0.49 0.04 0.498 0.04111111111111111 0.5025 0.04666666666666667 0.506 0.06444444444444444 0.5125 0.07222222222222222 0.514 0.08888888888888889 0.514 0.10666666666666667 0.51 0.11 0.508 0.11777777777777777 0.507 0.12222222222222222 0.5045 0.12333333333333334 0.4955 0.12 0.4885 0.11222222222222222 0.4815 0.10666666666666667 0.4785
0 0.12333333333333334 0.508 0.1111111111111111 0.5095 0.09111111111111111 0.515 0.08 0.521 0.07888888888888888 0.526 0.08444444444444445 0.531 0.09111111111111111 0.534 0.0948888888888889 0.536 0.09822222222222222 0.5385 0.10444444444444445 0.541 0.1288888888888889 0.5425 0.1388888888888889 0.541 0.15666666666666668 0.5345 0.16666666666666666 0.5245 0.16777777777777778 0.5135 0.15333333333333332 0.51
0 0.17444444444444446 0.5445 0.1622222222222222 0.539 0.14333333333333334 0.542 0.13666666666666666 0.545 0.11 0.5515 0.10111111111111111 0.556 0.09777777777777778 0.5605 0.1 0.5615 0.11666666666666667 0.562 0.13555555555555557 0.569 0.16111111111111112 0.569 0.17444444444444446 0.565 0.17777777777777778 0.5615
0 0.16555555555555557 0.529 0.16333333333333333 0.532 0.16444444444444445 0.5375 0.17444444444444446 0.5425 0.18555555555555556 0.545 0.21444444444444444 0.546 0.2311111111111111 0.5445 0.24 0.5415 0.2388888888888889 0.5385 0.22777777777777777 0.53 0.21333333333333335 0.5245 0.18666666666666668 0.5225
0 0.19333333333333333 0.491 0.1622222222222222 0.5045 0.16 0.51 0.1688888888888889 0.514 0.1711111111111111 0.518 0.1811111111111111 0.521 0.21222222222222223 0.523 0.2222222222222222 0.522 0.2311111111111111 0.5185 0.23444444444444446 0.5145 0.23444444444444446 0.509 0.22333333333333333 0.495 0.21222222222222223 0.4915
0 0.31 0.4555 0.30333333333333334 0.453 0.29333333333333333 0.4515 0.2822222222222222 0.452 0.2677777777777778 0.455 0.24555555555555555 0.4665 0.24555555555555555 0.4805 0.2477777777777778 0.4815 0.2577777777777778 0.4815 0.2811111111111111 0.4845 0.2911111111111111 0.4845 0.3055555555555556 0.4825 0.3188888888888889 0.4785 0.3233333333333333 0.4755 0.3233333333333333 0.466
0 0.23 0.4875 0.22777777777777777 0.493 0.23 0.5025 0.23777777777777778 0.507 0.24666666666666667 0.5075 0.25333333333333335 0.51 0.26 0.51 0.2722222222222222 0.5075 0.2866666666666667 0.5065 0.3022222222222222 0.502 0.30333333333333334 0.4935 0.29888888888888887 0.49 0.29444444444444445 0.4895 0.28444444444444444 0.485 0.27444444444444444 0.4845 0.26222222222222225 0.482 0.2477777777777778 0.482 0.23666666666666666 0.4845
0 0.30333333333333334 0.5095 0.2911111111111111 0.5075 0.27555555555555555 0.508 0.24888888888888888 0.512 0.23444444444444446 0.5165 0.23222222222222222 0.5205 0.22444444444444445 0.526 0.23777777777777778 0.5335 0.24333333333333335 0.5385 0.2577777777777778 0.5415 0.2833333333333333 0.542 0.3055555555555556 0.5395 0.31666666666666665 0.534 0.31555555555555553 0.5235 0.30777777777777776 0.5125
0 0.3422222222222222 0.501 0.32222222222222224 0.506 0.31333333333333335 0.51 0.31 0.514 0.31555555555555553 0.5215 0.33 0.529 0.3433333333333333 0.533 0.35333333333333333 0.533 0.36 0.5315 0.36666666666666664 0.5275 0.37444444444444447 0.513 0.3688888888888889 0.5105 0.36777777777777776 0.507 0.35888888888888887 0.503
0 0.38666666666666666 0.503 0.3811111111111111 0.505 0.38555555555555554 0.51 0.3844444444444444 0.5135 0.37444444444444447 0.516 0.3688888888888889 0.522 0.3688888888888889 0.527 0.37222222222222223 0.5295 0.37777777777777777 0.5305 0.4033333333333333 0.531 0.41333333333333333 0.529 0.4311111111111111 0.5205 0.43444444444444447 0.516 0.43222222222222223 0.5075 0.42444444444444446 0.5045
0 0.42333333333333334 0.4345 0.38222222222222224 0.4355 0.37222222222222223 0.439 0.3688888888888889 0.442 0.3688888888888889 0.4475 0.37666666666666665 0.454 0.38 0.4615 0.38666666666666666 0.465 0.40555555555555556 0.466 0.4266666666666667 0.4595 0.43777777777777777 0.4525 0.4411111111111111 0.4465 0.43777777777777777 0.4445 0.4311111111111111 0.444 0.4211111111111111 0.44 0.4255555555555556 0.436
0 0.3411111111111111 0.4585 0.33444444444444443 0.46 0.32555555555555554 0.4655 0.32555555555555554 0.488 0.3333333333333333 0.493 0.3622222222222222 0.4935 0.37222222222222223 0.491 0.38 0.4855 0.38555555555555554 0.4785 0.3877777777777778 0.4665 0.37777777777777777 0.461 0.3611111111111111 0.458
0 0.39555555555555555 0.47 0.3811111111111111 0.483 0.37555555555555553 0.49 0.37666666666666665 0.492 0.38666666666666666 0.4985 0.39444444444444443 0.501 0.40555555555555556 0.503 0.42444444444444446 0.503 0.43222222222222223 0.5 0.43444444444444447 0.4975 0.43555555555555553 0.49 0.43333333333333335 0.4845 0.41444444444444445 0.4725 0.40555555555555556 0.4695
0 0.4477777777777778 0.4585 0.4311111111111111 0.462 0.4211111111111111 0.4665 0.4177777777777778 0.471 0.43777777777777777 0.489 0.4488888888888889 0.4915 0.47 0.4905 0.48777777777777775 0.483 0.4866666666666667 0.474 0.47444444444444445 0.464 0.46555555555555556 0.46
0 0.5177777777777778 0.4565 0.5011111111111111 0.465 0.49666666666666665 0.4705 0.49777777777777776 0.476 0.5055555555555555 0.4825 0.5255555555555556 0.489 0.55 0.4885 0.57 0.485 0.5788888888888889 0.4785 0.5788888888888889 0.4735 0.5633333333333334 0.4655 0.5577777777777778 0.46 0.5444444444444444 0.455 0.5222222222222223 0.4555
0 0.6133333333333333 0.4375 0.5988888888888889 0.4375 0.5922222222222222 0.4405 0.5811111111111111 0.443 0.5755555555555556 0.44489999999999996 0.5662222222222223 0.44965 0.5677777777777778 0.454 0.5633333333333334 0.458 0.5633333333333334 0.4615 0.5677777777777778 0.4665 0.5777777777777777 0.4715 0.5844444444444444 0.4725 0.5911111111111111 0.472 0.599 0.47205 0.6062222222222222 0.4711 0.6118888888888889 0.4701 0.6238888888888889 0.46635000000000004 0.6244444444444445 0.4555 0.6244444444444445 0.4495 0.6155555555555555 0.444
0 0.5211111111111111 0.4895 0.51 0.485 0.4911111111111111 0.485 0.4777777777777778 0.4895 0.45555555555555555 0.4945 0.44333333333333336 0.502 0.4444444444444444 0.5075 0.4477777777777778 0.509 0.4688888888888889 0.5125 0.47333333333333333 0.5145 0.48333333333333334 0.515 0.5166666666666667 0.5135 0.5255555555555556 0.5095 0.53 0.5025
0 0.4177777777777778 0.5275 0.4 0.536 0.39555555555555555 0.54 0.39555555555555555 0.549 0.4033333333333333 0.5535 0.4088888888888889 0.5545 0.41444444444444445 0.5605 0.4288888888888889 0.567 0.44 0.5635 0.45555555555555555 0.5635 0.4688888888888889 0.562 0.47333333333333333 0.56 0.47888888888888886 0.5485 0.46 0.5335 0.45444444444444443 0.5305 0.44 0.527 0.42333333333333334 0.5265
0 0.5444444444444444 0.5215 0.5355555555555556 0.5185 0.5188888888888888 0.516 0.47888888888888886 0.516 0.46444444444444444 0.522 0.46 0.5285 0.46111111111111114 0.534 0.47333333333333333 0.544 0.48 0.5465 0.4922222222222222 0.547 0.5033333333333333 0.546 0.5188888888888888 0.5425 0.5366666666666666 0.536 0.5444444444444444 0.5275
0 0.5633333333333334 0.487 0.5488888888888889 0.4935 0.5422222222222223 0.4945 0.5333333333333333 0.498 0.54 0.508 0.5533333333333333 0.5165 0.5722222222222222 0.5235 0.5844444444444444 0.526 0.6055555555555555 0.5265 0.6144444444444445 0.524 0.6255555555555555 0.5175 0.6277777777777778 0.505 0.6244444444444445 0.5 0.6133333333333333 0.4935 0.6 0.4895 0.5866666666666667 0.487
0 0.0 0.521 0.0 0.542 0.0033333333333333335 0.542 0.011111111111111112 0.5455 0.017777777777777778 0.5465 0.03333333333333333 0.547 0.03888888888888889 0.5455 0.04777777777777778 0.5405 0.05333333333333334 0.5335 0.05444444444444444 0.529 0.051111111111111114 0.526 0.04 0.5215 0.022222222222222223 0.5185
0 0.06444444444444444 0.526 0.057777777777777775 0.528 0.05333333333333334 0.5355 0.044444444444444446 0.5425 0.043333333333333335 0.545 0.04666666666666667 0.5515 0.06 0.5615 0.08333333333333333 0.562 0.09222222222222222 0.5605 0.10111111111111111 0.553 0.10222222222222223 0.545 0.09333333333333334 0.5365 0.08444444444444445 0.533 0.0811111111111111 0.529 0.07555555555555556 0.527
0 0.03333333333333333 0.551 0.027777777777777776 0.551 0.0 0.5555 0.0 0.59 0.01 0.591 0.022222222222222223 0.5905 0.035555555555555556 0.5875 0.044444444444444446 0.5835 0.04777777777777778 0.5735 0.05444444444444444 0.5685 0.04777777777777778 0.5675 0.042222222222222223 0.5555
0 0.052222222222222225 0.568 0.043333333333333335 0.5845 0.05555555555555555 0.598 0.07444444444444444 0.6055 0.08444444444444445 0.606 0.1 0.604 0.1111111111111111 0.5995 0.11777777777777777 0.595 0.12 0.591 0.12 0.5865 0.11555555555555555 0.5835 0.1111111111111111 0.5765 0.10555555555555556 0.5735 0.08555555555555555 0.5695 0.058888888888888886 0.5675
0 0.17 0.5685 0.15222222222222223 0.5705 0.12555555555555556 0.5695 0.12 0.575 0.12222222222222222 0.5845 0.13111111111111112 0.59 0.14 0.5915 0.15333333333333332 0.59 0.17222222222222222 0.5805 0.17555555555555555 0.5765 0.17555555555555555 0.572
0 0.24888888888888888 0.5405 0.23444444444444446 0.5445 0.19444444444444445 0.547 0.1922222222222222 0.562 0.19555555555555557 0.5665 0.20666666666666667 0.5725 0.22111111111111112 0.5755 0.2544444444444444 0.573 0.2644444444444444 0.5685 0.2677777777777778 0.565 0.2644444444444444 0.5515 0.2577777777777778 0.544
0 0.30444444444444446 0.541 0.2911111111111111 0.5415 0.2788888888888889 0.546 0.2722222222222222 0.5515 0.27 0.557 0.27 0.567 0.27666666666666667 0.573 0.28 0.5805 0.2911111111111111 0.5885 0.3 0.587 0.30444444444444446 0.5815 0.3088888888888889 0.5795 0.31777777777777777 0.578 0.3322222222222222 0.5725 0.3466666666666667 0.559 0.3466666666666667 0.5525 0.33555555555555555 0.547
0 0.35777777777777775 0.547 0.3477777777777778 0.552 0.34444444444444444 0.5635 0.3466666666666667 0.5715 0.36333333333333334 0.579 0.3688888888888889 0.58 0.38222222222222224 0.58 0.4033333333333333 0.5775 0.4222222222222222 0.569 0.4211111111111111 0.5645 0.41333333333333333 0.5615 0.4077777777777778 0.556 0.39111111111111113 0.5475 0.3788888888888889 0.5455 0.36777777777777776 0.5455
0 0.36444444444444446 0.583 0.36666666666666664 0.5895 0.38555555555555554 0.595 0.39555555555555555 0.6 0.4077777777777778 0.6015 0.4222222222222222 0.5995 0.4255555555555556 0.5965 0.4255555555555556 0.5905 0.4211111111111111 0.584 0.41444444444444445 0.5805 0.4011111111111111 0.5785 0.37777777777777777 0.5805
0 0.33444444444444443 0.573 0.30777777777777776 0.5815 0.29888888888888887 0.589 0.29777777777777775 0.5955 0.3055555555555556 0.6005 0.32222222222222224 0.6055 0.3322222222222222 0.6075 0.3433333333333333 0.608 0.35444444444444445 0.6065 0.37 0.601 0.37222222222222223 0.592 0.36333333333333334 0.588 0.3611111111111111 0.5795 0.34444444444444444 0.5735
0 0.39666666666666667 0.601 0.37444444444444447 0.602 0.36 0.606 0.35444444444444445 0.6105 0.35333333333333333 0.617 0.36 0.625 0.3688888888888889 0.6295 0.38 0.632 0.3977777777777778 0.6315 0.4122222222222222 0.6295 0.42 0.627 0.42333333333333334 0.623 0.41888888888888887 0.6075 0.4088888888888889 0.6035
0 0.2677777777777778 0.576 0.2588888888888889 0.5745 0.23 0.5755 0.22111111111111112 0.5765 0.21555555555555556 0.579 0.2088888888888889 0.584 0.21 0.5875 0.22666666666666666 0.5985 0.2477777777777778 0.5995 0.2577777777777778 0.598 0.27555555555555555 0.5915 0.28 0.5885 0.28 0.5835 0.27666666666666667 0.58
0 0.17777777777777778 0.582 0.17 0.583 0.16 0.5885 0.15555555555555556 0.5945 0.15555555555555556 0.6005 0.1711111111111111 0.6145 0.18777777777777777 0.6185 0.22 0.6105 0.2222222222222222 0.6085 0.22333333333333333 0.5985 0.21444444444444444 0.591 0.2 0.5835 0.19333333333333333 0.582
0 0.12222222222222222 0.5935 0.09666666666666666 0.6055 0.09555555555555556 0.6115 0.10222222222222223 0.617 0.13333333333333333 0.629 0.14444444444444443 0.629 0.15555555555555556 0.6275 0.16111111111111112 0.6255 0.17222222222222222 0.615 0.1622222222222222 0.607 0.15444444444444444 0.5975 0.14888888888888888 0.595 0.13666666666666666 0.593
0 0.2311111111111111 0.6075 0.22555555555555556 0.608 0.22 0.611 0.21222222222222223 0.612 0.18555555555555556 0.619 0.19 0.628 0.20666666666666667 0.636 0.21222222222222223 0.637 0.22333333333333333 0.6365 0.23555555555555555 0.6335 0.24444444444444444 0.6295 0.2511111111111111 0.624 0.2511111111111111 0.6195 0.24666666666666667 0.615
0 0.29333333333333333 0.607 0.2811111111111111 0.6095 0.27111111111111114 0.6145 0.26666666666666666 0.62 0.2644444444444444 0.6325 0.26555555555555554 0.6345 0.27444444444444444 0.638 0.2877777777777778 0.641 0.3022222222222222 0.6425 0.31777777777777777 0.6395 0.33 0.6355 0.34 0.631 0.3411111111111111 0.625 0.33555555555555555 0.6165 0.32222222222222224 0.6095 0.3088888888888889 0.607
0 0.2511111111111111 0.6285 0.24666666666666667 0.6285 0.23333333333333334 0.634 0.22 0.637 0.21444444444444444 0.641 0.21444444444444444 0.652 0.21888888888888888 0.6565 0.22555555555555556 0.6585 0.2411111111111111 0.6585 0.25555555555555554 0.6555 0.2633333333333333 0.6525 0.2788888888888889 0.643 0.26222222222222225 0.6315
0 0.3022222222222222 0.6435 0.2911111111111111 0.6425 0.28 0.6445 0.26666666666666666 0.6505 0.26 0.656 0.26 0.6605 0.27111111111111114 0.6715 0.28 0.674 0.3011111111111111 0.673 0.31333333333333335 0.6685 0.31555555555555553 0.666 0.31444444444444447 0.6515 0.3111111111111111 0.648
0 0.08888888888888889 0.621 0.08222222222222222 0.6245 0.07444444444444444 0.6345 0.07888888888888888 0.6445 0.09111111111111111 0.6485 0.10666666666666667 0.6505 0.11888888888888889 0.6505 0.1388888888888889 0.647 0.14222222222222222 0.643 0.14222222222222222 0.636 0.13777777777777778 0.631 0.12 0.623 0.10777777777777778 0.6195 0.09666666666666666 0.6195
0 0.03222222222222222 0.5985 0.011111111111111112 0.6075 0.0077777777777777776 0.615 0.011111111111111112 0.626 0.022222222222222223 0.633 0.043333333333333335 0.6355 0.06111111111111111 0.635 0.07111111111111111 0.6315 0.07222222222222222 0.627 0.08 0.622 0.08222222222222222 0.615 0.07888888888888888 0.613 0.07777777777777778 0.6095 0.05333333333333334 0.5995 0.043333333333333335 0.598
0 0.0 0.6255 0.0 0.6665 0.0044444444444444444 0.6665 0.01888888888888889 0.664 0.028888888888888888 0.6595 0.034444444444444444 0.652 0.034444444444444444 0.6465 0.027777777777777776 0.638 0.014444444444444444 0.629 0.006666666666666667 0.626
0 0.18777777777777777 0.63 0.16444444444444445 0.6325 0.14777777777777779 0.6385 0.14222222222222222 0.646 0.14444444444444443 0.66 0.15555555555555556 0.6665 0.16666666666666666 0.669 0.18555555555555556 0.669 0.19 0.668 0.2088888888888889 0.6585 0.2111111111111111 0.6495 0.20777777777777778 0.638 0.19777777777777777 0.632
0 0.11333333333333333 0.6605 0.11 0.662 0.10444444444444445 0.675 0.10555555555555556 0.6825 0.11222222222222222 0.6875 0.12111111111111111 0.691 0.14222222222222222 0.694 0.15333333333333332 0.693 0.1688888888888889 0.6855 0.17222222222222222 0.682 0.17333333333333334 0.6755 0.1688888888888889 0.6705 0.15444444444444444 0.666 0.14222222222222222 0.66 0.12 0.6595
0 0.06444444444444444 0.6435 0.05333333333333334 0.646 0.035555555555555556 0.6525 0.03111111111111111 0.6575 0.03333333333333333 0.666 0.04777777777777778 0.676 0.06 0.682 0.09111111111111111 0.6835 0.09444444444444444 0.6825 0.10666666666666667 0.671 0.10888888888888888 0.66 0.10333333333333333 0.6505 0.08444444444444445 0.647 0.07444444444444444 0.6435
0 0.0 0.6685 0.0 0.694 0.017777777777777778 0.696 0.03222222222222222 0.696 0.03666666666666667 0.695 0.04666666666666667 0.686 0.04888888888888889 0.6775 0.04111111111111111 0.672 0.03 0.6675 0.012222222222222223 0.6665 0.0077777777777777776 0.668
0 0.0 0.695 0.0 0.7195 0.005555555555555556 0.7195 0.01888888888888889 0.717 0.03 0.713 0.03333333333333333 0.71 0.034444444444444444 0.704 0.03222222222222222 0.701 0.024444444444444446 0.698
0 0.10333333333333333 0.6845 0.08222222222222222 0.6845 0.07444444444444444 0.683 0.06444444444444444 0.683 0.04777777777777778 0.6885 0.03666666666666667 0.697 0.03333333333333333 0.713 0.05444444444444444 0.7235 0.056666666666666664 0.733 0.06111111111111111 0.7325 0.06111111111111111 0.7245 0.08333333333333333 0.7235 0.09 0.722 0.10222222222222223 0.717 0.11222222222222222 0.709 0.11777777777777777 0.7025 0.11888888888888889 0.6925 0.11333333333333333 0.688
0 0.19777777777777777 0.665 0.18333333333333332 0.6715 0.18 0.6755 0.17888888888888888 0.682 0.18222222222222223 0.6875 0.19333333333333333 0.6925 0.21222222222222223 0.6955 0.23222222222222222 0.6955 0.2477777777777778 0.6935 0.2511111111111111 0.6915 0.25 0.6815 0.23222222222222222 0.6665 0.22555555555555556 0.664 0.21333333333333335 0.662
0 0.1688888888888889 0.687 0.14888888888888888 0.6955 0.14444444444444443 0.7005 0.14555555555555555 0.7055 0.15222222222222223 0.7125 0.1688888888888889 0.7215 0.17555555555555555 0.7225 0.19777777777777777 0.722 0.20777777777777778 0.7175 0.21222222222222223 0.713 0.20777777777777778 0.6975 0.18 0.688
0 0.22111111111111112 0.697 0.21555555555555556 0.701 0.21666666666666667 0.712 0.22111111111111112 0.7165 0.24444444444444444 0.721 0.26666666666666666 0.721 0.27666666666666667 0.71 0.2688888888888889 0.7005 0.26222222222222225 0.697 0.25222222222222224 0.6945
0 0.35777777777777775 0.644 0.34444444444444444 0.646 0.3322222222222222 0.652 0.3244444444444444 0.6615 0.3244444444444444 0.6675 0.3288888888888889 0.675 0.3377777777777778 0.6815 0.3488888888888889 0.6835 0.37 0.684 0.3888888888888889 0.681 0.40444444444444444 0.6745 0.40555555555555556 0.6615 0.38222222222222224 0.6465 0.37333333333333335 0.6445
0 0.30333333333333334 0.681 0.2866666666666667 0.684 0.27555555555555555 0.6885 0.2733333333333333 0.6915 0.27444444444444444 0.7025 0.2811111111111111 0.71 0.29444444444444445 0.7175 0.3055555555555556 0.7195 0.32222222222222224 0.7195 0.33555555555555555 0.717 0.3433333333333333 0.7125 0.3466666666666667 0.705 0.3466666666666667 0.693 0.3377777777777778 0.6835 0.3244444444444444 0.6805
0 0.3888888888888889 0.6885 0.37777777777777777 0.6905 0.3622222222222222 0.697 0.35555555555555557 0.702 0.35555555555555557 0.7075 0.36 0.713 0.3688888888888889 0.717 0.3844444444444444 0.721 0.3977777777777778 0.7215 0.4077777777777778 0.718 0.4177777777777778 0.7105 0.4222222222222222 0.705 0.4222222222222222 0.696 0.4166666666666667 0.6925 0.4066666666666667 0.6895
0 0.47333333333333333 0.6555 0.46444444444444444 0.6545 0.4577777777777778 0.6575 0.4388888888888889 0.6575 0.4222222222222222 0.661 0.4111111111111111 0.6615 0.4077777777777778 0.6655 0.4077777777777778 0.672 0.4122222222222222 0.6775 0.4222222222222222 0.682 0.4444444444444444 0.686 0.46111111111111114 0.6865 0.47444444444444445 0.6845 0.48 0.6815 0.48333333333333334 0.6655
0 0.25 0.354 0.22111111111111112 0.344 0.20333333333333334 0.3445 0.19444444444444445 0.347 0.17444444444444446 0.358 0.1711111111111111 0.362 0.17555555555555555 0.3815 0.21222222222222223 0.383 0.2311111111111111 0.381 0.23555555555555555 0.379 0.24333333333333335 0.378 0.2577777777777778 0.37 0.2577777777777778 0.3605
0 0.46444444444444444 0.631 0.4533333333333333 0.63 0.44333333333333336 0.6275 0.43222222222222223 0.6275 0.3933333333333333 0.6325 0.38666666666666666 0.6385 0.38555555555555554 0.6455 0.39555555555555555 0.656 0.4111111111111111 0.6615 0.42444444444444446 0.661 0.44 0.6575 0.4577777777777778 0.658 0.4633333333333333 0.6555 0.4666666666666667 0.6515 0.46444444444444444 0.6465 0.45666666666666667 0.6425 0.4577777777777778 0.64 0.4677777777777778 0.6355
0 0.4777777777777778 0.6155 0.45222222222222225 0.6225 0.4477777777777778 0.6275 0.45111111111111113 0.6295 0.46555555555555556 0.632 0.4666666666666667 0.6355 0.4588888888888889 0.6395 0.4588888888888889 0.643 0.4666666666666667 0.6505 0.47444444444444445 0.6525 0.5 0.653 0.5111111111111111 0.649 0.5155555555555555 0.6425 0.5166666666666667 0.6345 0.5122222222222222 0.6265 0.49777777777777776 0.6175 0.4888888888888889 0.6155
0 0.4722222222222222 0.597 0.46111111111111114 0.5965 0.4477777777777778 0.5975 0.43777777777777777 0.596 0.43 0.5975 0.4266666666666667 0.5995 0.4255555555555556 0.61 0.43 0.6185 0.43666666666666665 0.6215 0.45 0.6225 0.47444444444444445 0.6155 0.48444444444444446 0.611 0.4866666666666667 0.608 0.48444444444444446 0.6025
0 0.4866666666666667 0.5655 0.47555555555555556 0.563 0.45222222222222225 0.564 0.43777777777777777 0.5665 0.42 0.5725 0.41888888888888887 0.5785 0.4222222222222222 0.5845 0.4311111111111111 0.594 0.43555555555555553 0.596 0.44333333333333336 0.597 0.4711111111111111 0.5965 0.4855555555555556 0.594 0.5 0.5885 0.5033333333333333 0.585 0.5033333333333333 0.58 0.49333333333333335 0.5685
0 0.5366666666666666 0.538 0.5233333333333333 0.541 0.51 0.546 0.49777777777777776 0.559 0.49777777777777776 0.569 0.5 0.571 0.5266666666666666 0.5785 0.5366666666666666 0.5785 0.5511111111111111 0.575 0.5633333333333334 0.5705 0.5755555555555556 0.5625 0.5755555555555556 0.5515 0.5722222222222222 0.548 0.55 0.5405
0 0.5533333333333333 0.5835 0.5377777777777778 0.5795 0.5255555555555556 0.5795 0.5233333333333333 0.581 0.5122222222222222 0.5825 0.48444444444444446 0.596 0.5022222222222222 0.6025 0.5444444444444444 0.602 0.5522222222222222 0.6 0.5555555555555556 0.5965
0 0.5811111111111111 0.6085 0.5777777777777777 0.604 0.57 0.6005 0.56 0.599 0.5433333333333333 0.603 0.5122222222222222 0.6025 0.4911111111111111 0.6065 0.4855555555555556 0.612 0.49 0.6155 0.49666666666666665 0.617 0.5155555555555555 0.625 0.5377777777777778 0.628 0.56 0.628 0.57 0.626 0.58 0.62
0 0.6333333333333333 0.597 0.6244444444444445 0.5975 0.6111111111111112 0.602 0.59 0.6055 0.5855555555555556 0.609 0.5855555555555556 0.6185 0.5877777777777777 0.6215 0.5966666666666667 0.628 0.6111111111111112 0.6325 0.6344444444444445 0.6315 0.6455555555555555 0.6295 0.6566666666666666 0.625 0.6622222222222223 0.6195 0.6622222222222223 0.6115 0.6544444444444445 0.608 0.6477777777777778 0.6015 0.6411111111111111 0.5985
0 0.5777777777777777 0.563 0.5533333333333333 0.575 0.5566666666666666 0.5915 0.56 0.5955 0.5733333333333334 0.602 0.5855555555555556 0.6045 0.5966666666666667 0.6045 0.6122222222222222 0.602 0.6222222222222222 0.5985 0.6255555555555555 0.596 0.6255555555555555 0.5885 0.6088888888888889 0.57
0 0.6222222222222222 0.531 0.6022222222222222 0.5335 0.5955555555555555 0.5355 0.5855555555555556 0.541 0.5766666666666667 0.55 0.5766666666666667 0.5565 0.58 0.561 0.59 0.566 0.6066666666666667 0.5685 0.6166666666666667 0.5685 0.6333333333333333 0.5655 0.6422222222222222 0.5605 0.6477777777777778 0.5485 0.6444444444444445 0.541
0 0.6133333333333333 0.5255 0.6322222222222222 0.5355 0.6444444444444445 0.54 0.6544444444444445 0.541 0.6855555555555556 0.541 0.7022222222222222 0.5385 0.71 0.535 0.7133333333333334 0.5235 0.7111111111111111 0.518 0.7 0.5105 0.6788888888888889 0.508 0.6644444444444444 0.508 0.6366666666666667 0.514
0 0.6344444444444445 0.4525 0.6266666666666667 0.458 0.6255555555555555 0.471 0.63 0.4745 0.65 0.4805 0.6755555555555556 0.4805 0.6866666666666666 0.4785 0.69 0.4735 0.6888888888888889 0.4655 0.6844444444444444 0.459 0.6733333333333333 0.4545 0.6533333333333333 0.451 0.6388888888888888 0.451
0 0.7011111111111111 0.4775 0.6955555555555556 0.4775 0.6833333333333333 0.4815 0.6544444444444445 0.4815 0.6466666666666666 0.4845 0.6433333333333333 0.489 0.6444444444444445 0.4955 0.6511111111111111 0.5005 0.67 0.507 0.7011111111111111 0.5085 0.71 0.506 0.7211111111111111 0.505 0.7255555555555555 0.5025 0.7277777777777777 0.493 0.7177777777777777 0.484
0 0.7333333333333333 0.4415 0.7088888888888889 0.4445 0.7022222222222222 0.447 0.6933333333333334 0.4575 0.6922222222222222 0.468 0.6955555555555556 0.4715 0.7066666666666667 0.477 0.7211111111111111 0.48 0.7411111111111112 0.481 0.76 0.478 0.7655555555555555 0.4745 0.7677777777777778 0.47 0.7655555555555555 0.462 0.7588888888888888 0.4545 0.7433333333333333 0.443
0 0.8633333333333333 0.4225 0.8555555555555555 0.431 0.8466666666666667 0.434 0.8411111111111111 0.438 0.8355555555555556 0.447 0.8344444444444444 0.4555 0.8444444444444444 0.4645 0.8611111111111112 0.469 0.87 0.47 0.8977777777777778 0.4695 0.9066666666666666 0.466 0.9122222222222223 0.462 0.9111111111111111 0.444 0.9055555555555556 0.438 0.8933333333333333 0.4305 0.8888888888888888 0.4245 0.8755555555555555 0.4225
0 0.9255555555555556 0.4385 0.92 0.442 0.9133333333333333 0.451 0.9155555555555556 0.464 0.9244444444444444 0.4715 0.9411111111111111 0.4785 0.9555555555555556 0.479 0.9655555555555555 0.478 0.98 0.474 0.9888888888888889 0.47 0.9955555555555555 0.463 0.9933333333333333 0.456 0.9888888888888889 0.4525 0.9655555555555555 0.4435
0 0.8622222222222222 0.4735 0.8466666666666667 0.4815 0.8466666666666667 0.489 0.8544444444444445 0.496 0.8733333333333333 0.503 0.8877777777777778 0.5055 0.9177777777777778 0.506 0.9255555555555556 0.5025 0.9255555555555556 0.4895 0.9177777777777778 0.4785 0.9088888888888889 0.474 0.8955555555555555 0.4705 0.8811111111111111 0.4705
0 0.9877777777777778 0.4725 0.9611111111111111 0.4785 0.9422222222222222 0.479 0.9344444444444444 0.4815 0.9288888888888889 0.4855 0.9311111111111111 0.494 0.9477777777777778 0.5015 0.9744444444444444 0.508 0.9855555555555555 0.508 0.9955555555555555 0.5045 1.0 0.5045 1.0 0.4745
0 0.92 0.5065 0.9177777777777778 0.511 0.92 0.5235 0.9311111111111111 0.531 0.9477777777777778 0.533 0.98 0.5315 0.99 0.529 0.9966666666666667 0.5255 1.0 0.5255 1.0 0.5135 0.9966666666666667 0.5135 0.9877777777777778 0.51 0.9722222222222222 0.508 0.95 0.5025 0.9322222222222222 0.5025
0 0.8011111111111111 0.4605 0.7811111111111111 0.469 0.7711111111111111 0.4775 0.7688888888888888 0.4865 0.7733333333333333 0.49 0.7833333333333333 0.494 0.8022222222222222 0.4975 0.8144444444444444 0.498 0.8277777777777777 0.4945 0.8333333333333334 0.4915 0.8377777777777777 0.485 0.8377777777777777 0.4765 0.8344444444444444 0.4705 0.8222222222222222 0.462 0.8144444444444444 0.4595
0 0.7333333333333333 0.49 0.7277777777777777 0.497 0.7266666666666667 0.5025 0.7288888888888889 0.5065 0.7411111111111112 0.5115 0.7733333333333333 0.5135 0.7866666666666666 0.511 0.7988888888888889 0.511 0.8011111111111111 0.51 0.8055555555555556 0.503 0.8055555555555556 0.4985 0.7822222222222223 0.4935 0.7677777777777778 0.486 0.7488888888888889 0.4845 0.7377777777777778 0.4875
0 0.8444444444444444 0.4955 0.8266666666666667 0.495 0.8155555555555556 0.498 0.8055555555555556 0.504 0.8022222222222222 0.5085 0.8022222222222222 0.5135 0.8088888888888889 0.526 0.8155555555555556 0.53 0.84 0.53 0.8577777777777778 0.5255 0.8777777777777778 0.5165 0.8766666666666667 0.505
0 0.7155555555555555 0.519 0.7122222222222222 0.531 0.7133333333333334 0.538 0.7166666666666667 0.5415 0.7344444444444445 0.548 0.7522222222222222 0.5485 0.78 0.546 0.8011111111111111 0.5375 0.81 0.531 0.81 0.5285 0.8055555555555556 0.5255 0.7966666666666666 0.524 0.7766666666666666 0.5155 0.7622222222222222 0.513 0.7344444444444445 0.514 0.7233333333333334 0.516
0 0.7177777777777777 0.542 0.6966666666666667 0.544 0.6822222222222222 0.5505 0.6733333333333333 0.558 0.6733333333333333 0.5645 0.6833333333333333 0.57 0.7044444444444444 0.5755 0.7177777777777777 0.5755 0.7311111111111112 0.572 0.7522222222222222 0.561 0.7544444444444445 0.557 0.7522222222222222 0.5525 0.7355555555555555 0.55
0 0.6422222222222222 0.567 0.63 0.5725 0.6244444444444445 0.579 0.6244444444444445 0.5855 0.6333333333333333 0.5955 0.65 0.6025 0.6611111111111111 0.605 0.6755555555555556 0.6055 0.6833333333333333 0.6035 0.7033333333333334 0.604 0.7044444444444444 0.5955 0.71 0.5885 0.7077777777777777 0.5795 0.7044444444444444 0.5765 0.6822222222222222 0.5695 0.6733333333333333 0.565 0.6655555555555556 0.564 0.6533333333333333 0.5645
0 0.7866666666666666 0.565 0.7477777777777778 0.565 0.7177777777777777 0.577 0.7166666666666667 0.5805 0.7266666666666667 0.5935 0.7422222222222222 0.6005 0.7533333333333333 0.6035 0.7611111111111111 0.604 0.7744444444444445 0.599 0.7855555555555556 0.592 0.7933333333333333 0.5845 0.7944444444444444 0.572 0.7933333333333333 0.569
0 0.8511111111111112 0.5695 0.8355555555555556 0.567 0.8144444444444444 0.5665 0.7966666666666666 0.5705 0.7944444444444444 0.574 0.7955555555555556 0.583 0.8088888888888889 0.599 0.8122222222222222 0.6005 0.8222222222222222 0.6 0.8388888888888889 0.5955 0.86 0.586 0.8622222222222222 0.5835 0.8622222222222222 0.5765 0.8588888888888889 0.573
0 0.8188888888888889 0.532 0.8055555555555556 0.5355 0.7866666666666666 0.5465 0.7844444444444445 0.5565 0.7877777777777778 0.559 0.8122222222222222 0.5655 0.8477777777777777 0.5665 0.8644444444444445 0.561 0.8677777777777778 0.5535 0.8655555555555555 0.5455 0.8635555555555556 0.54425 0.86 0.5425 0.86 0.5405 0.8477777777777777 0.532 0.8377777777777777 0.531
0 0.8822222222222222 0.518 0.8722222222222222 0.5195 0.8611111111111112 0.524 0.8588888888888889 0.5375 0.87 0.5505 0.8822222222222222 0.5565 0.8933333333333333 0.557 0.9077777777777778 0.554 0.9277777777777778 0.5435 0.9288888888888889 0.532 0.92 0.525 0.9077777777777778 0.5215
0 0.9722222222222222 0.5525 0.9522222222222222 0.5445 0.9444444444444444 0.5435 0.9266666666666666 0.5445 0.9055555555555556 0.556 0.9022222222222223 0.5615 0.9088888888888889 0.5655 0.9366666666666666 0.5665 0.9577777777777777 0.565 0.9711111111111111 0.561 0.9733333333333334 0.5575
0 0.9 0.566 0.8866666666666667 0.568 0.8777777777777778 0.5725 0.8755555555555555 0.5755 0.8766666666666667 0.5875 0.8922222222222222 0.599 0.8988888888888888 0.601 0.9177777777777778 0.6015 0.9266666666666666 0.599 0.9411111111111111 0.592 0.9488888888888889 0.5845 0.9488888888888889 0.5785 0.9344444444444444 0.568 0.9266666666666666 0.5665
0 0.7633333333333333 0.604 0.76 0.6155 0.7644444444444445 0.6195 0.7933333333333333 0.6235 0.8233333333333334 0.6245 0.8344444444444444 0.621 0.8344444444444444 0.6135 0.8222222222222222 0.6085 0.7922222222222223 0.602 0.78 0.6005 0.7733333333333333 0.601
0 0.7322222222222222 0.6025 0.71 0.6015 0.7033333333333334 0.6045 0.6811111111111111 0.6045 0.6733333333333333 0.607 0.6688888888888889 0.6105 0.6655555555555556 0.6165 0.6711111111111111 0.625 0.6822222222222222 0.6305 0.7011111111111111 0.637 0.7155555555555555 0.637 0.73 0.634 0.7388888888888889 0.6305 0.7444444444444445 0.6255 0.7477777777777778 0.6195 0.7466666666666667 0.611 0.7444444444444445 0.6075
0 0.6222222222222222 0.6585 0.5977777777777777 0.656 0.5855555555555556 0.656 0.56 0.6615 0.5577777777777778 0.663 0.5577777777777778 0.6675 0.5733333333333334 0.678 0.5822222222222222 0.679 0.5944444444444444 0.6785 0.62 0.6685 0.63 0.6665 0.6266666666666667 0.661
